  0.00000e+00  0.00000e+00
  2.00000e-02  4.46545e-03
  4.00000e-02  3.90455e-03
  6.00000e-02  4.64303e-03
  8.00000e-02  5.36362e-03
  1.00000e-01  6.05879e-03
  1.20000e-01  6.73099e-03
  1.40000e-01  7.36215e-03
  1.60000e-01  7.92500e-03
  1.80000e-01  8.36499e-03
  2.00000e-01  8.70599e-03
  2.20000e-01  9.00756e-03
  2.40000e-01  9.02458e-03
  2.60000e-01  8.48718e-03
  2.80000e-01  7.28515e-03
  3.00000e-01  5.46232e-03
  3.20000e-01  3.81654e-03
  3.40000e-01  4.08175e-03
  3.60000e-01  9.21581e-03
  3.80000e-01  1.81353e-02
  4.00000e-01  2.06820e-02
  4.20000e-01  1.06564e-02
  4.40000e-01 -4.49211e-03
  4.60000e-01 -1.04228e-02
  4.80000e-01  4.19576e-03
  5.00000e-01  2.64339e-02
  5.20000e-01  2.99150e-02
  5.40000e-01  2.44500e-02
  5.60000e-01  3.95989e-02
  5.80000e-01  6.86703e-02
  6.00000e-01  8.34913e-02
  6.20000e-01  7.36508e-02
  6.40000e-01  4.78379e-02
  6.60000e-01  2.95311e-02
  6.80000e-01  3.45177e-02
  7.00000e-01  2.31446e-02
  7.20000e-01 -4.77480e-02
  7.40000e-01 -1.32017e-01
  7.60000e-01 -1.86719e-01
  7.80000e-01 -2.18644e-01
  8.00000e-01 -1.65848e-01
  8.20000e-01 -1.79550e-02
  8.40000e-01  7.28540e-02
  8.60000e-01  2.58605e-02
  8.80000e-01 -6.70560e-02
  9.00000e-01 -6.81265e-02
  9.20000e-01  6.77789e-02
  9.40000e-01  1.69559e-01
  9.60000e-01  2.30953e-02
  9.80000e-01 -2.53415e-01
  1.00000e+00 -2.87257e-01
  1.02000e+00 -2.65973e-02
  1.04000e+00  1.34930e-01
  1.06000e+00  7.41324e-03
  1.08000e+00 -1.22520e-01
  1.10000e+00 -4.04249e-02
  1.12000e+00  1.17679e-01
  1.14000e+00  1.51784e-01
  1.16000e+00  3.36885e-02
  1.18000e+00 -8.32946e-02
  1.20000e+00 -5.42816e-02
  1.22000e+00  4.90478e-02
  1.24000e+00  6.11778e-02
  1.26000e+00 -2.10860e-02
  1.28000e+00 -1.06385e-01
  1.30000e+00 -1.63970e-01
  1.32000e+00 -1.35888e-01
  1.34000e+00  4.73821e-02
  1.36000e+00  2.52603e-01
  1.38000e+00  2.46718e-01
  1.40000e+00 -2.18785e-02
  1.42000e+00 -3.47824e-01
  1.44000e+00 -3.82082e-01
  1.46000e+00 -1.08522e-01
  1.48000e+00  4.12385e-02
  1.50000e+00 -4.40540e-02
  1.52000e+00 -3.54072e-02
  1.54000e+00  1.08749e-01
  1.56000e+00  1.49944e-01
  1.58000e+00  5.64088e-02
  1.60000e+00 -2.96038e-02
  1.62000e+00 -5.09806e-02
  1.64000e+00 -1.49100e-02
  1.66000e+00  7.10759e-02
  1.68000e+00  8.75945e-02
  1.70000e+00 -3.48898e-02
  1.72000e+00 -1.01533e-01
  1.74000e+00  6.83137e-03
  1.76000e+00  9.05493e-02
  1.78000e+00  1.12764e-02
  1.80000e+00 -4.50860e-02
  1.82000e+00  1.37465e-02
  1.84000e+00 -4.72841e-02
  1.86000e+00 -2.06636e-01
  1.88000e+00 -1.58510e-01
  1.90000e+00  1.01989e-02
  1.92000e+00  5.57417e-02
  1.94000e+00  5.53695e-02
  1.96000e+00  1.02532e-01
  1.98000e+00  1.05124e-01
  2.00000e+00 -4.40472e-02
  2.02000e+00 -2.58647e-01
  2.04000e+00 -2.66991e-01
  2.06000e+00 -5.89208e-02
  2.08000e+00  5.60674e-02
  2.10000e+00  7.94244e-03
  2.12000e+00 -2.40920e-02
  2.14000e+00  3.46274e-02
  2.16000e+00  2.21073e-01
  2.18000e+00  4.62185e-01
  2.20000e+00  4.57990e-01
  2.22000e+00  1.09314e-01
  2.24000e+00 -2.63310e-01
  2.26000e+00 -3.16584e-01
  2.28000e+00 -3.83141e-02
  2.30000e+00  2.59653e-01
  2.32000e+00  2.69675e-01
  2.34000e+00  2.88534e-02
  2.36000e+00 -1.69210e-01
  2.38000e+00 -1.56387e-01
  2.40000e+00 -2.34403e-02
  2.42000e+00  1.31182e-01
  2.44000e+00  2.59402e-01
  2.46000e+00  2.13095e-01
  2.48000e+00  8.29742e-02
  2.50000e+00  2.81589e-01
  2.52000e+00  7.76478e-01
  2.54000e+00  1.06063e+00
  2.56000e+00  9.99953e-01
  2.58000e+00  8.76157e-01
  2.60000e+00  8.78041e-01
  2.62000e+00  1.02091e+00
  2.64000e+00  1.27059e+00
  2.66000e+00  1.58974e+00
  2.68000e+00  1.84405e+00
  2.70000e+00  1.82026e+00
  2.72000e+00  1.53275e+00
  2.74000e+00  1.13137e+00
  2.76000e+00  5.12471e-01
  2.78000e+00 -4.59095e-01
  2.80000e+00 -1.61428e+00
  2.82000e+00 -2.73057e+00
  2.84000e+00 -3.80771e+00
  2.86000e+00 -4.80893e+00
  2.88000e+00 -5.27749e+00
  2.90000e+00 -4.74736e+00
  2.92000e+00 -3.39243e+00
  2.94000e+00 -1.51724e+00
  2.96000e+00  8.26496e-01
  2.98000e+00  2.75022e+00
  3.00000e+00  2.70207e+00
  3.02000e+00  9.35073e-01
  3.04000e+00 -3.42681e-01
  3.06000e+00 -2.74494e-01
  3.08000e+00 -1.48262e-01
  3.10000e+00 -3.48868e-01
  3.12000e+00  1.73824e-01
  3.14000e+00  1.25439e+00
  3.16000e+00  1.73564e+00
  3.18000e+00  1.74911e+00
  3.20000e+00  2.00653e+00
  3.22000e+00  2.16168e+00
  3.24000e+00  1.57927e+00
  3.26000e+00  3.47761e-01
  3.28000e+00 -1.05631e+00
  3.30000e+00 -2.10651e+00
  3.32000e+00 -2.33637e+00
  3.34000e+00 -1.80326e+00
  3.36000e+00 -1.11123e+00
  3.38000e+00 -6.64246e-01
  3.40000e+00 -3.79603e-01
  3.42000e+00 -6.00110e-02
  3.44000e+00  4.27306e-01
  3.46000e+00  1.04253e+00
  3.48000e+00  1.41728e+00
  3.50000e+00  1.15422e+00
  3.52000e+00  3.54858e-01
  3.54000e+00 -3.78745e-01
  3.56000e+00 -5.36789e-01
  3.58000e+00 -1.65999e-01
  3.60000e+00  3.11091e-01
  3.62000e+00  5.19420e-01
  3.64000e+00  3.22415e-01
  3.66000e+00 -8.58870e-02
  3.68000e+00 -2.48551e-01
  3.70000e+00  1.15398e-02
  3.72000e+00  2.18592e-01
  3.74000e+00 -8.12395e-02
  3.76000e+00 -6.06196e-01
  3.78000e+00 -8.93312e-01
  3.80000e+00 -9.72332e-01
  3.82000e+00 -9.46599e-01
  3.84000e+00 -6.23811e-01
  3.86000e+00  8.29151e-02
  3.88000e+00  9.58956e-01
  3.90000e+00  1.69352e+00
  3.92000e+00  2.01772e+00
  3.94000e+00  1.91860e+00
  3.96000e+00  1.63983e+00
  3.98000e+00  1.25184e+00
  4.00000e+00  5.84027e-01
  4.02000e+00 -3.51999e-01
  4.04000e+00 -1.20270e+00
  4.06000e+00 -1.55553e+00
  4.08000e+00 -1.29044e+00
  4.10000e+00 -7.00630e-01
  4.12000e+00 -3.26655e-01
  4.14000e+00 -5.05733e-01
  4.16000e+00 -9.78783e-01
  4.18000e+00 -1.18258e+00
  4.20000e+00 -8.82886e-01
  4.22000e+00 -2.84482e-01
  4.24000e+00  2.97165e-01
  4.26000e+00  6.84904e-01
  4.28000e+00  8.55885e-01
  4.30000e+00  8.70884e-01
  4.32000e+00  8.39230e-01
  4.34000e+00  8.54107e-01
  4.36000e+00  9.60132e-01
  4.38000e+00  1.16877e+00
  4.40000e+00  1.35861e+00
  4.42000e+00  1.25084e+00
  4.44000e+00  6.73161e-01
  4.46000e+00 -2.09867e-01
  4.48000e+00 -9.99041e-01
  4.50000e+00 -1.36662e+00
  4.52000e+00 -1.30980e+00
  4.54000e+00 -1.11490e+00
  4.56000e+00 -1.00748e+00
  4.58000e+00 -9.33960e-01
  4.60000e+00 -7.92676e-01
  4.62000e+00 -6.26108e-01
  4.64000e+00 -4.42640e-01
  4.66000e+00 -2.13716e-01
  4.68000e+00 -4.20578e-02
  4.70000e+00  5.63672e-02
  4.72000e+00  2.53924e-01
  4.74000e+00  5.70387e-01
  4.76000e+00  8.70526e-01
  4.78000e+00  1.11725e+00
  4.80000e+00  1.27566e+00
  4.82000e+00  1.23231e+00
  4.84000e+00  9.62064e-01
  4.86000e+00  6.01807e-01
  4.88000e+00  3.11510e-01
  4.90000e+00  7.39905e-02
  4.92000e+00 -2.32922e-01
  4.94000e+00 -5.57868e-01
  4.96000e+00 -7.55624e-01
  4.98000e+00 -8.41114e-01
  5.00000e+00 -8.74132e-01
  5.02000e+00 -8.14507e-01
  5.04000e+00 -6.33345e-01
  5.06000e+00 -3.65006e-01
  5.08000e+00 -7.12441e-02
  5.10000e+00  1.63264e-01
  5.12000e+00  2.52140e-01
  5.14000e+00  1.76556e-01
  5.16000e+00  7.51891e-02
  5.18000e+00  1.24127e-01
  5.20000e+00  2.77179e-01
  5.22000e+00  3.53222e-01
  5.24000e+00  3.24049e-01
  5.26000e+00  2.96331e-01
  5.28000e+00  2.91143e-01
  5.30000e+00  1.91722e-01
  5.32000e+00 -7.91373e-02
  5.34000e+00 -4.22187e-01
  5.36000e+00 -6.49875e-01
  5.38000e+00 -6.84854e-01
  5.40000e+00 -6.60023e-01
  5.42000e+00 -7.24733e-01
  5.44000e+00 -8.07417e-01
  5.46000e+00 -7.58243e-01
  5.48000e+00 -5.82230e-01
  5.50000e+00 -4.04543e-01
  5.52000e+00 -2.85559e-01
  5.54000e+00 -1.15765e-01
  5.56000e+00  1.85300e-01
  5.58000e+00  4.94230e-01
  5.60000e+00  7.13001e-01
  5.62000e+00  9.04279e-01
  5.64000e+00  1.08087e+00
  5.66000e+00  1.11671e+00
  5.68000e+00  9.38963e-01
  5.70000e+00  6.67063e-01
  5.72000e+00  4.47567e-01
  5.74000e+00  2.99647e-01
  5.76000e+00  2.35690e-01
  5.78000e+00  2.95968e-01
  5.80000e+00  4.12426e-01
  5.82000e+00  4.30828e-01
  5.84000e+00  2.91099e-01
  5.86000e+00  9.82425e-02
  5.88000e+00 -6.37289e-02
  5.90000e+00 -2.62487e-01
  5.92000e+00 -5.38763e-01
  5.94000e+00 -8.09482e-01
  5.96000e+00 -9.80885e-01
  5.98000e+00 -9.88832e-01
  6.00000e+00 -8.38472e-01
  6.02000e+00 -6.48918e-01
  6.04000e+00 -5.28618e-01
  6.06000e+00 -4.47708e-01
  6.08000e+00 -2.94199e-01
  6.10000e+00 -3.75784e-02
  6.12000e+00  1.70813e-01
  6.14000e+00  1.64931e-01
  6.16000e+00  2.87918e-02
  6.18000e+00 -2.49693e-02
  6.20000e+00  3.85686e-02
  6.22000e+00  1.13273e-01
  6.24000e+00  1.35075e-01
  6.26000e+00  1.24108e-01
  6.28000e+00  1.66403e-01
  6.30000e+00  3.26871e-01
  6.32000e+00  5.54333e-01
  6.34000e+00  7.27571e-01
  6.36000e+00  7.61383e-01
  6.38000e+00  6.50141e-01
  6.40000e+00  4.71252e-01
  6.42000e+00  3.40540e-01
  6.44000e+00  2.97699e-01
  6.46000e+00  2.76412e-01
  6.48000e+00  2.15304e-01
  6.50000e+00  1.17981e-01
  6.52000e+00  2.52316e-02
  6.54000e+00 -3.57747e-02
  6.56000e+00 -1.06310e-01
  6.58000e+00 -2.32055e-01
  6.60000e+00 -3.58640e-01
  6.62000e+00 -4.11759e-01
  6.64000e+00 -4.20363e-01
  6.66000e+00 -4.56370e-01
  6.68000e+00 -5.23898e-01
  6.70000e+00 -5.98871e-01
  6.72000e+00 -6.95867e-01
  6.74000e+00 -8.05667e-01
  6.76000e+00 -8.64491e-01
  6.78000e+00 -8.39641e-01
  6.80000e+00 -7.56993e-01
  6.82000e+00 -6.24204e-01
  6.84000e+00 -3.99778e-01
  6.86000e+00 -6.94306e-02
  6.88000e+00  2.96826e-01
  6.90000e+00  5.79044e-01
  6.92000e+00  7.15470e-01
  6.94000e+00  7.93305e-01
  6.96000e+00  9.18270e-01
  6.98000e+00  1.03359e+00
  7.00000e+00  1.02473e+00
  7.02000e+00  8.97305e-01
  7.04000e+00  7.25329e-01
  7.06000e+00  4.98083e-01
  7.08000e+00  1.80355e-01
  7.10000e+00 -1.10521e-01
  7.12000e+00 -2.41147e-01
  7.14000e+00 -2.68835e-01
  7.16000e+00 -3.01844e-01
  7.18000e+00 -3.39208e-01
  7.20000e+00 -3.17832e-01
  7.22000e+00 -2.15749e-01
  7.24000e+00 -9.43141e-02
  7.26000e+00  6.34073e-04
  7.28000e+00  1.00789e-01
  7.30000e+00  2.04951e-01
  7.32000e+00  2.37219e-01
  7.34000e+00  1.48337e-01
  7.36000e+00 -3.05223e-02
  7.38000e+00 -2.10412e-01
  7.40000e+00 -3.11593e-01
  7.42000e+00 -3.54195e-01
  7.44000e+00 -4.03774e-01
  7.46000e+00 -4.51917e-01
  7.48000e+00 -4.85613e-01
  7.50000e+00 -5.25481e-01
  7.52000e+00 -5.40783e-01
  7.54000e+00 -5.24143e-01
  7.56000e+00 -5.23947e-01
  7.58000e+00 -5.20009e-01
  7.60000e+00 -4.79394e-01
  7.62000e+00 -4.25495e-01
  7.64000e+00 -3.43342e-01
  7.66000e+00 -2.13887e-01
  7.68000e+00 -7.25357e-02
  7.70000e+00  7.77534e-02
  7.72000e+00  2.52676e-01
  7.74000e+00  4.21917e-01
  7.76000e+00  5.64135e-01
  7.78000e+00  6.83109e-01
  7.80000e+00  7.62838e-01
  7.82000e+00  7.78139e-01
  7.84000e+00  7.50437e-01
  7.86000e+00  7.59761e-01
  7.88000e+00  8.18507e-01
  7.90000e+00  8.19521e-01
  7.92000e+00  7.30181e-01
  7.94000e+00  6.45592e-01
  7.96000e+00  5.87871e-01
  7.98000e+00  4.69871e-01
  8.00000e+00  2.37148e-01
  8.02000e+00 -8.08657e-02
  8.04000e+00 -3.94266e-01
  8.06000e+00 -6.04151e-01
  8.08000e+00 -6.81112e-01
  8.10000e+00 -6.58919e-01
  8.12000e+00 -5.76643e-01
  8.14000e+00 -4.77609e-01
  8.16000e+00 -3.90675e-01
  8.18000e+00 -3.07217e-01
  8.20000e+00 -2.18798e-01
  8.22000e+00 -1.34577e-01
  8.24000e+00 -7.76900e-02
  8.26000e+00 -6.54904e-02
  8.28000e+00 -6.77766e-02
  8.30000e+00 -5.78853e-02
  8.32000e+00 -6.82632e-02
  8.34000e+00 -1.10416e-01
  8.36000e+00 -1.49516e-01
  8.38000e+00 -1.82886e-01
  8.40000e+00 -2.15409e-01
  8.42000e+00 -2.12020e-01
  8.44000e+00 -1.57607e-01
  8.46000e+00 -8.05552e-02
  8.48000e+00 -1.49201e-02
  8.50000e+00  6.90538e-03
  8.52000e+00 -2.05926e-02
  8.54000e+00 -3.82723e-02
  8.56000e+00  1.72793e-02
  8.58000e+00  1.14351e-01
  8.60000e+00  1.84006e-01
  8.62000e+00  2.45490e-01
  8.64000e+00  3.45818e-01
  8.66000e+00  4.43405e-01
  8.68000e+00  4.67163e-01
  8.70000e+00  4.19010e-01
  8.72000e+00  3.43819e-01
  8.74000e+00  2.54853e-01
  8.76000e+00  1.48813e-01
  8.78000e+00  4.29176e-02
  8.80000e+00 -5.31138e-02
  8.82000e+00 -1.44798e-01
  8.84000e+00 -2.16576e-01
  8.86000e+00 -2.49110e-01
  8.88000e+00 -2.57596e-01
  8.90000e+00 -2.57758e-01
  8.92000e+00 -2.32799e-01
  8.94000e+00 -1.70853e-01
  8.96000e+00 -8.27211e-02
  8.98000e+00  1.21141e-02
  9.00000e+00  7.95030e-02
  9.02000e+00  9.38559e-02
  9.04000e+00  5.85303e-02
  9.06000e+00 -2.87929e-02
  9.08000e+00 -1.72026e-01
  9.10000e+00 -3.36977e-01
  9.12000e+00 -4.67872e-01
  9.14000e+00 -5.18694e-01
  9.16000e+00 -4.64143e-01
  9.18000e+00 -3.16325e-01
  9.20000e+00 -1.23162e-01
  9.22000e+00  5.49017e-02
  9.24000e+00  1.76186e-01
  9.26000e+00  2.44125e-01
  9.28000e+00  2.83196e-01
  9.30000e+00  3.08243e-01
  9.32000e+00  3.32242e-01
  9.34000e+00  3.62679e-01
  9.36000e+00  4.05354e-01
  9.38000e+00  4.56306e-01
  9.40000e+00  4.62210e-01
  9.42000e+00  3.82493e-01
  9.44000e+00  2.78473e-01
  9.46000e+00  2.36524e-01
  9.48000e+00  2.47716e-01
  9.50000e+00  2.27533e-01
  9.52000e+00  1.41995e-01
  9.54000e+00  5.55338e-02
  9.56000e+00  1.28657e-02
  9.58000e+00 -3.24356e-02
  9.60000e+00 -1.17757e-01
  9.62000e+00 -2.04437e-01
  9.64000e+00 -2.43602e-01
  9.66000e+00 -2.32041e-01
  9.68000e+00 -1.88507e-01
  9.70000e+00 -1.21457e-01
  9.72000e+00 -3.50344e-02
  9.74000e+00  4.47884e-02
  9.76000e+00  6.87079e-02
  9.78000e+00  1.63298e-02
  9.80000e+00 -6.11313e-02
  9.82000e+00 -9.59220e-02
  9.84000e+00 -9.08478e-02
  9.86000e+00 -9.78460e-02
  9.88000e+00 -1.36018e-01
  9.90000e+00 -1.90888e-01
  9.92000e+00 -2.52338e-01
  9.94000e+00 -3.09281e-01
  9.96000e+00 -3.46649e-01
  9.98000e+00 -3.55498e-01
  1.00000e+01 -3.31168e-01
  1.00200e+01 -2.79394e-01
  1.00400e+01 -2.18785e-01
  1.00600e+01 -1.65137e-01
  1.00800e+01 -1.24242e-01
  1.01000e+01 -9.53038e-02
  1.01200e+01 -6.37743e-02
  1.01400e+01 -4.98901e-03
  1.01600e+01  7.61254e-02
  1.01800e+01  1.42803e-01
  1.02000e+01  1.90145e-01
  1.02200e+01  2.40617e-01
  1.02400e+01  2.76817e-01
  1.02600e+01  2.70450e-01
  1.02800e+01  2.39936e-01
  1.03000e+01  2.09119e-01
  1.03200e+01  1.78199e-01
  1.03400e+01  1.56730e-01
  1.03600e+01  1.48245e-01
  1.03800e+01  1.28131e-01
  1.04000e+01  9.01170e-02
  1.04200e+01  6.07639e-02
  1.04400e+01  4.87076e-02
  1.04600e+01  3.71881e-02
  1.04800e+01  2.62579e-02
  1.05000e+01  2.42283e-02
  1.05200e+01  4.58522e-03
  1.05400e+01 -5.74127e-02
  1.05600e+01 -1.27317e-01
  1.05800e+01 -1.57847e-01
  1.06000e+01 -1.41207e-01
  1.06200e+01 -9.42498e-02
  1.06400e+01 -5.08606e-02
  1.06600e+01 -3.11621e-02
  1.06800e+01 -4.13375e-03
  1.07000e+01  4.45420e-02
  1.07200e+01  6.09187e-02
  1.07400e+01  2.81445e-02
  1.07600e+01  1.34904e-02
  1.07800e+01  2.97952e-02
  1.08000e+01  1.01212e-02
  1.08200e+01 -4.90774e-02
  1.08400e+01 -9.39724e-02
  1.08600e+01 -1.09884e-01
  1.08800e+01 -1.01338e-01
  1.09000e+01 -7.73734e-02
  1.09200e+01 -6.27774e-02
  1.09400e+01 -5.36412e-02
  1.09600e+01 -2.13528e-02
  1.09800e+01  3.37305e-02
  1.10000e+01  9.31469e-02
  1.10200e+01  1.56763e-01
  1.10400e+01  2.19505e-01
  1.10600e+01  2.36040e-01
  1.10800e+01  1.84270e-01
  1.11000e+01  1.31295e-01
  1.11200e+01  1.19753e-01
  1.11400e+01  8.32018e-02
  1.11600e+01 -1.26043e-02
  1.11800e+01 -1.02073e-01
  1.12000e+01 -1.46018e-01
  1.12200e+01 -1.77709e-01
  1.12400e+01 -2.10075e-01
  1.12600e+01 -1.91469e-01
  1.12800e+01 -1.00519e-01
  1.13000e+01 -1.05156e-02
  1.13200e+01  1.83472e-02
  1.13400e+01  1.95318e-02
  1.13600e+01  3.87137e-02
  1.13800e+01  5.58183e-02
  1.14000e+01  2.65346e-02
  1.14200e+01 -4.21629e-02
  1.14400e+01 -9.80300e-02
  1.14600e+01 -9.12053e-02
  1.14800e+01 -4.92116e-03
  1.15000e+01  1.15118e-01
  1.15200e+01  2.02626e-01
  1.15400e+01  2.54001e-01
  1.15600e+01  2.91647e-01
  1.15800e+01  2.92329e-01
  1.16000e+01  2.34912e-01
  1.16200e+01  1.52613e-01
  1.16400e+01  8.81242e-02
  1.16600e+01  3.91062e-02
  1.16800e+01 -3.21085e-02
  1.17000e+01 -1.32894e-01
  1.17200e+01 -2.17263e-01
  1.17400e+01 -2.57865e-01
  1.17600e+01 -2.81049e-01
  1.17800e+01 -3.15252e-01
  1.18000e+01 -3.53297e-01
  1.18200e+01 -3.73111e-01
  1.18400e+01 -3.80545e-01
  1.18600e+01 -3.79118e-01
  1.18800e+01 -3.25519e-01
  1.19000e+01 -2.12336e-01
  1.19200e+01 -1.09164e-01
  1.19400e+01 -5.75345e-02
  1.19600e+01 -3.99564e-02
  1.19800e+01 -3.51366e-02
  1.20000e+01 -2.29654e-02
  1.20200e+01  6.55897e-03
  1.20400e+01  3.38786e-02
  1.20600e+01  4.37229e-02
  1.20800e+01  5.20014e-02
  1.21000e+01  7.70843e-02
  1.21200e+01  1.15731e-01
  1.21400e+01  1.66316e-01
  1.21600e+01  2.42057e-01
  1.21800e+01  3.31448e-01
  1.22000e+01  3.85075e-01
  1.22200e+01  3.65696e-01
  1.22400e+01  2.79175e-01
  1.22600e+01  1.57801e-01
  1.22800e+01  4.53326e-02
  1.23000e+01 -6.60307e-03
  1.23200e+01  2.70941e-02
  1.23400e+01  1.09639e-01
  1.23600e+01  1.81381e-01
  1.23800e+01  2.11269e-01
  1.24000e+01  1.84990e-01
  1.24200e+01  9.26076e-02
  1.24400e+01 -4.58634e-02
  1.24600e+01 -1.82839e-01
  1.24800e+01 -2.90402e-01
  1.25000e+01 -3.57874e-01
  1.25200e+01 -3.51167e-01
  1.25400e+01 -2.43418e-01
  1.25600e+01 -6.08032e-02
  1.25800e+01  1.34994e-01
  1.26000e+01  2.84548e-01
  1.26200e+01  3.63467e-01
  1.26400e+01  3.84476e-01
  1.26600e+01  3.50310e-01
  1.26800e+01  2.38464e-01
  1.27000e+01  6.69206e-02
  1.27200e+01 -8.65978e-02
  1.27400e+01 -1.64199e-01
  1.27600e+01 -1.58567e-01
  1.27800e+01 -9.69961e-02
  1.28000e+01 -3.78469e-02
  1.28200e+01 -8.10700e-03
  1.28400e+01  1.94594e-02
  1.28600e+01  4.30940e-02
  1.28800e+01  2.80665e-02
  1.29000e+01 -2.09562e-02
  1.29200e+01 -7.87596e-02
  1.29400e+01 -1.43814e-01
  1.29600e+01 -2.03345e-01
  1.29800e+01 -2.25328e-01
  1.30000e+01 -2.07113e-01
  1.30200e+01 -1.67674e-01
  1.30400e+01 -1.17735e-01
  1.30600e+01 -7.51603e-02
  1.30800e+01 -6.02342e-02
  1.31000e+01 -5.53760e-02
  1.31200e+01 -1.67379e-02
  1.31400e+01  6.44344e-02
  1.31600e+01  1.61727e-01
  1.31800e+01  2.48437e-01
  1.32000e+01  2.87884e-01
  1.32200e+01  2.51960e-01
  1.32400e+01  1.58984e-01
  1.32600e+01  4.89734e-02
  1.32800e+01 -4.91070e-02
  1.33000e+01 -1.17373e-01
  1.33200e+01 -1.49174e-01
  1.33400e+01 -1.59057e-01
  1.33600e+01 -1.67588e-01
  1.33800e+01 -1.61820e-01
  1.34000e+01 -1.19028e-01
  1.34200e+01 -6.00534e-02
  1.34400e+01 -1.42467e-02
  1.34600e+01  2.87602e-02
  1.34800e+01  8.00818e-02
  1.35000e+01  1.06663e-01
  1.35200e+01  7.58210e-02
  1.35400e+01  2.42046e-02
  1.35600e+01  1.34621e-02
  1.35800e+01  3.90790e-02
  1.36000e+01  6.17747e-02
  1.36200e+01  6.71218e-02
  1.36400e+01  3.86884e-02
  1.36600e+01 -3.22461e-02
  1.36800e+01 -1.10493e-01
  1.37000e+01 -1.60409e-01
  1.37200e+01 -1.68003e-01
  1.37400e+01 -1.15996e-01
  1.37600e+01 -1.13174e-02
  1.37800e+01  9.58187e-02
  1.38000e+01  1.58029e-01
  1.38200e+01  1.58077e-01
  1.38400e+01  9.44494e-02
  1.38600e+01 -1.67398e-02
  1.38800e+01 -1.32364e-01
  1.39000e+01 -2.05888e-01
  1.39200e+01 -2.18051e-01
  1.39400e+01 -1.77457e-01
  1.39600e+01 -1.00317e-01
  1.39800e+01 -2.95971e-05
  1.40000e+01  9.68497e-02
  1.40200e+01  1.46055e-01
  1.40400e+01  1.29551e-01
  1.40600e+01  7.95731e-02
  1.40800e+01  3.38709e-02
  1.41000e+01  8.86520e-03
  1.41200e+01  1.15153e-02
  1.41400e+01  3.42323e-02
  1.41600e+01  6.07422e-02
  1.41800e+01  7.85400e-02
  1.42000e+01  8.23616e-02
  1.42200e+01  8.64010e-02
  1.42400e+01  9.15045e-02
  1.42600e+01  6.45356e-02
  1.42800e+01  6.14810e-03
  1.43000e+01 -4.23565e-02
  1.43200e+01 -6.74060e-02
  1.43400e+01 -7.87344e-02
  1.43600e+01 -8.40282e-02
  1.43800e+01 -9.24571e-02
  1.44000e+01 -9.84166e-02
  1.44200e+01 -8.46520e-02
  1.44400e+01 -4.35909e-02
  1.44600e+01  2.52468e-02
  1.44800e+01  1.07268e-01
  1.45000e+01  1.63916e-01
  1.45200e+01  1.68254e-01
  1.45400e+01  1.38213e-01
  1.45600e+01  1.02674e-01
  1.45800e+01  6.23744e-02
  1.46000e+01  2.21202e-02
  1.46200e+01  4.93389e-03
  1.46400e+01  5.93812e-03
  1.46600e+01  1.69160e-03
  1.46800e+01 -4.65537e-04
  1.47000e+01  2.09796e-02
  1.47200e+01  5.88449e-02
  1.47400e+01  8.75656e-02
  1.47600e+01  9.70333e-02
  1.47800e+01  8.91408e-02
  1.48000e+01  6.58384e-02
  1.48200e+01  3.37226e-02
  1.48400e+01 -5.19509e-03
  1.48600e+01 -4.70854e-02
  1.48800e+01 -7.10453e-02
  1.49000e+01 -6.69159e-02
  1.49200e+01 -5.15340e-02
  1.49400e+01 -4.34240e-02
  1.49600e+01 -4.99138e-02
  1.49800e+01 -6.97050e-02
  1.50000e+01 -9.05227e-02
  1.50200e+01 -9.61830e-02
  1.50400e+01 -8.32140e-02
  1.50600e+01 -6.19802e-02
  1.50800e+01 -4.64047e-02
  1.51000e+01 -4.65092e-02
  1.51200e+01 -6.72573e-02
  1.51400e+01 -1.17306e-01
  1.51600e+01 -1.97407e-01
  1.51800e+01 -2.76920e-01
  1.52000e+01 -3.19152e-01
  1.52200e+01 -3.27808e-01
  1.52400e+01 -3.31831e-01
  1.52600e+01 -3.21140e-01
  1.52800e+01 -2.53681e-01
  1.53000e+01 -1.41110e-01
  1.53200e+01 -4.01644e-02
  1.53400e+01  3.49843e-02
  1.53600e+01  9.82805e-02
  1.53800e+01  1.41352e-01
  1.54000e+01  1.65499e-01
  1.54200e+01  1.97437e-01
  1.54400e+01  2.46919e-01
  1.54600e+01  2.92929e-01
  1.54800e+01  3.09831e-01
  1.55000e+01  2.88705e-01
  1.55200e+01  2.37474e-01
  1.55400e+01  1.73247e-01
  1.55600e+01  1.12446e-01
  1.55800e+01  5.56709e-02
  1.56000e+01 -2.88632e-03
  1.56200e+01 -6.10596e-02
  1.56400e+01 -1.22370e-01
  1.56600e+01 -1.79441e-01
  1.56800e+01 -1.95282e-01
  1.57000e+01 -1.57923e-01
  1.57200e+01 -1.14065e-01
  1.57400e+01 -1.02091e-01
  1.57600e+01 -9.02938e-02
  1.57800e+01 -3.66032e-02
  1.58000e+01  2.85935e-02
  1.58200e+01  6.05332e-02
  1.58400e+01  7.64588e-02
  1.58600e+01  9.67522e-02
  1.58800e+01  1.01296e-01
  1.59000e+01  8.19220e-02
  1.59200e+01  5.78548e-02
  1.59400e+01  4.41478e-02
  1.59600e+01  4.47885e-02
  1.59800e+01  5.67029e-02
  1.60000e+01  7.53525e-02
  1.60200e+01  1.02804e-01
  1.60400e+01  1.45296e-01
  1.60600e+01  1.98971e-01
  1.60800e+01  2.32410e-01
  1.61000e+01  2.17711e-01
  1.61200e+01  1.76704e-01
  1.61400e+01  1.33826e-01
  1.61600e+01  6.99842e-02
  1.61800e+01 -2.25256e-02
  1.62000e+01 -1.14074e-01
  1.62200e+01 -1.86132e-01
  1.62400e+01 -2.40565e-01
  1.62600e+01 -2.58555e-01
  1.62800e+01 -2.07005e-01
  1.63000e+01 -1.00226e-01
  1.63200e+01 -3.54139e-03
  1.63400e+01  3.96161e-02
  1.63600e+01  4.38557e-02
  1.63800e+01  3.99620e-02
  1.64000e+01  2.90133e-02
  1.64200e+01 -3.23768e-03
  1.64400e+01 -4.60465e-02
  1.64600e+01 -6.91004e-02
  1.64800e+01 -6.04342e-02
  1.65000e+01 -3.32913e-02
  1.65200e+01  1.69698e-03
  1.65400e+01  5.05582e-02
  1.65600e+01  1.15103e-01
  1.65800e+01  1.74138e-01
  1.66000e+01  2.01183e-01
  1.66200e+01  1.83743e-01
  1.66400e+01  1.18812e-01
  1.66600e+01  2.39229e-02
  1.66800e+01 -5.57916e-02
  1.67000e+01 -9.03903e-02
  1.67200e+01 -9.56453e-02
  1.67400e+01 -9.68920e-02
  1.67600e+01 -8.44992e-02
  1.67800e+01 -3.26149e-02
  1.68000e+01  4.71649e-02
  1.68200e+01  1.10554e-01
  1.68400e+01  1.34842e-01
  1.68600e+01  1.26335e-01
  1.68800e+01  8.36265e-02
  1.69000e+01  2.83192e-03
  1.69200e+01 -8.46038e-02
  1.69400e+01 -1.34308e-01
  1.69600e+01 -1.39936e-01
  1.69800e+01 -1.15714e-01
  1.70000e+01 -7.02443e-02
  1.70200e+01 -3.05778e-02
  1.70400e+01 -2.80068e-02
  1.70600e+01 -4.86829e-02
  1.70800e+01 -6.21993e-02
  1.71000e+01 -7.28074e-02
  1.71200e+01 -8.31648e-02
  1.71400e+01 -6.70963e-02
  1.71600e+01 -2.38509e-02
  1.71800e+01  9.35225e-03
  1.72000e+01  2.01770e-02
  1.72200e+01  3.57942e-02
  1.72400e+01  6.89731e-02
  1.72600e+01  9.79887e-02
  1.72800e+01  1.02455e-01
  1.73000e+01  8.61631e-02
  1.73200e+01  6.17172e-02
  1.73400e+01  3.32835e-02
  1.73600e+01  1.29391e-03
  1.73800e+01 -3.18574e-02
  1.74000e+01 -5.94807e-02
  1.74200e+01 -6.23842e-02
  1.74400e+01 -2.88878e-02
  1.74600e+01  1.94346e-02
  1.74800e+01  5.62729e-02
  1.75000e+01  7.77906e-02
  1.75200e+01  8.48106e-02
  1.75400e+01  7.95509e-02
  1.75600e+01  6.83271e-02
  1.75800e+01  4.10284e-02
  1.76000e+01 -7.84552e-03
  1.76200e+01 -5.00489e-02
  1.76400e+01 -6.85853e-02
  1.76600e+01 -7.62046e-02
  1.76800e+01 -7.07089e-02
  1.77000e+01 -4.48596e-02
  1.77200e+01 -2.04285e-02
  1.77400e+01 -2.21178e-02
  1.77600e+01 -4.18506e-02
  1.77800e+01 -5.39937e-02
  1.78000e+01 -5.55021e-02
  1.78200e+01 -6.25662e-02
  1.78400e+01 -7.34115e-02
  1.78600e+01 -6.98734e-02
  1.78800e+01 -4.88628e-02
  1.79000e+01 -2.47298e-02
  1.79200e+01 -3.60680e-03
  1.79400e+01  2.01854e-02
  1.79600e+01  4.19844e-02
  1.79800e+01  5.46707e-02
  1.80000e+01  6.98806e-02
  1.80200e+01  9.13385e-02
  1.80400e+01  9.62887e-02
  1.80600e+01  7.79512e-02
  1.80800e+01  6.64004e-02
  1.81000e+01  8.98478e-02
  1.81200e+01  1.38085e-01
  1.81400e+01  1.69646e-01
  1.81600e+01  1.62937e-01
  1.81800e+01  1.37750e-01
  1.82000e+01  1.02632e-01
  1.82200e+01  3.32101e-02
  1.82400e+01 -7.11532e-02
  1.82600e+01 -1.60160e-01
  1.82800e+01 -1.92990e-01
  1.83000e+01 -1.91054e-01
  1.83200e+01 -1.89934e-01
  1.83400e+01 -1.82617e-01
  1.83600e+01 -1.54694e-01
  1.83800e+01 -1.21219e-01
  1.84000e+01 -9.72855e-02
  1.84200e+01 -7.40717e-02
  1.84400e+01 -4.16428e-02
  1.84600e+01 -1.20783e-02
  1.84800e+01 -1.76049e-03
  1.85000e+01 -9.04365e-03
  1.85200e+01 -2.56956e-02
  1.85400e+01 -4.22902e-02
  1.85600e+01 -4.51975e-02
  1.85800e+01 -3.56494e-02
  1.86000e+01 -2.22467e-02
  1.86200e+01 -2.55008e-04
  1.86400e+01  2.43649e-02
  1.86600e+01  3.20351e-02
  1.86800e+01  2.15019e-02
  1.87000e+01  3.67753e-03
  1.87200e+01 -1.43867e-02
  1.87400e+01 -2.15079e-02
  1.87600e+01 -9.39135e-03
  1.87800e+01  7.15230e-03
  1.88000e+01  4.63893e-03
  1.88200e+01 -1.35059e-02
  1.88400e+01 -2.08318e-02
  1.88600e+01 -5.61117e-03
  1.88800e+01  1.12788e-02
  1.89000e+01  5.32328e-03
  1.89200e+01 -1.44109e-02
  1.89400e+01 -2.19557e-02
  1.89600e+01 -1.04364e-02
  1.89800e+01  8.57426e-03
  1.90000e+01  2.07678e-02
  1.90200e+01  2.23170e-02
  1.90400e+01  2.11790e-02
  1.90600e+01  2.45400e-02
  1.90800e+01  3.67560e-02
  1.91000e+01  5.74520e-02
  1.91200e+01  7.28916e-02
  1.91400e+01  7.10032e-02
  1.91600e+01  6.03597e-02
  1.91800e+01  4.63333e-02
  1.92000e+01  1.05615e-02
  1.92200e+01 -4.99273e-02
  1.92400e+01 -1.00495e-01
  1.92600e+01 -1.13400e-01
  1.92800e+01 -9.46929e-02
  1.93000e+01 -6.41921e-02
  1.93200e+01 -3.86765e-02
  1.93400e+01 -2.65504e-02
  1.93600e+01 -2.33479e-02
  1.93800e+01 -1.65393e-02
  1.94000e+01 -1.66635e-03
  1.94200e+01  1.38910e-02
  1.94400e+01  2.94031e-02
  1.94600e+01  5.22917e-02
  1.94800e+01  7.51561e-02
  1.95000e+01  8.25067e-02
  1.95200e+01  7.83095e-02
  1.95400e+01  7.48258e-02
  1.95600e+01  6.84857e-02
  1.95800e+01  4.95570e-02
  1.96000e+01  2.34048e-02
  1.96200e+01  1.07047e-02
  1.96400e+01  1.93216e-02
  1.96600e+01  2.93517e-02
  1.96800e+01  2.35855e-02
  1.97000e+01  5.98357e-03
  1.97200e+01 -1.26752e-02
  1.97400e+01 -2.01311e-02
  1.97600e+01 -1.10368e-02
  1.97800e+01  1.73076e-03
  1.98000e+01  3.16081e-03
  1.98200e+01 -4.44550e-03
  1.98400e+01 -7.37265e-03
  1.98600e+01  3.41143e-03
  1.98800e+01  2.85214e-02
  1.99000e+01  6.34954e-02
  1.99200e+01  1.01771e-01
  1.99400e+01  1.18155e-01
  1.99600e+01  1.02183e-01
  1.99800e+01  7.27726e-02
  2.00000e+01  4.05302e-02
  2.00200e+01  4.22829e-03
  2.00400e+01 -3.60597e-02
  2.00600e+01 -6.13412e-02
  2.00800e+01 -6.18072e-02
  2.01000e+01 -5.14505e-02
  2.01200e+01 -3.03810e-02
  2.01400e+01  4.00506e-03
  2.01600e+01  2.85817e-02
  2.01800e+01  2.84754e-02
  2.02000e+01  1.07214e-02
  2.02200e+01 -1.55520e-02
  2.02400e+01 -4.01761e-02
  2.02600e+01 -5.51282e-02
  2.02800e+01 -5.78567e-02
  2.03000e+01 -4.91055e-02
  2.03200e+01 -3.32686e-02
  2.03400e+01 -1.34129e-02
  2.03600e+01  7.08059e-03
  2.03800e+01  2.03015e-02
  2.04000e+01  2.31106e-02
  2.04200e+01  2.16957e-02
  2.04400e+01  2.10028e-02
  2.04600e+01  1.93663e-02
  2.04800e+01  1.46838e-02
  2.05000e+01  6.68931e-03
  2.05200e+01 -4.25612e-03
  2.05400e+01 -1.50105e-02
  2.05600e+01 -2.17242e-02
  2.05800e+01 -2.41481e-02
  2.06000e+01 -2.39359e-02
  2.06200e+01 -2.20891e-02
  2.06400e+01 -1.94030e-02
  2.06600e+01 -1.64696e-02
  2.06800e+01 -1.33260e-02
  2.07000e+01 -1.00972e-02
  2.07200e+01 -7.22898e-03
  2.07400e+01 -5.01485e-03
  2.07600e+01 -3.43119e-03
  2.07800e+01 -2.35434e-03
  2.08000e+01 -1.72471e-03
  2.08200e+01 -1.42087e-03
  2.08400e+01 -1.20736e-03
  2.08600e+01 -9.62373e-04
  2.08800e+01 -6.92883e-04
  2.09000e+01 -4.25435e-04
  2.09200e+01 -1.95533e-04
  2.09400e+01 -2.24298e-05
  2.09600e+01  8.24121e-05
  2.09800e+01  1.26498e-04
