  0.00000e+00  0.00000e+00
  2.00000e-02  6.28648e-05
  4.00000e-02 -1.38464e-04
  6.00000e-02 -2.95427e-04
  8.00000e-02 -4.60502e-04
  1.00000e-01 -6.34003e-04
  1.20000e-01 -8.14452e-04
  1.40000e-01 -1.00185e-03
  1.60000e-01 -1.19885e-03
  1.80000e-01 -1.40516e-03
  2.00000e-01 -1.61094e-03
  2.20000e-01 -1.80977e-03
  2.40000e-01 -2.01685e-03
  2.60000e-01 -2.25975e-03
  2.80000e-01 -2.53773e-03
  3.00000e-01 -2.82892e-03
  3.20000e-01 -3.14191e-03
  3.40000e-01 -3.49410e-03
  3.60000e-01 -3.85341e-03
  3.80000e-01 -4.11943e-03
  4.00000e-01 -4.27430e-03
  4.20000e-01 -4.51775e-03
  4.40000e-01 -4.82007e-03
  4.60000e-01 -4.89891e-03
  4.80000e-01 -5.02862e-03
  5.00000e-01 -5.50116e-03
  5.20000e-01 -5.91485e-03
  5.40000e-01 -5.95171e-03
  5.60000e-01 -5.95097e-03
  5.80000e-01 -7.47579e-03
  6.00000e-01 -1.11918e-02
  6.20000e-01 -1.40830e-02
  6.40000e-01 -1.34988e-02
  6.60000e-01 -1.03070e-02
  6.80000e-01 -7.23100e-03
  7.00000e-01 -6.49604e-03
  7.20000e-01 -6.19562e-03
  7.40000e-01 -5.45111e-03
  7.60000e-01 -7.79553e-03
  7.80000e-01 -1.12049e-02
  8.00000e-01 -1.19968e-02
  8.20000e-01 -1.27925e-02
  8.40000e-01 -1.39986e-02
  8.60000e-01 -1.46932e-02
  8.80000e-01 -1.55885e-02
  9.00000e-01 -1.22969e-02
  9.20000e-01 -4.21713e-03
  9.40000e-01 -3.02026e-03
  9.60000e-01 -1.08659e-02
  9.80000e-01  2.51601e-03
  1.00000e+00  6.13170e-02
  1.02000e+00  1.13763e-01
  1.04000e+00  8.27995e-02
  1.06000e+00 -5.97174e-03
  1.08000e+00 -6.67039e-02
  1.10000e+00 -8.09681e-02
  1.12000e+00 -6.03744e-02
  1.14000e+00  1.13927e-03
  1.16000e+00  4.74111e-02
  1.18000e+00 -1.17685e-02
  1.20000e+00 -1.26356e-01
  1.22000e+00 -1.12138e-01
  1.24000e+00  6.97755e-02
  1.26000e+00  2.30708e-01
  1.28000e+00  2.40987e-01
  1.30000e+00  9.97176e-02
  1.32000e+00 -1.30093e-01
  1.34000e+00 -2.22099e-01
  1.36000e+00 -1.18163e-01
  1.38000e+00 -1.21206e-01
  1.40000e+00 -2.54381e-01
  1.42000e+00 -2.04717e-01
  1.44000e+00 -2.25838e-02
  1.46000e+00 -3.76513e-02
  1.48000e+00 -2.40287e-01
  1.50000e+00 -3.28894e-01
  1.52000e+00 -2.40745e-01
  1.54000e+00 -1.49367e-01
  1.56000e+00 -9.52299e-02
  1.58000e+00 -2.62625e-02
  1.60000e+00  5.75872e-02
  1.62000e+00  7.76999e-02
  1.64000e+00  4.69469e-02
  1.66000e+00  2.11859e-01
  1.68000e+00  4.22139e-01
  1.70000e+00  2.07271e-01
  1.72000e+00 -1.23153e-01
  1.74000e+00 -4.72085e-02
  1.76000e+00  2.13120e-01
  1.78000e+00  3.74624e-01
  1.80000e+00  3.16538e-01
  1.82000e+00 -1.08947e-01
  1.84000e+00 -5.42592e-01
  1.86000e+00 -3.05658e-01
  1.88000e+00  6.27132e-01
  1.90000e+00  1.42645e+00
  1.92000e+00  1.40185e+00
  1.94000e+00  7.83063e-01
  1.96000e+00  1.47075e-01
  1.98000e+00 -2.08986e-01
  2.00000e+00 -2.24859e-01
  2.02000e+00 -2.17769e-02
  2.04000e+00  2.14967e-01
  2.06000e+00  2.17543e-01
  2.08000e+00 -1.06750e-01
  2.10000e+00 -2.80379e-01
  2.12000e+00 -8.35335e-02
  2.14000e+00 -4.61268e-02
  2.16000e+00 -3.48368e-01
  2.18000e+00 -5.56967e-01
  2.20000e+00 -4.26839e-01
  2.22000e+00 -4.42958e-02
  2.24000e+00  2.64487e-01
  2.26000e+00  2.14218e-01
  2.28000e+00 -9.72724e-04
  2.30000e+00 -1.66734e-01
  2.32000e+00 -2.95769e-01
  2.34000e+00 -1.05787e-01
  2.36000e+00  4.63002e-01
  2.38000e+00  7.65787e-01
  2.40000e+00  5.67583e-01
  2.42000e+00  4.22728e-01
  2.44000e+00  5.06709e-01
  2.46000e+00  3.28182e-01
  2.48000e+00 -2.89092e-01
  2.50000e+00 -8.15183e-01
  2.52000e+00 -6.67962e-01
  2.54000e+00  1.24847e-01
  2.56000e+00  8.95547e-01
  2.58000e+00  9.80326e-01
  2.60000e+00  4.00958e-01
  2.62000e+00 -2.23697e-01
  2.64000e+00 -3.49606e-01
  2.66000e+00 -1.01262e-01
  2.68000e+00 -7.69550e-02
  2.70000e+00 -4.58241e-01
  2.72000e+00 -8.50633e-01
  2.74000e+00 -1.00517e+00
  2.76000e+00 -1.02068e+00
  2.78000e+00 -8.69268e-01
  2.80000e+00 -3.94091e-01
  2.82000e+00  5.20760e-02
  2.84000e+00 -1.18818e-01
  2.86000e+00 -5.98038e-01
  2.88000e+00 -6.02362e-01
  2.90000e+00 -2.79157e-01
  2.92000e+00 -1.85452e-01
  2.94000e+00  1.18965e-02
  2.96000e+00  7.40399e-01
  2.98000e+00  1.34771e+00
  3.00000e+00  1.08362e+00
  3.02000e+00  2.84367e-01
  3.04000e+00 -1.60971e-01
  3.06000e+00  1.71857e-01
  3.08000e+00  8.99157e-01
  3.10000e+00  1.30850e+00
  3.12000e+00  1.10687e+00
  3.14000e+00  4.94143e-01
  3.16000e+00 -2.12848e-01
  3.18000e+00 -7.96151e-01
  3.20000e+00 -1.23425e+00
  3.22000e+00 -1.58430e+00
  3.24000e+00 -1.82779e+00
  3.26000e+00 -1.97952e+00
  3.28000e+00 -2.09464e+00
  3.30000e+00 -2.15123e+00
  3.32000e+00 -2.07319e+00
  3.34000e+00 -1.79232e+00
  3.36000e+00 -1.38209e+00
  3.38000e+00 -1.07509e+00
  3.40000e+00 -1.01539e+00
  3.42000e+00 -1.18580e+00
  3.44000e+00 -1.50049e+00
  3.46000e+00 -1.72062e+00
  3.48000e+00 -1.43613e+00
  3.50000e+00 -4.71804e-01
  3.52000e+00  7.06060e-01
  3.54000e+00  1.51362e+00
  3.56000e+00  2.07020e+00
  3.58000e+00  2.75653e+00
  3.60000e+00  3.44747e+00
  3.62000e+00  3.78445e+00
  3.64000e+00  3.62538e+00
  3.66000e+00  3.25267e+00
  3.68000e+00  3.24994e+00
  3.70000e+00  3.63404e+00
  3.72000e+00  3.47430e+00
  3.74000e+00  2.16109e+00
  3.76000e+00  7.04820e-01
  3.78000e+00  4.12518e-01
  3.80000e+00  7.65051e-01
  3.82000e+00  6.50934e-01
  3.84000e+00  3.33891e-01
  3.86000e+00  2.57935e-01
  3.88000e+00 -1.52224e-01
  3.90000e+00 -1.28004e+00
  3.92000e+00 -2.32091e+00
  3.94000e+00 -2.38241e+00
  3.96000e+00 -1.69475e+00
  3.98000e+00 -8.59872e-01
  4.00000e+00 -2.14669e-01
  4.02000e+00 -2.27715e-01
  4.04000e+00 -9.35076e-01
  4.06000e+00 -1.72473e+00
  4.08000e+00 -2.31646e+00
  4.10000e+00 -2.71640e+00
  4.12000e+00 -2.70795e+00
  4.14000e+00 -2.20589e+00
  4.16000e+00 -1.51082e+00
  4.18000e+00 -1.03272e+00
  4.20000e+00 -9.25209e-01
  4.22000e+00 -9.84679e-01
  4.24000e+00 -9.22367e-01
  4.26000e+00 -7.03393e-01
  4.28000e+00 -5.22207e-01
  4.30000e+00 -4.26354e-01
  4.32000e+00 -2.73921e-01
  4.34000e+00 -9.22611e-02
  4.36000e+00 -6.37625e-02
  4.38000e+00 -5.93175e-02
  4.40000e+00  4.42031e-01
  4.42000e+00  1.54363e+00
  4.44000e+00  2.57046e+00
  4.46000e+00  3.14495e+00
  4.48000e+00  3.53375e+00
  4.50000e+00  3.54402e+00
  4.52000e+00  2.72651e+00
  4.54000e+00  1.61513e+00
  4.56000e+00  1.09071e+00
  4.58000e+00  1.09293e+00
  4.60000e+00  1.16515e+00
  4.62000e+00  1.04941e+00
  4.64000e+00  3.48120e-01
  4.66000e+00 -9.22247e-01
  4.68000e+00 -2.07752e+00
  4.70000e+00 -2.64913e+00
  4.72000e+00 -2.45450e+00
  4.74000e+00 -1.63292e+00
  4.76000e+00 -7.48260e-01
  4.78000e+00  3.17050e-02
  4.80000e+00  6.06793e-01
  4.82000e+00  4.14122e-01
  4.84000e+00 -5.10845e-01
  4.86000e+00 -1.47887e+00
  4.88000e+00 -2.09873e+00
  4.90000e+00 -2.37655e+00
  4.92000e+00 -2.41422e+00
  4.94000e+00 -2.00007e+00
  4.96000e+00 -1.00953e+00
  4.98000e+00 -2.01400e-01
  5.00000e+00 -1.86476e-01
  5.02000e+00 -4.34715e-01
  5.04000e+00 -3.78173e-01
  5.06000e+00 -7.98935e-02
  5.08000e+00  3.33595e-01
  5.10000e+00  7.73298e-01
  5.12000e+00  1.09770e+00
  5.14000e+00  1.26328e+00
  5.16000e+00  1.32838e+00
  5.18000e+00  1.49182e+00
  5.20000e+00  1.91132e+00
  5.22000e+00  2.37345e+00
  5.24000e+00  2.61166e+00
  5.26000e+00  2.69328e+00
  5.28000e+00  2.74184e+00
  5.30000e+00  2.58879e+00
  5.32000e+00  1.98677e+00
  5.34000e+00  1.23401e+00
  5.36000e+00  1.04048e+00
  5.38000e+00  1.52204e+00
  5.40000e+00  2.03095e+00
  5.42000e+00  1.90394e+00
  5.44000e+00  9.80886e-01
  5.46000e+00 -3.04541e-01
  5.48000e+00 -1.39121e+00
  5.50000e+00 -2.13073e+00
  5.52000e+00 -2.62758e+00
  5.54000e+00 -2.95286e+00
  5.56000e+00 -3.25714e+00
  5.58000e+00 -3.62382e+00
  5.60000e+00 -3.58043e+00
  5.62000e+00 -2.58869e+00
  5.64000e+00 -1.15548e+00
  5.66000e+00 -2.55743e-01
  5.68000e+00  6.37797e-02
  5.70000e+00  3.01819e-01
  5.72000e+00  4.30209e-01
  5.74000e+00  2.09680e-01
  5.76000e+00  8.28633e-03
  5.78000e+00  3.37504e-01
  5.80000e+00  8.10517e-01
  5.82000e+00  6.29396e-01
  5.84000e+00 -1.73417e-01
  5.86000e+00 -9.24656e-01
  5.88000e+00 -1.13197e+00
  5.90000e+00 -6.56152e-01
  5.92000e+00  2.33843e-01
  5.94000e+00  9.98965e-01
  5.96000e+00  1.27261e+00
  5.98000e+00  1.02658e+00
  6.00000e+00  5.71901e-01
  6.02000e+00  2.97894e-01
  6.04000e+00  2.45362e-01
  6.06000e+00  2.36457e-01
  6.08000e+00  8.39804e-02
  6.10000e+00 -3.99409e-01
  6.12000e+00 -1.09787e+00
  6.14000e+00 -1.62834e+00
  6.16000e+00 -1.79532e+00
  6.18000e+00 -1.64057e+00
  6.20000e+00 -1.25077e+00
  6.22000e+00 -5.82322e-01
  6.24000e+00  3.88154e-01
  6.26000e+00  1.25128e+00
  6.28000e+00  1.56036e+00
  6.30000e+00  1.37071e+00
  6.32000e+00  9.43825e-01
  6.34000e+00  5.91796e-01
  6.36000e+00  5.56050e-01
  6.38000e+00  6.75381e-01
  6.40000e+00  7.15339e-01
  6.42000e+00  7.03079e-01
  6.44000e+00  6.40024e-01
  6.46000e+00  4.03520e-01
  6.48000e+00  2.62113e-02
  6.50000e+00 -2.48183e-01
  6.52000e+00 -3.04756e-01
  6.54000e+00 -2.87574e-01
  6.56000e+00 -2.78056e-01
  6.58000e+00 -1.88667e-01
  6.60000e+00 -1.47184e-02
  6.62000e+00  1.37774e-01
  6.64000e+00  2.73921e-01
  6.66000e+00  4.61764e-01
  6.68000e+00  6.24024e-01
  6.70000e+00  7.20544e-01
  6.72000e+00  8.73627e-01
  6.74000e+00  1.00997e+00
  6.76000e+00  9.35884e-01
  6.78000e+00  7.58737e-01
  6.80000e+00  5.79554e-01
  6.82000e+00  2.65412e-01
  6.84000e+00 -1.19130e-01
  6.86000e+00 -4.09405e-01
  6.88000e+00 -7.06878e-01
  6.90000e+00 -1.07573e+00
  6.92000e+00 -1.30647e+00
  6.94000e+00 -1.21272e+00
  6.96000e+00 -8.76294e-01
  6.98000e+00 -5.18215e-01
  7.00000e+00 -2.37301e-01
  7.02000e+00 -9.74210e-02
  7.04000e+00 -2.48830e-01
  7.06000e+00 -5.59729e-01
  7.08000e+00 -6.35699e-01
  7.10000e+00 -4.68594e-01
  7.12000e+00 -3.89935e-01
  7.14000e+00 -5.00605e-01
  7.16000e+00 -6.87399e-01
  7.18000e+00 -8.71852e-01
  7.20000e+00 -9.84555e-01
  7.22000e+00 -9.15049e-01
  7.24000e+00 -6.23135e-01
  7.26000e+00 -2.44114e-01
  7.28000e+00  5.79827e-02
  7.30000e+00  2.79161e-01
  7.32000e+00  5.06342e-01
  7.34000e+00  7.31750e-01
  7.36000e+00  8.43624e-01
  7.38000e+00  8.37875e-01
  7.40000e+00  7.79948e-01
  7.42000e+00  5.40682e-01
  7.44000e+00  6.58014e-02
  7.46000e+00 -3.27540e-01
  7.48000e+00 -4.22070e-01
  7.50000e+00 -3.79478e-01
  7.52000e+00 -3.68986e-01
  7.54000e+00 -3.67876e-01
  7.56000e+00 -2.14950e-01
  7.58000e+00  2.21691e-01
  7.60000e+00  7.67265e-01
  7.62000e+00  1.09422e+00
  7.64000e+00  1.15307e+00
  7.66000e+00  1.03655e+00
  7.68000e+00  6.74519e-01
  7.70000e+00  1.40841e-01
  7.72000e+00 -2.15617e-01
  7.74000e+00 -2.82932e-01
  7.76000e+00 -2.77681e-01
  7.78000e+00 -3.13345e-01
  7.80000e+00 -3.00234e-01
  7.82000e+00 -2.01669e-01
  7.84000e+00 -1.57740e-01
  7.86000e+00 -2.46531e-01
  7.88000e+00 -3.53750e-01
  7.90000e+00 -4.05912e-01
  7.92000e+00 -4.24179e-01
  7.94000e+00 -4.35212e-01
  7.96000e+00 -4.91185e-01
  7.98000e+00 -5.82508e-01
  8.00000e+00 -6.23506e-01
  8.02000e+00 -5.96610e-01
  8.04000e+00 -5.36128e-01
  8.06000e+00 -4.20001e-01
  8.08000e+00 -1.95867e-01
  8.10000e+00  9.67148e-02
  8.12000e+00  3.17021e-01
  8.14000e+00  3.90169e-01
  8.16000e+00  3.80779e-01
  8.18000e+00  3.85987e-01
  8.20000e+00  4.18247e-01
  8.22000e+00  3.73170e-01
  8.24000e+00  2.18325e-01
  8.26000e+00  1.39067e-01
  8.28000e+00  2.41902e-01
  8.30000e+00  3.76560e-01
  8.32000e+00  4.46152e-01
  8.34000e+00  4.78166e-01
  8.36000e+00  4.06029e-01
  8.38000e+00  2.03461e-01
  8.40000e+00  4.07126e-02
  8.42000e+00  2.43899e-02
  8.44000e+00  2.48505e-02
  8.46000e+00 -1.20386e-01
  8.48000e+00 -3.63713e-01
  8.50000e+00 -4.71698e-01
  8.52000e+00 -3.64799e-01
  8.54000e+00 -2.71046e-01
  8.56000e+00 -3.54047e-01
  8.58000e+00 -5.03659e-01
  8.60000e+00 -5.88149e-01
  8.62000e+00 -5.53007e-01
  8.64000e+00 -3.79319e-01
  8.66000e+00 -1.51832e-01
  8.68000e+00  4.48778e-02
  8.70000e+00  2.47889e-01
  8.72000e+00  4.71556e-01
  8.74000e+00  6.31813e-01
  8.76000e+00  6.79769e-01
  8.78000e+00  6.80447e-01
  8.80000e+00  7.29297e-01
  8.82000e+00  8.04853e-01
  8.84000e+00  7.64743e-01
  8.86000e+00  5.22238e-01
  8.88000e+00  1.61369e-01
  8.90000e+00 -1.24056e-01
  8.92000e+00 -1.92955e-01
  8.94000e+00 -9.46330e-02
  8.96000e+00  6.46396e-03
  8.98000e+00  4.19505e-02
  9.00000e+00  6.41577e-02
  9.02000e+00  1.04428e-01
  9.04000e+00  1.37242e-01
  9.06000e+00  1.41162e-01
  9.08000e+00  8.72198e-02
  9.10000e+00 -7.95643e-02
  9.12000e+00 -3.22364e-01
  9.14000e+00 -4.42068e-01
  9.16000e+00 -3.02980e-01
  9.18000e+00 -4.40049e-02
  9.20000e+00  1.26332e-01
  9.22000e+00  1.69355e-01
  9.24000e+00  1.59546e-01
  9.26000e+00  2.32959e-01
  9.28000e+00  4.62817e-01
  9.30000e+00  6.98362e-01
  9.32000e+00  7.81209e-01
  9.34000e+00  6.81309e-01
  9.36000e+00  3.83720e-01
  9.38000e+00  4.10597e-02
  9.40000e+00 -8.13589e-02
  9.42000e+00  6.94012e-04
  9.44000e+00  5.92438e-02
  9.46000e+00  1.03678e-02
  9.48000e+00 -4.98587e-02
  9.50000e+00 -4.84087e-02
  9.52000e+00 -1.58879e-02
  9.54000e+00  1.80150e-02
  9.56000e+00  5.74630e-03
  9.58000e+00 -1.16993e-01
  9.60000e+00 -2.39528e-01
  9.62000e+00 -2.23358e-01
  9.64000e+00 -1.95224e-01
  9.66000e+00 -2.97764e-01
  9.68000e+00 -4.19160e-01
  9.70000e+00 -4.39155e-01
  9.72000e+00 -4.13333e-01
  9.74000e+00 -4.06483e-01
  9.76000e+00 -3.94595e-01
  9.78000e+00 -3.61837e-01
  9.80000e+00 -3.53011e-01
  9.82000e+00 -4.02272e-01
  9.84000e+00 -4.61301e-01
  9.86000e+00 -4.37507e-01
  9.88000e+00 -3.30715e-01
  9.90000e+00 -2.62069e-01
  9.92000e+00 -2.88064e-01
  9.94000e+00 -3.35334e-01
  9.96000e+00 -3.91288e-01
  9.98000e+00 -5.07773e-01
  1.00000e+01 -5.82440e-01
  1.00200e+01 -4.71038e-01
  1.00400e+01 -2.82865e-01
  1.00600e+01 -2.05284e-01
  1.00800e+01 -2.15894e-01
  1.01000e+01 -2.08318e-01
  1.01200e+01 -1.01648e-01
  1.01400e+01  1.35180e-01
  1.01600e+01  3.41355e-01
  1.01800e+01  3.18398e-01
  1.02000e+01  1.35561e-01
  1.02200e+01 -1.77560e-02
  1.02400e+01 -9.86708e-02
  1.02600e+01 -8.52844e-02
  1.02800e+01  1.20378e-01
  1.03000e+01  4.82597e-01
  1.03200e+01  8.10205e-01
  1.03400e+01  9.62504e-01
  1.03600e+01  9.16713e-01
  1.03800e+01  7.75152e-01
  1.04000e+01  7.06410e-01
  1.04200e+01  7.23761e-01
  1.04400e+01  6.53472e-01
  1.04600e+01  4.28048e-01
  1.04800e+01  1.97294e-01
  1.05000e+01  1.09350e-01
  1.05200e+01  1.97009e-01
  1.05400e+01  3.91780e-01
  1.05600e+01  5.23277e-01
  1.05800e+01  4.58122e-01
  1.06000e+01  2.46396e-01
  1.06200e+01  3.89431e-02
  1.06400e+01 -8.00181e-02
  1.06600e+01 -1.16043e-01
  1.06800e+01 -8.44610e-02
  1.07000e+01 -5.21965e-03
  1.07200e+01  6.34899e-02
  1.07400e+01  7.14408e-02
  1.07600e+01  3.85996e-02
  1.07800e+01  1.51429e-02
  1.08000e+01 -8.01231e-04
  1.08200e+01 -3.56343e-02
  1.08400e+01 -8.78630e-02
  1.08600e+01 -1.35786e-01
  1.08800e+01 -1.30866e-01
  1.09000e+01 -6.09990e-02
  1.09200e+01 -1.30666e-02
  1.09400e+01 -5.60966e-02
  1.09600e+01 -1.47854e-01
  1.09800e+01 -1.87663e-01
  1.10000e+01 -1.30642e-01
  1.10200e+01 -9.55855e-02
  1.10400e+01 -2.18259e-01
  1.10600e+01 -4.05584e-01
  1.10800e+01 -5.01820e-01
  1.11000e+01 -5.66166e-01
  1.11200e+01 -7.24857e-01
  1.11400e+01 -9.04813e-01
  1.11600e+01 -9.10357e-01
  1.11800e+01 -7.23445e-01
  1.12000e+01 -5.47133e-01
  1.12200e+01 -4.65143e-01
  1.12400e+01 -3.11717e-01
  1.12600e+01 -2.01027e-02
  1.12800e+01  2.30112e-01
  1.13000e+01  3.19040e-01
  1.13200e+01  3.17455e-01
  1.13400e+01  2.99890e-01
  1.13600e+01  2.71645e-01
  1.13800e+01  2.55996e-01
  1.14000e+01  2.91569e-01
  1.14200e+01  3.31118e-01
  1.14400e+01  2.95851e-01
  1.14600e+01  2.42579e-01
  1.14800e+01  2.73032e-01
  1.15000e+01  3.51272e-01
  1.15200e+01  4.05326e-01
  1.15400e+01  4.44344e-01
  1.15600e+01  4.72534e-01
  1.15800e+01  4.42505e-01
  1.16000e+01  3.19464e-01
  1.16200e+01  1.32163e-01
  1.16400e+01 -4.96405e-02
  1.16600e+01 -1.89943e-01
  1.16800e+01 -3.22695e-01
  1.17000e+01 -4.94622e-01
  1.17200e+01 -6.28251e-01
  1.17400e+01 -5.37573e-01
  1.17600e+01 -2.41370e-01
  1.17800e+01 -1.83527e-02
  1.18000e+01  1.38268e-03
  1.18200e+01 -6.07709e-02
  1.18400e+01 -1.07997e-01
  1.18600e+01 -1.20249e-01
  1.18800e+01 -8.72795e-02
  1.19000e+01 -2.81283e-02
  1.19200e+01  2.82946e-02
  1.19400e+01  6.95773e-02
  1.19600e+01  1.02547e-01
  1.19800e+01  1.30799e-01
  1.20000e+01  1.36795e-01
  1.20200e+01  1.47004e-01
  1.20400e+01  2.08325e-01
  1.20600e+01  2.66147e-01
  1.20800e+01  2.48099e-01
  1.21000e+01  1.92849e-01
  1.21200e+01  1.23998e-01
  1.21400e+01 -6.07288e-03
  1.21600e+01 -1.43867e-01
  1.21800e+01 -1.75124e-01
  1.22000e+01 -1.24415e-01
  1.22200e+01 -7.36801e-02
  1.22400e+01 -1.72423e-02
  1.22600e+01  7.58247e-02
  1.22800e+01  1.70876e-01
  1.23000e+01  1.52163e-01
  1.23200e+01 -3.05077e-02
  1.23400e+01 -2.32630e-01
  1.23600e+01 -3.28669e-01
  1.23800e+01 -3.59802e-01
  1.24000e+01 -3.67850e-01
  1.24200e+01 -3.77481e-01
  1.24400e+01 -4.65523e-01
  1.24600e+01 -6.30788e-01
  1.24800e+01 -7.25914e-01
  1.25000e+01 -6.27220e-01
  1.25200e+01 -4.08224e-01
  1.25400e+01 -2.44850e-01
  1.25600e+01 -1.96434e-01
  1.25800e+01 -2.17000e-01
  1.26000e+01 -2.68650e-01
  1.26200e+01 -2.89905e-01
  1.26400e+01 -2.02488e-01
  1.26600e+01 -3.49441e-02
  1.26800e+01  9.11011e-02
  1.27000e+01  1.27699e-01
  1.27200e+01  1.51352e-01
  1.27400e+01  2.40820e-01
  1.27600e+01  3.75781e-01
  1.27800e+01  4.89438e-01
  1.28000e+01  5.68417e-01
  1.28200e+01  6.18634e-01
  1.28400e+01  6.01285e-01
  1.28600e+01  4.96528e-01
  1.28800e+01  3.63099e-01
  1.29000e+01  2.87057e-01
  1.29200e+01  2.69586e-01
  1.29400e+01  1.91631e-01
  1.29600e+01 -4.80941e-03
  1.29800e+01 -1.71719e-01
  1.30000e+01 -1.41011e-01
  1.30200e+01  5.89137e-02
  1.30400e+01  2.71328e-01
  1.30600e+01  3.72998e-01
  1.30800e+01  3.30358e-01
  1.31000e+01  2.03776e-01
  1.31200e+01  1.05579e-01
  1.31400e+01  8.37918e-02
  1.31600e+01  9.66027e-02
  1.31800e+01  1.21254e-01
  1.32000e+01  1.38352e-01
  1.32200e+01  5.61470e-02
  1.32400e+01 -1.33128e-01
  1.32600e+01 -2.68224e-01
  1.32800e+01 -2.64849e-01
  1.33000e+01 -2.23335e-01
  1.33200e+01 -2.24732e-01
  1.33400e+01 -2.21943e-01
  1.33600e+01 -1.57165e-01
  1.33800e+01 -6.49800e-02
  1.34000e+01  2.36616e-03
  1.34200e+01  5.65547e-02
  1.34400e+01  1.18105e-01
  1.34600e+01  1.73465e-01
  1.34800e+01  1.72285e-01
  1.35000e+01  5.92072e-02
  1.35200e+01 -1.13627e-01
  1.35400e+01 -2.14848e-01
  1.35600e+01 -2.15767e-01
  1.35800e+01 -1.96177e-01
  1.36000e+01 -2.09817e-01
  1.36200e+01 -2.57206e-01
  1.36400e+01 -3.18543e-01
  1.36600e+01 -3.54233e-01
  1.36800e+01 -3.30585e-01
  1.37000e+01 -2.53468e-01
  1.37200e+01 -1.50789e-01
  1.37400e+01 -4.89406e-02
  1.37600e+01  3.54623e-02
  1.37800e+01  8.94264e-02
  1.38000e+01  8.57183e-02
  1.38200e+01  2.70977e-02
  1.38400e+01 -1.73261e-02
  1.38600e+01 -3.68385e-03
  1.38800e+01  2.72242e-02
  1.39000e+01  2.67111e-02
  1.39200e+01 -1.30972e-02
  1.39400e+01 -7.25079e-02
  1.39600e+01 -1.00464e-01
  1.39800e+01 -4.74055e-02
  1.40000e+01  7.45508e-02
  1.40200e+01  2.08457e-01
  1.40400e+01  3.05869e-01
  1.40600e+01  3.40693e-01
  1.40800e+01  3.28183e-01
  1.41000e+01  3.33719e-01
  1.41200e+01  3.90901e-01
  1.41400e+01  4.46870e-01
  1.41600e+01  4.61159e-01
  1.41800e+01  4.67581e-01
  1.42000e+01  4.96772e-01
  1.42200e+01  5.26959e-01
  1.42400e+01  4.85058e-01
  1.42600e+01  3.16715e-01
  1.42800e+01  1.17228e-01
  1.43000e+01  4.11195e-02
  1.43200e+01  8.17976e-02
  1.43400e+01  1.16348e-01
  1.43600e+01  7.05545e-02
  1.43800e+01 -5.58051e-02
  1.44000e+01 -2.04238e-01
  1.44200e+01 -2.91329e-01
  1.44400e+01 -2.99490e-01
  1.44600e+01 -2.85278e-01
  1.44800e+01 -2.84693e-01
  1.45000e+01 -2.84203e-01
  1.45200e+01 -2.59920e-01
  1.45400e+01 -1.98716e-01
  1.45600e+01 -1.27766e-01
  1.45800e+01 -9.95128e-02
  1.46000e+01 -1.17123e-01
  1.46200e+01 -1.51552e-01
  1.46400e+01 -2.02182e-01
  1.46600e+01 -2.60612e-01
  1.46800e+01 -2.88638e-01
  1.47000e+01 -2.74475e-01
  1.47200e+01 -2.44294e-01
  1.47400e+01 -2.16359e-01
  1.47600e+01 -1.82132e-01
  1.47800e+01 -1.33446e-01
  1.48000e+01 -9.34000e-02
  1.48200e+01 -8.83240e-02
  1.48400e+01 -9.62044e-02
  1.48600e+01 -8.60471e-02
  1.48800e+01 -8.71358e-02
  1.49000e+01 -1.30403e-01
  1.49200e+01 -1.66427e-01
  1.49400e+01 -1.55010e-01
  1.49600e+01 -1.46339e-01
  1.49800e+01 -1.37537e-01
  1.50000e+01 -2.01518e-02
  1.50200e+01  1.99021e-01
  1.50400e+01  3.63181e-01
  1.50600e+01  3.98365e-01
  1.50800e+01  3.45400e-01
  1.51000e+01  2.35730e-01
  1.51200e+01  1.14935e-01
  1.51400e+01  6.67195e-02
  1.51600e+01  1.09466e-01
  1.51800e+01  1.67060e-01
  1.52000e+01  1.80675e-01
  1.52200e+01  1.58738e-01
  1.52400e+01  1.35451e-01
  1.52600e+01  1.77562e-01
  1.52800e+01  3.31591e-01
  1.53000e+01  4.94343e-01
  1.53200e+01  5.01890e-01
  1.53400e+01  3.51082e-01
  1.53600e+01  1.74611e-01
  1.53800e+01  5.80044e-02
  1.54000e+01 -4.79204e-03
  1.54200e+01 -4.97612e-02
  1.54400e+01 -1.00940e-01
  1.54600e+01 -1.46816e-01
  1.54800e+01 -1.55162e-01
  1.55000e+01 -1.22589e-01
  1.55200e+01 -8.12130e-02
  1.55400e+01 -6.36469e-02
  1.55600e+01 -7.53402e-02
  1.55800e+01 -9.61742e-02
  1.56000e+01 -1.08295e-01
  1.56200e+01 -9.83469e-02
  1.56400e+01 -4.84659e-02
  1.56600e+01  2.71485e-02
  1.56800e+01  7.60285e-02
  1.57000e+01  7.80961e-02
  1.57200e+01  7.55492e-02
  1.57400e+01  1.05123e-01
  1.57600e+01  1.39235e-01
  1.57800e+01  1.30619e-01
  1.58000e+01  8.37627e-02
  1.58200e+01  3.67411e-02
  1.58400e+01  1.85956e-02
  1.58600e+01  4.64642e-02
  1.58800e+01  1.03200e-01
  1.59000e+01  1.38861e-01
  1.59200e+01  1.23763e-01
  1.59400e+01  6.67617e-02
  1.59600e+01  9.66348e-03
  1.59800e+01 -2.97231e-03
  1.60000e+01  1.61598e-02
  1.60200e+01  1.59101e-02
  1.60400e+01 -2.54261e-02
  1.60600e+01 -9.22540e-02
  1.60800e+01 -1.56633e-01
  1.61000e+01 -1.94241e-01
  1.61200e+01 -1.90580e-01
  1.61400e+01 -1.52844e-01
  1.61600e+01 -1.17124e-01
  1.61800e+01 -1.21357e-01
  1.62000e+01 -1.77996e-01
  1.62200e+01 -2.64813e-01
  1.62400e+01 -3.32429e-01
  1.62600e+01 -3.50479e-01
  1.62800e+01 -3.38338e-01
  1.63000e+01 -3.35461e-01
  1.63200e+01 -3.60676e-01
  1.63400e+01 -3.91115e-01
  1.63600e+01 -3.80434e-01
  1.63800e+01 -3.16317e-01
  1.64000e+01 -2.28581e-01
  1.64200e+01 -1.40535e-01
  1.64400e+01 -6.93532e-02
  1.64600e+01 -4.22490e-02
  1.64800e+01 -5.52156e-02
  1.65000e+01 -5.98064e-02
  1.65200e+01 -1.27187e-02
  1.65400e+01  8.48110e-02
  1.65600e+01  1.77920e-01
  1.65800e+01  1.98425e-01
  1.66000e+01  1.46932e-01
  1.66200e+01  1.03354e-01
  1.66400e+01  1.23974e-01
  1.66600e+01  1.68718e-01
  1.66800e+01  1.79668e-01
  1.67000e+01  1.75609e-01
  1.67200e+01  1.95324e-01
  1.67400e+01  2.25791e-01
  1.67600e+01  2.48157e-01
  1.67800e+01  2.73314e-01
  1.68000e+01  2.99286e-01
  1.68200e+01  2.78379e-01
  1.68400e+01  1.74906e-01
  1.68600e+01  4.45978e-02
  1.68800e+01 -3.49847e-02
  1.69000e+01 -7.08826e-02
  1.69200e+01 -1.06668e-01
  1.69400e+01 -1.61500e-01
  1.69600e+01 -2.28653e-01
  1.69800e+01 -2.65134e-01
  1.70000e+01 -2.34061e-01
  1.70200e+01 -1.50048e-01
  1.70400e+01 -5.45026e-02
  1.70600e+01  8.99386e-04
  1.70800e+01 -1.59179e-02
  1.71000e+01 -7.63211e-02
  1.71200e+01 -1.40950e-01
  1.71400e+01 -2.02027e-01
  1.71600e+01 -2.44198e-01
  1.71800e+01 -2.57730e-01
  1.72000e+01 -2.63834e-01
  1.72200e+01 -2.70945e-01
  1.72400e+01 -2.54468e-01
  1.72600e+01 -1.69684e-01
  1.72800e+01 -1.85338e-02
  1.73000e+01  9.72723e-02
  1.73200e+01  1.08679e-01
  1.73400e+01  5.50385e-02
  1.73600e+01 -2.39301e-02
  1.73800e+01 -8.67601e-02
  1.74000e+01 -8.56294e-02
  1.74200e+01 -6.31265e-02
  1.74400e+01 -8.37832e-02
  1.74600e+01 -1.26003e-01
  1.74800e+01 -1.45512e-01
  1.75000e+01 -1.35555e-01
  1.75200e+01 -1.15119e-01
  1.75400e+01 -1.01717e-01
  1.75600e+01 -7.39897e-02
  1.75800e+01 -8.65195e-03
  1.76000e+01  4.89534e-02
  1.76200e+01  4.85836e-02
  1.76400e+01  2.17490e-02
  1.76600e+01  1.17416e-02
  1.76800e+01  1.66666e-02
  1.77000e+01  5.01852e-02
  1.77200e+01  1.28323e-01
  1.77400e+01  2.04126e-01
  1.77600e+01  2.17583e-01
  1.77800e+01  1.81717e-01
  1.78000e+01  1.77468e-01
  1.78200e+01  2.55678e-01
  1.78400e+01  3.68298e-01
  1.78600e+01  4.44424e-01
  1.78800e+01  4.68714e-01
  1.79000e+01  4.49849e-01
  1.79200e+01  4.03687e-01
  1.79400e+01  3.59657e-01
  1.79600e+01  3.35323e-01
  1.79800e+01  3.35551e-01
  1.80000e+01  3.61271e-01
  1.80200e+01  3.90093e-01
  1.80400e+01  3.88710e-01
  1.80600e+01  3.51867e-01
  1.80800e+01  2.80939e-01
  1.81000e+01  1.62800e-01
  1.81200e+01  2.69124e-02
  1.81400e+01 -6.00812e-02
  1.81600e+01 -8.42413e-02
  1.81800e+01 -7.75482e-02
  1.82000e+01 -5.74664e-02
  1.82200e+01 -4.20004e-02
  1.82400e+01 -5.10339e-02
  1.82600e+01 -6.37189e-02
  1.82800e+01 -5.40305e-02
  1.83000e+01 -4.98718e-02
  1.83200e+01 -8.44132e-02
  1.83400e+01 -1.41070e-01
  1.83600e+01 -1.88694e-01
  1.83800e+01 -2.05920e-01
  1.84000e+01 -1.70255e-01
  1.84200e+01 -9.19165e-02
  1.84400e+01 -3.48162e-02
  1.84600e+01 -4.68591e-02
  1.84800e+01 -1.03590e-01
  1.85000e+01 -1.44866e-01
  1.85200e+01 -1.34967e-01
  1.85400e+01 -9.33225e-02
  1.85600e+01 -7.20452e-02
  1.85800e+01 -9.08700e-02
  1.86000e+01 -1.19550e-01
  1.86200e+01 -1.29224e-01
  1.86400e+01 -1.26305e-01
  1.86600e+01 -1.25579e-01
  1.86800e+01 -1.18821e-01
  1.87000e+01 -9.48045e-02
  1.87200e+01 -6.07367e-02
  1.87400e+01 -2.06647e-02
  1.87600e+01  2.72856e-02
  1.87800e+01  6.92065e-02
  1.88000e+01  8.66400e-02
  1.88200e+01  7.81706e-02
  1.88400e+01  6.21664e-02
  1.88600e+01  6.28593e-02
  1.88800e+01  8.28410e-02
  1.89000e+01  9.83884e-02
  1.89200e+01  8.94654e-02
  1.89400e+01  6.58038e-02
  1.89600e+01  5.09967e-02
  1.89800e+01  4.11489e-02
  1.90000e+01  1.43197e-02
  1.90200e+01 -2.46791e-02
  1.90400e+01 -5.23530e-02
  1.90600e+01 -5.59699e-02
  1.90800e+01 -3.13315e-02
  1.91000e+01  1.21771e-02
  1.91200e+01  3.99455e-02
  1.91400e+01  2.11917e-02
  1.91600e+01 -3.19842e-02
  1.91800e+01 -8.25348e-02
  1.92000e+01 -1.12123e-01
  1.92200e+01 -1.20769e-01
  1.92400e+01 -1.09613e-01
  1.92600e+01 -8.51447e-02
  1.92800e+01 -5.79921e-02
  1.93000e+01 -3.22472e-02
  1.93200e+01 -9.59575e-03
  1.93400e+01 -6.47325e-04
  1.93600e+01 -2.09043e-02
  1.93800e+01 -7.15854e-02
  1.94000e+01 -1.23519e-01
  1.94200e+01 -1.40049e-01
  1.94400e+01 -1.31524e-01
  1.94600e+01 -1.39859e-01
  1.94800e+01 -1.66161e-01
  1.95000e+01 -1.75649e-01
  1.95200e+01 -1.48828e-01
  1.95400e+01 -9.83985e-02
  1.95600e+01 -5.94246e-02
  1.95800e+01 -4.51601e-02
  1.96000e+01 -3.32391e-02
  1.96200e+01 -2.09525e-02
  1.96400e+01 -2.74208e-02
  1.96600e+01 -3.82659e-02
  1.96800e+01 -2.26354e-02
  1.97000e+01  8.87921e-03
  1.97200e+01  1.50308e-02
  1.97400e+01 -1.58718e-02
  1.97600e+01 -4.47176e-02
  1.97800e+01 -3.79544e-02
  1.98000e+01 -2.19288e-02
  1.98200e+01 -3.29998e-02
  1.98400e+01 -4.70245e-02
  1.98600e+01 -2.46053e-02
  1.98800e+01  1.77975e-02
  1.99000e+01  4.69146e-02
  1.99200e+01  6.80007e-02
  1.99400e+01  9.42467e-02
  1.99600e+01  1.15117e-01
  1.99800e+01  1.11971e-01
  2.00000e+01  8.16059e-02
  2.00200e+01  4.38337e-02
  2.00400e+01  1.21091e-02
  2.00600e+01 -2.04219e-02
  2.00800e+01 -4.71324e-02
  2.01000e+01 -4.81453e-02
  2.01200e+01 -2.11925e-02
  2.01400e+01  2.01156e-02
  2.01600e+01  5.89122e-02
  2.01800e+01  8.06261e-02
  2.02000e+01  8.48073e-02
  2.02200e+01  8.44167e-02
  2.02400e+01  8.23712e-02
  2.02600e+01  7.21184e-02
  2.02800e+01  6.20367e-02
  2.03000e+01  6.15270e-02
  2.03200e+01  6.01091e-02
  2.03400e+01  4.71175e-02
  2.03600e+01  2.61223e-02
  2.03800e+01  1.64767e-03
  2.04000e+01 -3.49013e-02
  2.04200e+01 -8.95328e-02
  2.04400e+01 -1.34058e-01
  2.04600e+01 -1.29758e-01
  2.04800e+01 -7.72891e-02
  2.05000e+01 -2.25590e-03
  2.05200e+01  6.97493e-02
  2.05400e+01  1.05957e-01
  2.05600e+01  1.02493e-01
  2.05800e+01  1.04085e-01
  2.06000e+01  1.28589e-01
  2.06200e+01  1.44380e-01
  2.06400e+01  1.38389e-01
  2.06600e+01  1.17246e-01
  2.06800e+01  7.80061e-02
  2.07000e+01  3.90944e-02
  2.07200e+01  3.09650e-02
  2.07400e+01  3.67032e-02
  2.07600e+01  1.64136e-02
  2.07800e+01 -2.33613e-02
  2.08000e+01 -5.06715e-02
  2.08200e+01 -5.66851e-02
  2.08400e+01 -3.81283e-02
  2.08600e+01  9.33335e-03
  2.08800e+01  6.62210e-02
  2.09000e+01  1.00649e-01
  2.09200e+01  1.01403e-01
  2.09400e+01  9.54519e-02
  2.09600e+01  1.12406e-01
  2.09800e+01  1.28038e-01
  2.10000e+01  1.07246e-01
  2.10200e+01  7.04909e-02
  2.10400e+01  4.29225e-02
  2.10600e+01  4.41095e-03
  2.10800e+01 -5.87975e-02
  2.11000e+01 -1.14677e-01
  2.11200e+01 -1.33817e-01
  2.11400e+01 -1.32956e-01
  2.11600e+01 -1.32921e-01
  2.11800e+01 -1.27830e-01
  2.12000e+01 -1.23854e-01
  2.12200e+01 -1.32946e-01
  2.12400e+01 -1.33725e-01
  2.12600e+01 -1.08592e-01
  2.12800e+01 -7.88385e-02
  2.13000e+01 -6.45107e-02
  2.13200e+01 -6.03137e-02
  2.13400e+01 -5.75980e-02
  2.13600e+01 -4.86881e-02
  2.13800e+01 -1.70281e-02
  2.14000e+01  3.87048e-02
  2.14200e+01  7.90938e-02
  2.14400e+01  7.04148e-02
  2.14600e+01  3.98223e-02
  2.14800e+01  3.15469e-02
  2.15000e+01  4.51048e-02
  2.15200e+01  6.19375e-02
  2.15400e+01  8.71911e-02
  2.15600e+01  1.25655e-01
  2.15800e+01  1.51810e-01
  2.16000e+01  1.43502e-01
  2.16200e+01  1.11641e-01
  2.16400e+01  7.21124e-02
  2.16600e+01  3.86638e-02
  2.16800e+01  2.80591e-02
  2.17000e+01  2.72057e-02
  2.17200e+01  8.25024e-03
  2.17400e+01 -2.35705e-02
  2.17600e+01 -5.01553e-02
  2.17800e+01 -6.64698e-02
  2.18000e+01 -7.05134e-02
  2.18200e+01 -7.43241e-02
  2.18400e+01 -9.97325e-02
  2.18600e+01 -1.35584e-01
  2.18800e+01 -1.49931e-01
  2.19000e+01 -1.47788e-01
  2.19200e+01 -1.54434e-01
  2.19400e+01 -1.65872e-01
  2.19600e+01 -1.66569e-01
  2.19800e+01 -1.53547e-01
  2.20000e+01 -1.31915e-01
  2.20200e+01 -1.14879e-01
  2.20400e+01 -1.05888e-01
  2.20600e+01 -9.52045e-02
  2.20800e+01 -8.72953e-02
  2.21000e+01 -8.70551e-02
  2.21200e+01 -7.95855e-02
  2.21400e+01 -5.46764e-02
  2.21600e+01 -1.50817e-02
  2.21800e+01  3.20202e-02
  2.22000e+01  7.39809e-02
  2.22200e+01  1.08343e-01
  2.22400e+01  1.41222e-01
  2.22600e+01  1.61599e-01
  2.22800e+01  1.58482e-01
  2.23000e+01  1.50286e-01
  2.23200e+01  1.58225e-01
  2.23400e+01  1.66999e-01
  2.23600e+01  1.48740e-01
  2.23800e+01  1.16883e-01
  2.24000e+01  1.09410e-01
  2.24200e+01  1.32033e-01
  2.24400e+01  1.60373e-01
  2.24600e+01  1.73272e-01
  2.24800e+01  1.69293e-01
  2.25000e+01  1.61359e-01
  2.25200e+01  1.47404e-01
  2.25400e+01  1.17299e-01
  2.25600e+01  8.81234e-02
  2.25800e+01  7.67949e-02
  2.26000e+01  6.65621e-02
  2.26200e+01  3.82141e-02
  2.26400e+01 -6.68159e-03
  2.26600e+01 -5.42983e-02
  2.26800e+01 -8.49818e-02
  2.27000e+01 -9.09670e-02
  2.27200e+01 -8.62755e-02
  2.27400e+01 -8.17453e-02
  2.27600e+01 -7.67175e-02
  2.27800e+01 -7.97067e-02
  2.28000e+01 -9.45004e-02
  2.28200e+01 -1.01951e-01
  2.28400e+01 -9.17504e-02
  2.28600e+01 -7.73117e-02
  2.28800e+01 -7.31758e-02
  2.29000e+01 -8.71842e-02
  2.29200e+01 -1.12391e-01
  2.29400e+01 -1.26843e-01
  2.29600e+01 -1.23773e-01
  2.29800e+01 -1.11095e-01
  2.30000e+01 -8.64398e-02
  2.30200e+01 -5.63384e-02
  2.30400e+01 -4.29388e-02
  2.30600e+01 -4.53131e-02
  2.30800e+01 -4.75763e-02
  2.31000e+01 -5.37090e-02
  2.31200e+01 -6.83162e-02
  2.31400e+01 -7.66370e-02
  2.31600e+01 -6.73831e-02
  2.31800e+01 -5.42929e-02
  2.32000e+01 -6.03579e-02
  2.32200e+01 -8.00632e-02
  2.32400e+01 -8.33262e-02
  2.32600e+01 -6.01843e-02
  2.32800e+01 -3.12796e-02
  2.33000e+01 -2.08053e-02
  2.33200e+01 -3.55168e-02
  2.33400e+01 -6.15685e-02
  2.33600e+01 -7.89757e-02
  2.33800e+01 -7.96084e-02
  2.34000e+01 -6.84927e-02
  2.34200e+01 -5.25179e-02
  2.34400e+01 -3.04890e-02
  2.34600e+01  5.09930e-03
  2.34800e+01  5.11602e-02
  2.35000e+01  9.23102e-02
  2.35200e+01  1.22931e-01
  2.35400e+01  1.44655e-01
  2.35600e+01  1.53823e-01
  2.35800e+01  1.56024e-01
  2.36000e+01  1.61129e-01
  2.36200e+01  1.62841e-01
  2.36400e+01  1.53548e-01
  2.36600e+01  1.40652e-01
  2.36800e+01  1.32752e-01
  2.37000e+01  1.23429e-01
  2.37200e+01  9.89585e-02
  2.37400e+01  6.36443e-02
  2.37600e+01  4.09404e-02
  2.37800e+01  4.07877e-02
  2.38000e+01  4.67055e-02
  2.38200e+01  4.28821e-02
  2.38400e+01  3.05304e-02
  2.38600e+01  1.61070e-02
  2.38800e+01  8.97384e-03
  2.39000e+01  1.48671e-02
  2.39200e+01  1.48322e-02
  2.39400e+01 -1.32550e-02
  2.39600e+01 -5.80055e-02
  2.39800e+01 -9.56703e-02
  2.40000e+01 -1.17874e-01
  2.40200e+01 -1.22507e-01
  2.40400e+01 -1.13200e-01
  2.40600e+01 -1.01230e-01
  2.40800e+01 -8.90626e-02
  2.41000e+01 -7.15371e-02
  2.41200e+01 -4.55322e-02
  2.41400e+01 -3.54920e-03
  2.41600e+01  5.02464e-02
  2.41800e+01  8.79037e-02
  2.42000e+01  9.81205e-02
  2.42200e+01  9.77979e-02
  2.42400e+01  9.63043e-02
  2.42600e+01  9.44507e-02
  2.42800e+01  9.26697e-02
  2.43000e+01  8.62447e-02
  2.43200e+01  7.30231e-02
  2.43400e+01  4.87966e-02
  2.43600e+01  1.02915e-02
  2.43800e+01 -2.49060e-02
  2.44000e+01 -3.71581e-02
  2.44200e+01 -3.42867e-02
  2.44400e+01 -3.34870e-02
  2.44600e+01 -3.70029e-02
  2.44800e+01 -4.59711e-02
  2.45000e+01 -6.57317e-02
  2.45200e+01 -8.40649e-02
  2.45400e+01 -8.25233e-02
  2.45600e+01 -6.59966e-02
  2.45800e+01 -5.20831e-02
  2.46000e+01 -4.82859e-02
  2.46200e+01 -5.07250e-02
  2.46400e+01 -5.35862e-02
  2.46600e+01 -5.48525e-02
  2.46800e+01 -5.08517e-02
  2.47000e+01 -3.80967e-02
  2.47200e+01 -2.44376e-02
  2.47400e+01 -1.73307e-02
  2.47600e+01 -8.37215e-03
  2.47800e+01  1.09859e-02
  2.48000e+01  3.52412e-02
  2.48200e+01  5.41678e-02
  2.48400e+01  6.34428e-02
  2.48600e+01  6.93935e-02
  2.48800e+01  8.13288e-02
  2.49000e+01  9.32392e-02
  2.49200e+01  8.71744e-02
  2.49400e+01  6.21520e-02
  2.49600e+01  4.17647e-02
  2.49800e+01  4.20760e-02
  2.50000e+01  5.15105e-02
  2.50200e+01  4.78237e-02
  2.50400e+01  1.99157e-02
  2.50600e+01 -1.86893e-02
  2.50800e+01 -4.00927e-02
  2.51000e+01 -3.13894e-02
  2.51200e+01  2.79001e-04
  2.51400e+01  3.39338e-02
  2.51600e+01  4.29873e-02
  2.51800e+01  2.29230e-02
  2.52000e+01 -7.65623e-03
  2.52200e+01 -3.58127e-02
  2.52400e+01 -5.83408e-02
  2.52600e+01 -7.34217e-02
  2.52800e+01 -8.10196e-02
  2.53000e+01 -7.77032e-02
  2.53200e+01 -5.39540e-02
  2.53400e+01 -1.03182e-02
  2.53600e+01  3.03425e-02
  2.53800e+01  4.42131e-02
  2.54000e+01  3.11477e-02
  2.54200e+01  8.71369e-03
  2.54400e+01 -5.55278e-03
  2.54600e+01 -1.00617e-02
  2.54800e+01 -1.63817e-02
  2.55000e+01 -2.65112e-02
  2.55200e+01 -3.64223e-02
  2.55400e+01 -5.01761e-02
  2.55600e+01 -6.81132e-02
  2.55800e+01 -8.12717e-02
  2.56000e+01 -7.85715e-02
  2.56200e+01 -5.82490e-02
  2.56400e+01 -3.48080e-02
  2.56600e+01 -1.55549e-02
  2.56800e+01  4.77909e-03
  2.57000e+01  1.61702e-02
  2.57200e+01  7.29353e-03
  2.57400e+01 -1.01856e-02
  2.57600e+01 -2.47962e-02
  2.57800e+01 -3.59270e-02
  2.58000e+01 -3.98211e-02
  2.58200e+01 -3.86401e-02
  2.58400e+01 -3.61859e-02
  2.58600e+01 -1.84153e-02
  2.58800e+01  1.66063e-02
  2.59000e+01  4.14111e-02
  2.59200e+01  4.71036e-02
  2.59400e+01  5.29405e-02
  2.59600e+01  6.50250e-02
  2.59800e+01  7.31096e-02
  2.60000e+01  7.29298e-02
  2.60200e+01  6.97872e-02
  2.60400e+01  7.02315e-02
  2.60600e+01  7.78373e-02
  2.60800e+01  9.16408e-02
  2.61000e+01  1.03718e-01
  2.61200e+01  1.07597e-01
  2.61400e+01  1.04446e-01
  2.61600e+01  9.44627e-02
  2.61800e+01  7.71543e-02
  2.62000e+01  5.99572e-02
  2.62200e+01  5.49661e-02
  2.62400e+01  6.43989e-02
  2.62600e+01  7.54113e-02
  2.62800e+01  7.45348e-02
  2.63000e+01  5.70260e-02
  2.63200e+01  2.54434e-02
  2.63400e+01 -9.75405e-03
  2.63600e+01 -3.53256e-02
  2.63800e+01 -4.31160e-02
  2.64000e+01 -3.74019e-02
  2.64200e+01 -3.57263e-02
  2.64400e+01 -4.53449e-02
  2.64600e+01 -5.00759e-02
  2.64800e+01 -4.11298e-02
  2.65000e+01 -3.36613e-02
  2.65200e+01 -3.66767e-02
  2.65400e+01 -4.14705e-02
  2.65600e+01 -4.68112e-02
  2.65800e+01 -6.17033e-02
  2.66000e+01 -8.68681e-02
  2.66200e+01 -1.17401e-01
  2.66400e+01 -1.46181e-01
  2.66600e+01 -1.59996e-01
  2.66800e+01 -1.57655e-01
  2.67000e+01 -1.52722e-01
  2.67200e+01 -1.48630e-01
  2.67400e+01 -1.42917e-01
  2.67600e+01 -1.36354e-01
  2.67800e+01 -1.20477e-01
  2.68000e+01 -9.08081e-02
  2.68200e+01 -6.32925e-02
  2.68400e+01 -5.06121e-02
  2.68600e+01 -4.34041e-02
  2.68800e+01 -3.02742e-02
  2.69000e+01 -1.84893e-02
  2.69200e+01 -2.02812e-02
  2.69400e+01 -2.91971e-02
  2.69600e+01 -2.73539e-02
  2.69800e+01 -1.14840e-02
  2.70000e+01  4.56346e-03
  2.70200e+01  1.26443e-02
  2.70400e+01  2.10580e-02
  2.70600e+01  3.85364e-02
  2.70800e+01  6.13458e-02
  2.71000e+01  8.26413e-02
  2.71200e+01  9.78945e-02
  2.71400e+01  1.00472e-01
  2.71600e+01  9.16303e-02
  2.71800e+01  8.42721e-02
  2.72000e+01  8.72904e-02
  2.72200e+01  1.02396e-01
  2.72400e+01  1.25875e-01
  2.72600e+01  1.41831e-01
  2.72800e+01  1.32014e-01
  2.73000e+01  9.78055e-02
  2.73200e+01  6.16589e-02
  2.73400e+01  4.08964e-02
  2.73600e+01  2.75834e-02
  2.73800e+01  7.75400e-03
  2.74000e+01 -1.34352e-02
  2.74200e+01 -2.59883e-02
  2.74400e+01 -3.13966e-02
  2.74600e+01 -2.83693e-02
  2.74800e+01 -1.31495e-02
  2.75000e+01  1.92498e-03
  2.75200e+01 -1.60839e-04
  2.75400e+01 -1.38777e-02
  2.75600e+01 -1.61067e-02
  2.75800e+01  9.65751e-04
  2.76000e+01  2.13338e-02
  2.76200e+01  3.10905e-02
  2.76400e+01  3.12593e-02
  2.76600e+01  3.02021e-02
  2.76800e+01  3.49595e-02
  2.77000e+01  4.22027e-02
  2.77200e+01  3.93885e-02
  2.77400e+01  2.14534e-02
  2.77600e+01  1.38683e-03
  2.77800e+01 -5.88176e-03
  2.78000e+01 -1.33772e-03
  2.78200e+01  5.45535e-03
  2.78400e+01  5.46690e-03
  2.78600e+01 -6.79098e-03
  2.78800e+01 -2.53931e-02
  2.79000e+01 -3.12520e-02
  2.79200e+01 -9.03510e-03
  2.79400e+01  2.89330e-02
  2.79600e+01  5.53186e-02
  2.79800e+01  6.60364e-02
  2.80000e+01  7.81877e-02
  2.80200e+01  9.53269e-02
  2.80400e+01  9.89327e-02
  2.80600e+01  7.91297e-02
  2.80800e+01  4.84312e-02
  2.81000e+01  1.69891e-02
  2.81200e+01 -6.87661e-03
  2.81400e+01 -9.10970e-03
  2.81600e+01  3.22246e-03
  2.81800e+01  9.67280e-03
  2.82000e+01  8.35646e-03
  2.82200e+01  3.91130e-03
  2.82400e+01 -5.04858e-03
  2.82600e+01 -1.53541e-02
  2.82800e+01 -2.23209e-02
  2.83000e+01 -2.43570e-02
  2.83200e+01 -1.60417e-02
  2.83400e+01  4.84055e-03
  2.83600e+01  2.26576e-02
  2.83800e+01  2.24190e-02
  2.84000e+01  1.46069e-02
  2.84200e+01  7.38539e-03
  2.84400e+01 -1.38219e-02
  2.84600e+01 -4.85911e-02
  2.84800e+01 -7.73222e-02
  2.85000e+01 -9.96819e-02
  2.85200e+01 -1.23338e-01
  2.85400e+01 -1.36486e-01
  2.85600e+01 -1.30507e-01
  2.85800e+01 -1.24157e-01
  2.86000e+01 -1.37657e-01
  2.86200e+01 -1.58462e-01
  2.86400e+01 -1.61453e-01
  2.86600e+01 -1.48084e-01
  2.86800e+01 -1.31360e-01
  2.87000e+01 -1.10392e-01
  2.87200e+01 -8.75188e-02
  2.87400e+01 -7.11963e-02
  2.87600e+01 -5.97628e-02
  2.87800e+01 -5.44423e-02
  2.88000e+01 -6.54901e-02
  2.88200e+01 -9.11396e-02
  2.88400e+01 -1.13410e-01
  2.88600e+01 -1.18959e-01
  2.88800e+01 -1.12070e-01
  2.89000e+01 -1.02675e-01
  2.89200e+01 -9.42684e-02
  2.89400e+01 -8.55199e-02
  2.89600e+01 -7.15303e-02
  2.89800e+01 -4.76108e-02
  2.90000e+01 -1.33374e-02
  2.90200e+01  2.49093e-02
  2.90400e+01  5.30455e-02
  2.90600e+01  6.60169e-02
  2.90800e+01  7.69711e-02
  2.91000e+01  9.51426e-02
  2.91200e+01  1.11699e-01
  2.91400e+01  1.14581e-01
  2.91600e+01  1.06178e-01
  2.91800e+01  9.96974e-02
  2.92000e+01  1.00144e-01
  2.92200e+01  1.01610e-01
  2.92400e+01  1.03165e-01
  2.92600e+01  1.08868e-01
  2.92800e+01  1.15710e-01
  2.93000e+01  1.18677e-01
  2.93200e+01  1.18314e-01
  2.93400e+01  1.17997e-01
  2.93600e+01  1.22025e-01
  2.93800e+01  1.30035e-01
  2.94000e+01  1.38365e-01
  2.94200e+01  1.47074e-01
  2.94400e+01  1.52732e-01
  2.94600e+01  1.51693e-01
  2.94800e+01  1.50143e-01
  2.95000e+01  1.54188e-01
  2.95200e+01  1.62854e-01
  2.95400e+01  1.66986e-01
  2.95600e+01  1.52413e-01
  2.95800e+01  1.17959e-01
  2.96000e+01  7.93202e-02
  2.96200e+01  5.04583e-02
  2.96400e+01  3.36443e-02
  2.96600e+01  2.67544e-02
  2.96800e+01  2.55482e-02
  2.97000e+01  1.91856e-02
  2.97200e+01  6.37764e-04
  2.97400e+01 -2.68642e-02
  2.97600e+01 -5.94987e-02
  2.97800e+01 -9.21436e-02
  2.98000e+01 -1.17991e-01
  2.98200e+01 -1.37974e-01
  2.98400e+01 -1.56076e-01
  2.98600e+01 -1.69321e-01
  2.98800e+01 -1.70695e-01
  2.99000e+01 -1.57446e-01
  2.99200e+01 -1.37487e-01
  2.99400e+01 -1.24621e-01
  2.99600e+01 -1.25745e-01
  2.99800e+01 -1.37019e-01
  3.00000e+01 -1.46531e-01
  3.00200e+01 -1.43038e-01
  3.00400e+01 -1.24693e-01
  3.00600e+01 -9.30196e-02
  3.00800e+01 -5.39223e-02
  3.01000e+01 -2.31943e-02
  3.01200e+01 -7.83501e-03
  3.01400e+01  4.12496e-03
  3.01600e+01  2.26668e-02
  3.01800e+01  3.94827e-02
  3.02000e+01  3.92291e-02
  3.02200e+01  2.63932e-02
  3.02400e+01  2.38271e-02
  3.02600e+01  3.61776e-02
  3.02800e+01  4.86726e-02
  3.03000e+01  6.09717e-02
  3.03200e+01  8.01366e-02
  3.03400e+01  9.50943e-02
  3.03600e+01  8.95695e-02
  3.03800e+01  6.49613e-02
  3.04000e+01  3.91207e-02
  3.04200e+01  2.69292e-02
  3.04400e+01  2.56665e-02
  3.04600e+01  2.41561e-02
  3.04800e+01  1.94596e-02
  3.05000e+01  2.31397e-02
  3.05200e+01  4.70998e-02
  3.05400e+01  7.36573e-02
  3.05600e+01  7.32960e-02
  3.05800e+01  5.64778e-02
  3.06000e+01  5.03063e-02
  3.06200e+01  4.91961e-02
  3.06400e+01  4.16457e-02
  3.06600e+01  3.59201e-02
  3.06800e+01  3.41536e-02
  3.07000e+01  2.39872e-02
  3.07200e+01  2.03161e-03
  3.07400e+01 -1.25618e-02
  3.07600e+01 -4.58352e-03
  3.07800e+01  8.32759e-03
  3.08000e+01  5.92868e-03
  3.08200e+01 -5.72256e-03
  3.08400e+01 -1.33547e-02
  3.08600e+01 -4.91739e-03
  3.08800e+01  1.84127e-02
  3.09000e+01  2.60025e-02
  3.09200e+01  4.65656e-04
  3.09400e+01 -3.08301e-02
  3.09600e+01 -4.42063e-02
  3.09800e+01 -4.90232e-02
  3.10000e+01 -5.19917e-02
  3.10200e+01 -4.82373e-02
  3.10400e+01 -4.71032e-02
  3.10600e+01 -5.67863e-02
  3.10800e+01 -6.53064e-02
  3.11000e+01 -6.66628e-02
  3.11200e+01 -7.06959e-02
  3.11400e+01 -8.57510e-02
  3.11600e+01 -1.11784e-01
  3.11800e+01 -1.33526e-01
  3.12000e+01 -1.28914e-01
  3.12200e+01 -1.00015e-01
  3.12400e+01 -7.39062e-02
  3.12600e+01 -6.72042e-02
  3.12800e+01 -7.11446e-02
  3.13000e+01 -7.11710e-02
  3.13200e+01 -6.16387e-02
  3.13400e+01 -4.77006e-02
  3.13600e+01 -4.20472e-02
  3.13800e+01 -4.67890e-02
  3.14000e+01 -4.70920e-02
  3.14200e+01 -3.34090e-02
  3.14400e+01 -1.56265e-02
  3.14600e+01 -9.78980e-03
  3.14800e+01 -1.54060e-02
  3.15000e+01 -1.66416e-02
  3.15200e+01 -4.98584e-03
  3.15400e+01  1.58714e-02
  3.15600e+01  3.36040e-02
  3.15800e+01  3.26464e-02
  3.16000e+01  1.78792e-02
  3.16200e+01  8.32800e-03
  3.16400e+01  7.13641e-03
  3.16600e+01  1.60378e-02
  3.16800e+01  4.40758e-02
  3.17000e+01  8.22044e-02
  3.17200e+01  1.12958e-01
  3.17400e+01  1.29179e-01
  3.17600e+01  1.26713e-01
  3.17800e+01  1.11887e-01
  3.18000e+01  1.01900e-01
  3.18200e+01  1.01346e-01
  3.18400e+01  1.06356e-01
  3.18600e+01  1.17557e-01
  3.18800e+01  1.23042e-01
  3.19000e+01  1.07216e-01
  3.19200e+01  8.41343e-02
  3.19400e+01  7.33385e-02
  3.19600e+01  6.67659e-02
  3.19800e+01  5.19377e-02
  3.20000e+01  2.19380e-02
  3.20200e+01 -2.49585e-02
  3.20400e+01 -6.26605e-02
  3.20600e+01 -6.58125e-02
  3.20800e+01 -5.16648e-02
  3.21000e+01 -4.72978e-02
  3.21200e+01 -6.12560e-02
  3.21400e+01 -9.43197e-02
  3.21600e+01 -1.29260e-01
  3.21800e+01 -1.38315e-01
  3.22000e+01 -1.22972e-01
  3.22200e+01 -1.08250e-01
  3.22400e+01 -1.03525e-01
  3.22600e+01 -9.93714e-02
  3.22800e+01 -8.94893e-02
  3.23000e+01 -7.33805e-02
  3.23200e+01 -4.74820e-02
  3.23400e+01 -1.39813e-02
  3.23600e+01  1.35545e-02
  3.23800e+01  2.58359e-02
  3.24000e+01  2.56805e-02
  3.24200e+01  2.05341e-02
  3.24400e+01  1.36201e-02
  3.24600e+01  9.20176e-03
  3.24800e+01  2.02318e-02
  3.25000e+01  4.29515e-02
  3.25200e+01  5.13556e-02
  3.25400e+01  4.35601e-02
  3.25600e+01  4.30728e-02
  3.25800e+01  4.72833e-02
  3.26000e+01  3.55537e-02
  3.26200e+01  2.21265e-02
  3.26400e+01  2.74491e-02
  3.26600e+01  2.58883e-02
  3.26800e+01  1.86577e-03
  3.27000e+01 -1.42910e-02
  3.27200e+01 -9.58636e-03
  3.27400e+01  4.89751e-03
  3.27600e+01  2.46250e-02
  3.27800e+01  3.08121e-02
  3.28000e+01  7.85076e-03
  3.28200e+01 -1.85313e-02
  3.28400e+01 -1.96207e-02
  3.28600e+01 -4.15253e-03
  3.28800e+01  2.59247e-03
  3.29000e+01 -9.25707e-03
  3.29200e+01 -2.20862e-02
  3.29400e+01 -1.42624e-02
  3.29600e+01  5.60770e-03
  3.29800e+01  1.78423e-02
  3.30000e+01  2.29941e-02
  3.30200e+01  1.71855e-02
  3.30400e+01 -8.80511e-03
  3.30600e+01 -2.09246e-02
  3.30800e+01  1.83763e-02
  3.31000e+01  7.25525e-02
  3.31200e+01  9.03042e-02
  3.31400e+01  8.48922e-02
  3.31600e+01  8.66495e-02
  3.31800e+01  9.36760e-02
  3.32000e+01  9.21092e-02
  3.32200e+01  7.51270e-02
  3.32400e+01  5.56314e-02
  3.32600e+01  5.85692e-02
  3.32800e+01  8.12395e-02
  3.33000e+01  1.01508e-01
  3.33200e+01  1.11032e-01
  3.33400e+01  1.00713e-01
  3.33600e+01  6.30109e-02
  3.33800e+01  1.45227e-02
  3.34000e+01 -2.04762e-02
  3.34200e+01 -2.86906e-02
  3.34400e+01 -1.60041e-02
  3.34600e+01 -5.00835e-03
  3.34800e+01 -1.15228e-03
  3.35000e+01  1.61022e-02
  3.35200e+01  4.98246e-02
  3.35400e+01  6.97392e-02
  3.35600e+01  5.65610e-02
  3.35800e+01  1.99423e-02
  3.36000e+01 -3.14075e-02
  3.36200e+01 -9.17142e-02
  3.36400e+01 -1.50911e-01
  3.36600e+01 -1.92288e-01
  3.36800e+01 -1.84294e-01
  3.37000e+01 -1.31838e-01
  3.37200e+01 -8.62553e-02
  3.37400e+01 -5.07927e-02
  3.37600e+01 -3.16330e-03
  3.37800e+01  1.37479e-02
  3.38000e+01 -3.05369e-02
  3.38200e+01 -7.75023e-02
  3.38400e+01 -7.36527e-02
  3.38600e+01 -4.65539e-02
  3.38800e+01 -4.53100e-02
  3.39000e+01 -6.22497e-02
  3.39200e+01 -6.48789e-02
  3.39400e+01 -7.21948e-02
  3.39600e+01 -9.57280e-02
  3.39800e+01 -7.80076e-02
  3.40000e+01 -1.49887e-02
  3.40200e+01  1.09023e-02
  3.40400e+01 -2.04066e-02
  3.40600e+01 -5.43680e-02
  3.40800e+01 -5.74716e-02
  3.41000e+01 -3.08911e-02
  3.41200e+01 -2.05041e-04
  3.41400e+01  9.22725e-04
  3.41600e+01 -2.77634e-02
  3.41800e+01 -4.36556e-02
  3.42000e+01 -1.47455e-02
  3.42200e+01  2.29044e-02
  3.42400e+01  1.74844e-02
  3.42600e+01 -6.09373e-03
  3.42800e+01 -5.74150e-04
  3.43000e+01  1.26244e-02
  3.43200e+01  8.85735e-03
  3.43400e+01  1.67861e-02
  3.43600e+01  3.91928e-02
  3.43800e+01  3.88957e-02
  3.44000e+01  1.65938e-02
  3.44200e+01  8.88252e-03
  3.44400e+01  3.28393e-02
  3.44600e+01  6.72415e-02
  3.44800e+01  7.65332e-02
  3.45000e+01  5.88625e-02
  3.45200e+01  4.90330e-02
  3.45400e+01  6.08385e-02
  3.45600e+01  7.03465e-02
  3.45800e+01  6.27758e-02
  3.46000e+01  4.49034e-02
  3.46200e+01  2.33738e-02
  3.46400e+01  8.14624e-03
  3.46600e+01  1.90602e-03
  3.46800e+01 -8.12760e-03
  3.47000e+01 -1.54843e-02
  3.47200e+01 -6.43128e-03
  3.47400e+01 -3.88393e-03
  3.47600e+01 -2.60863e-02
  3.47800e+01 -4.15536e-02
  3.48000e+01 -2.74855e-02
  3.48200e+01 -1.01238e-02
  3.48400e+01 -5.12554e-03
  3.48600e+01  6.10821e-03
  3.48800e+01  2.51387e-02
  3.49000e+01  3.59501e-02
  3.49200e+01  3.80295e-02
  3.49400e+01  2.89786e-02
  3.49600e+01  3.10691e-04
  3.49800e+01 -3.26408e-02
  3.50000e+01 -4.80090e-02
  3.50200e+01 -4.63318e-02
  3.50400e+01 -3.45657e-02
  3.50600e+01 -2.23025e-02
  3.50800e+01 -2.74398e-02
  3.51000e+01 -4.99351e-02
  3.51200e+01 -6.72605e-02
  3.51400e+01 -7.03672e-02
  3.51600e+01 -7.28194e-02
  3.51800e+01 -7.61485e-02
  3.52000e+01 -6.02485e-02
  3.52200e+01 -2.49904e-02
  3.52400e+01  3.88182e-03
  3.52600e+01  1.78240e-02
  3.52800e+01  1.85763e-02
  3.53000e+01 -1.46760e-03
  3.53200e+01 -2.76174e-02
  3.53400e+01 -3.09269e-02
  3.53600e+01 -1.38043e-02
  3.53800e+01  1.08328e-03
  3.54000e+01  4.20895e-03
  3.54200e+01  3.36558e-03
  3.54400e+01  1.19820e-02
  3.54600e+01  3.35115e-02
  3.54800e+01  5.34805e-02
  3.55000e+01  5.68757e-02
  3.55200e+01  5.59839e-02
  3.55400e+01  7.25411e-02
  3.55600e+01  9.57672e-02
  3.55800e+01  9.82839e-02
  3.56000e+01  8.18615e-02
  3.56200e+01  7.19516e-02
  3.56400e+01  6.83959e-02
  3.56600e+01  4.37448e-02
  3.56800e+01  8.58510e-03
  3.57000e+01  9.92887e-03
  3.57200e+01  4.42267e-02
  3.57400e+01  5.83922e-02
  3.57600e+01  3.76938e-02
  3.57800e+01  1.17872e-02
  3.58000e+01 -1.18885e-03
  3.58200e+01 -1.71769e-03
  3.58400e+01  6.89991e-03
  3.58600e+01  2.19714e-02
  3.58800e+01  3.66668e-02
  3.59000e+01  3.15875e-02
  3.59200e+01 -7.19303e-04
  3.59400e+01 -3.20704e-02
  3.59600e+01 -4.23536e-02
  3.59800e+01 -5.16025e-02
  3.60000e+01 -6.89986e-02
  3.60200e+01 -7.01616e-02
  3.60400e+01 -5.42180e-02
  3.60600e+01 -5.22373e-02
  3.60800e+01 -7.09046e-02
  3.61000e+01 -8.33479e-02
  3.61200e+01 -6.66385e-02
  3.61400e+01 -2.78713e-02
  3.61600e+01  6.38551e-03
  3.61800e+01  2.18539e-02
  3.62000e+01  1.49372e-02
  3.62200e+01 -1.61105e-02
  3.62400e+01 -5.32721e-02
  3.62600e+01 -7.36331e-02
  3.62800e+01 -7.41877e-02
  3.63000e+01 -5.65558e-02
  3.63200e+01 -3.06058e-02
  3.63400e+01 -1.97477e-02
  3.63600e+01 -1.99590e-02
  3.63800e+01 -6.79214e-03
  3.64000e+01  1.18967e-02
  3.64200e+01  1.82375e-02
  3.64400e+01  1.66867e-02
  3.64600e+01  8.47901e-03
  3.64800e+01 -6.81764e-04
  3.65000e+01  7.09162e-03
  3.65200e+01  2.40940e-02
  3.65400e+01  3.56186e-02
  3.65600e+01  4.94198e-02
  3.65800e+01  5.84156e-02
  3.66000e+01  4.71853e-02
  3.66200e+01  2.91129e-02
  3.66400e+01  2.26676e-02
  3.66600e+01  3.87659e-02
  3.66800e+01  7.82368e-02
  3.67000e+01  1.09116e-01
  3.67200e+01  1.04288e-01
  3.67400e+01  8.11675e-02
  3.67600e+01  6.62673e-02
  3.67800e+01  6.86124e-02
  3.68000e+01  8.15742e-02
  3.68200e+01  8.12551e-02
  3.68400e+01  5.15537e-02
  3.68600e+01  1.44513e-02
  3.68800e+01  3.23478e-03
  3.69000e+01  1.49577e-02
  3.69200e+01  2.48158e-02
  3.69400e+01  2.64704e-02
  3.69600e+01  2.47462e-02
  3.69800e+01  1.85145e-02
  3.70000e+01  1.17453e-02
  3.70200e+01  1.50597e-02
  3.70400e+01  2.86539e-02
  3.70600e+01  3.80345e-02
  3.70800e+01  2.74326e-02
  3.71000e+01 -2.35118e-03
  3.71200e+01 -3.08412e-02
  3.71400e+01 -4.16430e-02
  3.71600e+01 -3.67936e-02
  3.71800e+01 -2.15479e-02
  3.72000e+01 -3.27773e-04
  3.72200e+01  7.82924e-03
  3.72400e+01 -1.78659e-02
  3.72600e+01 -5.43343e-02
  3.72800e+01 -4.75877e-02
  3.73000e+01  3.99698e-03
  3.73200e+01  4.32674e-02
  3.73400e+01  3.12069e-02
  3.73600e+01 -2.85123e-02
  3.73800e+01 -9.61527e-02
  3.74000e+01 -1.06386e-01
  3.74200e+01 -4.98276e-02
  3.74400e+01 -3.98970e-03
  3.74600e+01 -5.25851e-03
  3.74800e+01 -3.83136e-03
  3.75000e+01  8.58056e-03
  3.75200e+01 -3.51977e-03
  3.75400e+01 -1.49068e-02
  3.75600e+01 -1.95482e-03
  3.75800e+01 -8.07250e-03
  3.76000e+01 -4.23555e-02
  3.76200e+01 -5.93963e-02
  3.76400e+01 -5.31350e-02
  3.76600e+01 -4.71390e-02
  3.76800e+01 -4.33086e-02
  3.77000e+01 -4.19301e-02
  3.77200e+01 -5.51683e-02
  3.77400e+01 -8.41319e-02
  3.77600e+01 -1.09956e-01
  3.77800e+01 -1.13750e-01
  3.78000e+01 -9.56215e-02
  3.78200e+01 -6.64824e-02
  3.78400e+01 -3.82377e-02
  3.78600e+01 -2.72309e-02
  3.78800e+01 -3.42275e-02
  3.79000e+01 -2.77933e-02
  3.79200e+01  1.05322e-03
  3.79400e+01  1.19948e-02
  3.79600e+01 -4.96087e-03
  3.79800e+01 -2.15669e-02
  3.80000e+01 -3.22707e-02
  3.80200e+01 -4.09346e-02
  3.80400e+01 -4.37175e-02
  3.80600e+01 -4.01769e-02
  3.80800e+01 -3.10350e-02
  3.81000e+01 -3.53381e-02
  3.81200e+01 -4.37851e-02
  3.81400e+01  6.39923e-03
  3.81600e+01  8.81066e-02
  3.81800e+01  1.09715e-01
  3.82000e+01  8.69909e-02
  3.82200e+01  5.94228e-02
  3.82400e+01  1.61193e-02
  3.82600e+01  1.93402e-03
  3.82800e+01  5.40611e-02
  3.83000e+01  9.48894e-02
  3.83200e+01  6.56255e-02
  3.83400e+01  3.26052e-02
  3.83600e+01  3.77314e-02
  3.83800e+01  3.28189e-02
  3.84000e+01  4.13635e-02
  3.84200e+01  9.08586e-02
  3.84400e+01  7.93322e-02
  3.84600e+01  3.61567e-03
  3.84800e+01 -1.84339e-02
  3.85000e+01 -1.33102e-03
  3.85200e+01  7.50851e-03
  3.85400e+01  3.60283e-02
  3.85600e+01  5.53377e-02
  3.85800e+01  2.75962e-02
  3.86000e+01 -1.34822e-02
  3.86200e+01 -4.55692e-02
  3.86400e+01 -6.63247e-02
  3.86600e+01 -5.62733e-02
  3.86800e+01 -2.23635e-02
  3.87000e+01 -2.46471e-03
  3.87200e+01 -6.45112e-03
  3.87400e+01 -1.24895e-02
  3.87600e+01 -6.35883e-03
  3.87800e+01  8.58113e-03
  3.88000e+01  1.95390e-02
  3.88200e+01  1.58804e-02
  3.88400e+01  1.12812e-03
  3.88600e+01 -1.28233e-02
  3.88800e+01 -1.70986e-02
  3.89000e+01 -8.63707e-03
  3.89200e+01  5.44493e-03
  3.89400e+01  1.10958e-02
  3.89600e+01  4.54466e-03
  3.89800e+01 -3.40169e-03
  3.90000e+01 -3.50508e-03
  3.90200e+01  1.80508e-03
  3.90400e+01  5.77202e-03
  3.90600e+01  5.71151e-03
  3.90800e+01  1.27608e-03
  3.91000e+01 -6.11149e-03
  3.91200e+01 -1.06853e-02
  3.91400e+01 -7.03644e-03
  3.91600e+01  5.07828e-03
  3.91800e+01  2.03194e-02
  3.92000e+01  2.88969e-02
  3.92200e+01  2.38781e-02
  3.92400e+01  8.81554e-03
  3.92600e+01 -3.98019e-03
  3.92800e+01 -4.35394e-03
  3.93000e+01  4.71973e-03
  3.93200e+01  1.17825e-02
  3.93400e+01  1.20918e-02
  3.93600e+01  8.58327e-03
  3.93800e+01  2.14741e-03
  3.94000e+01 -5.32863e-03
  3.94200e+01 -6.96185e-03
  3.94400e+01 -2.01454e-03
  3.94600e+01  2.00971e-03
  3.94800e+01  1.70895e-03
  3.95000e+01 -7.28677e-04
  3.95200e+01 -3.31695e-03
  3.95400e+01 -4.68671e-03
  3.95600e+01 -4.54395e-03
  3.95800e+01 -3.84783e-03
  3.96000e+01 -2.97749e-03
  3.96200e+01 -2.13795e-03
  3.96400e+01 -1.96790e-03
  3.96600e+01 -2.33233e-03
  3.96800e+01 -2.52556e-03
  3.97000e+01 -2.43781e-03
  3.97200e+01 -2.31659e-03
  3.97400e+01 -2.22675e-03
  3.97600e+01 -2.14905e-03
  3.97800e+01 -2.05415e-03
  3.98000e+01 -1.90553e-03
  3.98200e+01 -1.72754e-03
  3.98400e+01 -1.56417e-03
  3.98600e+01 -1.42017e-03
  3.98800e+01 -1.29024e-03
  3.99000e+01 -1.16969e-03
  3.99200e+01 -1.05061e-03
  3.99400e+01 -9.27149e-04
  3.99600e+01 -8.04119e-04
  3.99800e+01 -6.85477e-04
