  0.00000e+00  0.00000e+00
  2.00000e-02 -2.02969e-03
  4.00000e-02 -9.65632e-04
  6.00000e-02 -6.20081e-04
  8.00000e-02 -2.47997e-04
  1.00000e-01  1.57738e-04
  1.20000e-01  5.89865e-04
  1.40000e-01  1.00342e-03
  1.60000e-01  1.39683e-03
  1.80000e-01  1.85645e-03
  2.00000e-01  2.36749e-03
  2.20000e-01  2.86122e-03
  2.40000e-01  3.31084e-03
  2.60000e-01  3.73943e-03
  2.80000e-01  4.70921e-03
  3.00000e-01  6.55677e-03
  3.20000e-01  8.03894e-03
  3.40000e-01  8.47526e-03
  3.60000e-01  8.50140e-03
  3.80000e-01  6.78549e-03
  4.00000e-01  3.03452e-03
  4.20000e-01  1.89852e-03
  4.40000e-01  5.49374e-03
  4.60000e-01  9.52948e-03
  4.80000e-01  1.39587e-02
  5.00000e-01  2.26937e-02
  5.20000e-01  2.43433e-02
  5.40000e-01  7.69911e-03
  5.60000e-01 -3.50474e-03
  5.80000e-01  6.38392e-03
  6.00000e-01  9.82969e-03
  6.20000e-01  5.76601e-03
  6.40000e-01  2.20824e-02
  6.60000e-01  4.25266e-02
  6.80000e-01  4.23314e-02
  7.00000e-01  2.76292e-02
  7.20000e-01  4.01909e-03
  7.40000e-01 -6.04886e-03
  7.60000e-01  1.57198e-02
  7.80000e-01  2.85475e-02
  8.00000e-01  8.66858e-03
  8.20000e-01 -3.27155e-03
  8.40000e-01  1.39449e-02
  8.60000e-01  3.56402e-02
  8.80000e-01  3.11937e-02
  9.00000e-01  2.58811e-03
  9.20000e-01 -1.04260e-03
  9.40000e-01  4.06810e-02
  9.60000e-01  6.37727e-02
  9.80000e-01  1.19249e-02
  1.00000e+00 -5.55361e-02
  1.02000e+00 -3.60581e-02
  1.04000e+00  3.19129e-02
  1.06000e+00  4.33925e-02
  1.08000e+00  6.53775e-02
  1.10000e+00  1.53760e-01
  1.12000e+00  1.28814e-01
  1.14000e+00 -5.78655e-02
  1.16000e+00 -1.63646e-01
  1.18000e+00 -1.20486e-01
  1.20000e+00 -1.17291e-01
  1.22000e+00 -1.51395e-01
  1.24000e+00 -4.15519e-02
  1.26000e+00  1.10796e-01
  1.28000e+00  4.95437e-02
  1.30000e+00 -1.22495e-01
  1.32000e+00 -1.35152e-01
  1.34000e+00 -3.66357e-02
  1.36000e+00 -3.39946e-02
  1.38000e+00 -6.79841e-02
  1.40000e+00  4.02911e-02
  1.42000e+00  1.54208e-01
  1.44000e+00  7.42084e-02
  1.46000e+00 -6.84485e-02
  1.48000e+00 -1.21645e-01
  1.50000e+00 -7.93066e-02
  1.52000e+00  1.33390e-02
  1.54000e+00  2.56081e-03
  1.56000e+00 -7.74895e-02
  1.58000e+00 -5.27085e-02
  1.60000e+00 -1.01502e-02
  1.62000e+00 -2.35680e-02
  1.64000e+00 -4.78123e-02
  1.66000e+00 -7.45350e-02
  1.68000e+00 -1.73137e-02
  1.70000e+00  6.87769e-02
  1.72000e+00  2.61486e-02
  1.74000e+00 -2.94589e-02
  1.76000e+00 -1.87566e-02
  1.78000e+00 -5.38224e-02
  1.80000e+00 -8.30269e-02
  1.82000e+00  2.62742e-02
  1.84000e+00  1.75931e-01
  1.86000e+00  1.18084e-01
  1.88000e+00 -9.87087e-02
  1.90000e+00 -1.49892e-01
  1.92000e+00 -4.26429e-02
  1.94000e+00 -8.89810e-03
  1.96000e+00 -5.74394e-03
  1.98000e+00  3.96777e-02
  2.00000e+00  5.31603e-02
  2.02000e+00  5.89784e-02
  2.04000e+00  6.57273e-02
  2.06000e+00 -2.76209e-02
  2.08000e+00 -1.80937e-01
  2.10000e+00 -2.68018e-01
  2.12000e+00 -2.69591e-01
  2.14000e+00 -1.93233e-01
  2.16000e+00 -4.02485e-02
  2.18000e+00  1.27565e-01
  2.20000e+00  1.79541e-01
  2.22000e+00  6.06241e-02
  2.24000e+00 -7.82328e-02
  2.26000e+00 -1.17638e-01
  2.28000e+00 -1.21521e-01
  2.30000e+00 -1.32310e-01
  2.32000e+00 -1.22994e-01
  2.34000e+00 -7.03095e-02
  2.36000e+00  1.09438e-02
  2.38000e+00  4.48336e-02
  2.40000e+00  4.01851e-02
  2.42000e+00  8.67892e-02
  2.44000e+00  1.06274e-01
  2.46000e+00 -2.36080e-02
  2.48000e+00 -1.71346e-01
  2.50000e+00 -1.56031e-01
  2.52000e+00 -3.85175e-02
  2.54000e+00  2.14449e-02
  2.56000e+00 -3.49658e-03
  2.58000e+00 -1.09978e-02
  2.60000e+00  2.30105e-02
  2.62000e+00  1.71899e-02
  2.64000e+00  2.75675e-02
  2.66000e+00  7.71076e-02
  2.68000e+00  7.57622e-03
  2.70000e+00 -9.51352e-02
  2.72000e+00 -4.47871e-02
  2.74000e+00  3.01523e-02
  2.76000e+00  2.57571e-02
  2.78000e+00  1.86916e-03
  2.80000e+00 -1.52487e-02
  2.82000e+00  1.15551e-02
  2.84000e+00  2.76995e-02
  2.86000e+00 -9.24664e-02
  2.88000e+00 -2.56157e-01
  2.90000e+00 -2.73538e-01
  2.92000e+00 -1.93260e-01
  2.94000e+00 -1.61335e-01
  2.96000e+00 -1.42720e-01
  2.98000e+00 -1.22152e-01
  3.00000e+00 -1.89186e-01
  3.02000e+00 -2.26682e-01
  3.04000e+00 -1.18819e-01
  3.06000e+00 -7.10490e-02
  3.08000e+00 -1.60075e-01
  3.10000e+00 -1.75743e-01
  3.12000e+00 -8.95847e-02
  3.14000e+00  4.82847e-02
  3.16000e+00  3.19468e-01
  3.18000e+00  6.27710e-01
  3.20000e+00  7.99449e-01
  3.22000e+00  8.59395e-01
  3.24000e+00  8.88523e-01
  3.26000e+00  9.65675e-01
  3.28000e+00  1.04953e+00
  3.30000e+00  1.01390e+00
  3.32000e+00  1.04058e+00
  3.34000e+00  1.23197e+00
  3.36000e+00  1.32575e+00
  3.38000e+00  1.43613e+00
  3.40000e+00  1.50936e+00
  3.42000e+00  6.88951e-01
  3.44000e+00 -8.32980e-01
  3.46000e+00 -1.76449e+00
  3.48000e+00 -2.22031e+00
  3.50000e+00 -2.95113e+00
  3.52000e+00 -3.37068e+00
  3.54000e+00 -2.77027e+00
  3.56000e+00 -1.47148e+00
  3.58000e+00 -2.47916e-01
  3.60000e+00  3.46388e-01
  3.62000e+00  3.72265e-01
  3.64000e+00  2.41489e-01
  3.66000e+00  3.92518e-01
  3.68000e+00  1.03139e+00
  3.70000e+00  1.75585e+00
  3.72000e+00  2.41774e+00
  3.74000e+00  3.30891e+00
  3.76000e+00  3.81646e+00
  3.78000e+00  3.33091e+00
  3.80000e+00  2.31486e+00
  3.82000e+00  8.53369e-01
  3.84000e+00 -9.29374e-01
  3.86000e+00 -1.91419e+00
  3.88000e+00 -1.91319e+00
  3.90000e+00 -1.80954e+00
  3.92000e+00 -1.79477e+00
  3.94000e+00 -1.78377e+00
  3.96000e+00 -1.58845e+00
  3.98000e+00 -6.19449e-01
  4.00000e+00  6.81463e-01
  4.02000e+00  1.00090e+00
  4.04000e+00  1.87457e-01
  4.06000e+00 -7.34888e-01
  4.08000e+00 -9.84407e-01
  4.10000e+00 -8.20499e-01
  4.12000e+00 -9.83193e-01
  4.14000e+00 -1.32659e+00
  4.16000e+00 -1.21636e+00
  4.18000e+00 -8.03068e-01
  4.20000e+00 -3.85604e-01
  4.22000e+00  2.10453e-01
  4.24000e+00  8.62734e-01
  4.26000e+00  1.17348e+00
  4.28000e+00  1.12911e+00
  4.30000e+00  9.12995e-01
  4.32000e+00  5.88218e-01
  4.34000e+00  1.82573e-01
  4.36000e+00 -1.95186e-01
  4.38000e+00 -3.80180e-01
  4.40000e+00 -3.84123e-01
  4.42000e+00 -3.72597e-01
  4.44000e+00 -4.03075e-01
  4.46000e+00 -4.05648e-01
  4.48000e+00 -2.49476e-01
  4.50000e+00  2.11853e-02
  4.52000e+00  1.68216e-01
  4.54000e+00  1.81359e-01
  4.56000e+00  7.78312e-02
  4.58000e+00 -2.90249e-01
  4.60000e+00 -6.93245e-01
  4.62000e+00 -7.04105e-01
  4.64000e+00 -3.47359e-01
  4.66000e+00  2.95296e-02
  4.68000e+00  1.90620e-01
  4.70000e+00  2.21153e-01
  4.72000e+00  2.73791e-01
  4.74000e+00  2.19702e-01
  4.76000e+00  1.49127e-02
  4.78000e+00 -3.85365e-02
  4.80000e+00  1.22198e-01
  4.82000e+00  1.67964e-01
  4.84000e+00 -1.20852e-02
  4.86000e+00 -2.26587e-01
  4.88000e+00 -3.08735e-01
  4.90000e+00 -2.03936e-01
  4.92000e+00 -9.96316e-02
  4.94000e+00 -2.54610e-01
  4.96000e+00 -5.67667e-01
  4.98000e+00 -7.47712e-01
  5.00000e+00 -6.77371e-01
  5.02000e+00 -4.32660e-01
  5.04000e+00 -2.23630e-01
  5.06000e+00 -1.94652e-01
  5.08000e+00 -2.36386e-01
  5.10000e+00 -1.54427e-01
  5.12000e+00  5.44312e-02
  5.14000e+00  2.27604e-01
  5.16000e+00  3.18744e-01
  5.18000e+00  3.84997e-01
  5.20000e+00  3.46552e-01
  5.22000e+00  1.91470e-01
  5.24000e+00  1.42856e-01
  5.26000e+00  2.91525e-01
  5.28000e+00  4.92182e-01
  5.30000e+00  6.19090e-01
  5.32000e+00  6.21504e-01
  5.34000e+00  5.55995e-01
  5.36000e+00  5.51534e-01
  5.38000e+00  5.68366e-01
  5.40000e+00  4.69544e-01
  5.42000e+00  2.62767e-01
  5.44000e+00  1.65048e-02
  5.46000e+00 -1.37364e-01
  5.48000e+00 -3.33035e-02
  5.50000e+00  1.86414e-01
  5.52000e+00  2.69525e-01
  5.54000e+00  2.74215e-01
  5.56000e+00  2.53428e-01
  5.58000e+00  5.39781e-02
  5.60000e+00 -2.83560e-01
  5.62000e+00 -4.69292e-01
  5.64000e+00 -4.49760e-01
  5.66000e+00 -4.94686e-01
  5.68000e+00 -6.24388e-01
  5.70000e+00 -5.93177e-01
  5.72000e+00 -4.71311e-01
  5.74000e+00 -4.19986e-01
  5.76000e+00 -3.18244e-01
  5.78000e+00 -1.62640e-01
  5.80000e+00 -1.13648e-01
  5.82000e+00 -1.39126e-01
  5.84000e+00 -6.60735e-02
  5.86000e+00  1.51258e-01
  5.88000e+00  2.70674e-01
  5.90000e+00  1.33817e-01
  5.92000e+00 -7.01721e-03
  5.94000e+00 -3.69425e-02
  5.96000e+00 -1.33240e-01
  5.98000e+00 -2.49924e-01
  6.00000e+00 -2.54843e-01
  6.02000e+00 -2.09861e-01
  6.04000e+00 -1.79955e-01
  6.06000e+00 -1.62035e-01
  6.08000e+00 -1.46202e-01
  6.10000e+00 -1.35373e-01
  6.12000e+00 -1.51479e-01
  6.14000e+00 -1.93494e-01
  6.16000e+00 -2.42391e-01
  6.18000e+00 -2.74294e-01
  6.20000e+00 -2.54229e-01
  6.22000e+00 -1.47266e-01
  6.24000e+00  5.52617e-02
  6.26000e+00  2.44707e-01
  6.28000e+00  3.07430e-01
  6.30000e+00  3.72700e-01
  6.32000e+00  5.74409e-01
  6.34000e+00  7.41017e-01
  6.36000e+00  7.32938e-01
  6.38000e+00  7.03225e-01
  6.40000e+00  7.45120e-01
  6.42000e+00  7.27003e-01
  6.44000e+00  5.99479e-01
  6.46000e+00  5.13761e-01
  6.48000e+00  5.68073e-01
  6.50000e+00  6.73067e-01
  6.52000e+00  7.72968e-01
  6.54000e+00  9.54473e-01
  6.56000e+00  1.20098e+00
  6.58000e+00  1.33043e+00
  6.60000e+00  1.28581e+00
  6.62000e+00  1.19887e+00
  6.64000e+00  1.08292e+00
  6.66000e+00  8.37935e-01
  6.68000e+00  5.73772e-01
  6.70000e+00  4.27349e-01
  6.72000e+00  3.08761e-01
  6.74000e+00  1.64106e-01
  6.76000e+00  2.17327e-02
  6.78000e+00 -1.08487e-01
  6.80000e+00 -2.10981e-01
  6.82000e+00 -4.46082e-01
  6.84000e+00 -9.36999e-01
  6.86000e+00 -1.46181e+00
  6.88000e+00 -1.85199e+00
  6.90000e+00 -2.07813e+00
  6.92000e+00 -1.99740e+00
  6.94000e+00 -1.67060e+00
  6.96000e+00 -1.39551e+00
  6.98000e+00 -1.18657e+00
  7.00000e+00 -8.43602e-01
  7.02000e+00 -4.86592e-01
  7.04000e+00 -4.19438e-01
  7.06000e+00 -5.59277e-01
  7.08000e+00 -5.95879e-01
  7.10000e+00 -4.79827e-01
  7.12000e+00 -3.14745e-01
  7.14000e+00 -1.90915e-01
  7.16000e+00 -1.96637e-01
  7.18000e+00 -2.39642e-01
  7.20000e+00 -1.38012e-01
  7.22000e+00  6.03361e-02
  7.24000e+00  2.00660e-01
  7.26000e+00  2.50316e-01
  7.28000e+00  2.21887e-01
  7.30000e+00  1.25659e-01
  7.32000e+00  3.22075e-02
  7.34000e+00  4.18102e-02
  7.36000e+00  1.58708e-01
  7.38000e+00  2.64664e-01
  7.40000e+00  3.25987e-01
  7.42000e+00  4.61589e-01
  7.44000e+00  6.67287e-01
  7.46000e+00  7.74025e-01
  7.48000e+00  7.36837e-01
  7.50000e+00  6.60443e-01
  7.52000e+00  5.31272e-01
  7.54000e+00  1.78723e-01
  7.56000e+00 -3.34887e-01
  7.58000e+00 -6.27847e-01
  7.60000e+00 -5.37073e-01
  7.62000e+00 -2.26249e-01
  7.64000e+00  1.37848e-01
  7.66000e+00  3.65438e-01
  7.68000e+00  3.61291e-01
  7.70000e+00  2.87989e-01
  7.72000e+00  2.72644e-01
  7.74000e+00  2.72149e-01
  7.76000e+00  2.36426e-01
  7.78000e+00  1.65648e-01
  7.80000e+00  7.86147e-02
  7.82000e+00 -2.44578e-02
  7.84000e+00 -1.15045e-01
  7.86000e+00 -1.01955e-01
  7.88000e+00  6.34586e-02
  7.90000e+00  2.94327e-01
  7.92000e+00  4.17072e-01
  7.94000e+00  3.46341e-01
  7.96000e+00  1.65089e-01
  7.98000e+00  1.62691e-02
  8.00000e+00 -8.39450e-03
  8.02000e+00  6.48646e-02
  8.04000e+00  1.28518e-01
  8.06000e+00  1.35975e-01
  8.08000e+00  1.10817e-01
  8.10000e+00  2.93842e-02
  8.12000e+00 -1.62654e-01
  8.14000e+00 -4.01637e-01
  8.16000e+00 -5.42819e-01
  8.18000e+00 -5.77478e-01
  8.20000e+00 -5.73801e-01
  8.22000e+00 -4.56536e-01
  8.24000e+00 -1.98761e-01
  8.26000e+00 -3.93095e-02
  8.28000e+00 -8.74490e-02
  8.30000e+00 -9.70180e-02
  8.32000e+00  6.43187e-03
  8.34000e+00 -1.67781e-02
  8.36000e+00 -1.92388e-01
  8.38000e+00 -3.03913e-01
  8.40000e+00 -2.46340e-01
  8.42000e+00 -6.91744e-02
  8.44000e+00  9.66172e-02
  8.46000e+00  1.95181e-01
  8.48000e+00  2.79203e-01
  8.50000e+00  3.04187e-01
  8.52000e+00  2.36924e-01
  8.54000e+00  1.81874e-01
  8.56000e+00  1.81311e-01
  8.58000e+00  1.85815e-01
  8.60000e+00  1.38602e-01
  8.62000e+00 -5.38626e-03
  8.64000e+00 -2.24115e-01
  8.66000e+00 -4.24895e-01
  8.68000e+00 -4.85346e-01
  8.70000e+00 -3.69374e-01
  8.72000e+00 -2.27582e-01
  8.74000e+00 -2.00805e-01
  8.76000e+00 -2.13526e-01
  8.78000e+00 -1.71689e-01
  8.80000e+00 -1.16936e-01
  8.82000e+00 -4.93373e-02
  8.84000e+00  4.10136e-02
  8.86000e+00  5.83428e-02
  8.88000e+00 -4.57206e-04
  8.90000e+00 -2.61729e-02
  8.92000e+00 -1.41977e-02
  8.94000e+00 -2.51584e-02
  8.96000e+00 -3.44798e-02
  8.98000e+00  2.24533e-02
  9.00000e+00  1.22129e-01
  9.02000e+00  1.90780e-01
  9.04000e+00  2.32003e-01
  9.06000e+00  2.87192e-01
  9.08000e+00  3.49731e-01
  9.10000e+00  3.59086e-01
  9.12000e+00  2.29539e-01
  9.14000e+00 -2.04488e-03
  9.16000e+00 -1.53728e-01
  9.18000e+00 -1.62019e-01
  9.20000e+00 -1.29399e-01
  9.22000e+00 -1.13787e-01
  9.24000e+00 -1.11322e-01
  9.26000e+00 -1.07225e-01
  9.28000e+00 -6.30739e-02
  9.30000e+00  7.05590e-03
  9.32000e+00  5.29306e-02
  9.34000e+00  8.96791e-02
  9.36000e+00  1.26767e-01
  9.38000e+00  1.37205e-01
  9.40000e+00  1.47659e-01
  9.42000e+00  1.78845e-01
  9.44000e+00  1.99807e-01
  9.46000e+00  2.18960e-01
  9.48000e+00  2.55579e-01
  9.50000e+00  2.67491e-01
  9.52000e+00  1.98596e-01
  9.54000e+00  5.16047e-02
  9.56000e+00 -7.39691e-02
  9.58000e+00 -7.42494e-02
  9.60000e+00  5.35106e-03
  9.62000e+00  3.45017e-02
  9.64000e+00 -1.46151e-02
  9.66000e+00 -6.76987e-02
  9.68000e+00 -8.67529e-02
  9.70000e+00 -8.04636e-02
  9.72000e+00 -3.79999e-02
  9.74000e+00  2.56490e-02
  9.76000e+00  7.51983e-02
  9.78000e+00  1.12119e-01
  9.80000e+00  1.07023e-01
  9.82000e+00  3.72824e-02
  9.84000e+00 -2.24412e-02
  9.86000e+00 -3.28753e-02
  9.88000e+00 -5.12236e-02
  9.90000e+00 -1.04117e-01
  9.92000e+00 -1.38963e-01
  9.94000e+00 -9.31463e-02
  9.96000e+00 -1.18015e-02
  9.98000e+00 -4.75648e-03
  1.00000e+01 -6.11677e-02
  1.00200e+01 -1.00358e-01
  1.00400e+01 -1.10443e-01
  1.00600e+01 -1.06817e-01
  1.00800e+01 -1.11525e-01
  1.01000e+01 -1.51588e-01
  1.01200e+01 -2.08211e-01
  1.01400e+01 -2.39633e-01
  1.01600e+01 -2.03870e-01
  1.01800e+01 -7.69496e-02
  1.02000e+01  6.27414e-02
  1.02200e+01  9.69739e-02
  1.02400e+01  3.69955e-02
  1.02600e+01 -2.91970e-02
  1.02800e+01 -6.03558e-02
  1.03000e+01 -3.23809e-02
  1.03200e+01  5.02794e-02
  1.03400e+01  1.09201e-01
  1.03600e+01  8.38832e-02
  1.03800e+01  2.04372e-02
  1.04000e+01  8.91694e-03
  1.04200e+01  5.33938e-02
  1.04400e+01  6.42534e-02
  1.04600e+01  2.52274e-02
  1.04800e+01  2.60829e-02
  1.05000e+01  7.24752e-02
  1.05200e+01  8.26286e-02
  1.05400e+01  4.44830e-02
  1.05600e+01  1.12495e-02
  1.05800e+01  2.96955e-02
  1.06000e+01  7.42528e-02
  1.06200e+01  6.13602e-02
  1.06400e+01  8.63699e-03
  1.06600e+01  1.35961e-02
  1.06800e+01  7.28781e-02
  1.07000e+01  1.13847e-01
  1.07200e+01  1.14493e-01
  1.07400e+01  9.11981e-02
  1.07600e+01  5.30298e-02
  1.07800e+01  8.02261e-03
  1.08000e+01 -1.99474e-02
  1.08200e+01 -3.48630e-03
  1.08400e+01  6.87237e-02
  1.08600e+01  1.63796e-01
  1.08800e+01  2.10412e-01
  1.09000e+01  1.90004e-01
  1.09200e+01  1.50456e-01
  1.09400e+01  1.19088e-01
  1.09600e+01  1.00346e-01
  1.09800e+01  8.83371e-02
  1.10000e+01  5.05711e-02
  1.10200e+01 -2.19378e-02
  1.10400e+01 -8.87076e-02
  1.10600e+01 -1.07908e-01
  1.10800e+01 -9.31558e-02
  1.11000e+01 -1.01519e-01
  1.11200e+01 -1.34999e-01
  1.11400e+01 -1.39769e-01
  1.11600e+01 -1.07969e-01
  1.11800e+01 -6.93125e-02
  1.12000e+01 -3.59891e-02
  1.12200e+01 -1.37519e-02
  1.12400e+01 -7.29907e-03
  1.12600e+01 -1.37190e-02
  1.12800e+01 -3.15283e-02
  1.13000e+01 -5.61212e-02
  1.13200e+01 -6.26719e-02
  1.13400e+01 -3.67238e-02
  1.13600e+01 -1.85484e-02
  1.13800e+01 -2.49038e-02
  1.14000e+01  2.98404e-03
  1.14200e+01  6.33778e-02
  1.14400e+01  7.29579e-02
  1.14600e+01  2.29192e-02
  1.14800e+01 -1.67625e-02
  1.15000e+01 -8.35474e-03
  1.15200e+01  2.04727e-02
  1.15400e+01  2.36996e-02
  1.15600e+01  5.36376e-03
  1.15800e+01  9.50927e-03
  1.16000e+01  3.98095e-02
  1.16200e+01  5.22019e-02
  1.16400e+01  3.53732e-02
  1.16600e+01  1.52470e-02
  1.16800e+01 -1.03889e-02
  1.17000e+01 -4.92826e-02
  1.17200e+01 -8.18591e-02
  1.17400e+01 -8.55356e-02
  1.17600e+01 -5.94426e-02
  1.17800e+01 -3.83981e-02
  1.18000e+01 -2.93414e-02
  1.18200e+01 -2.57441e-03
  1.18400e+01  1.73353e-02
  1.18600e+01  1.94471e-02
  1.18800e+01  4.59964e-02
  1.19000e+01  7.18000e-02
  1.19200e+01  5.33900e-02
  1.19400e+01  1.40450e-02
  1.19600e+01 -2.43855e-02
  1.19800e+01 -4.17332e-02
  1.20000e+01 -8.33502e-03
  1.20200e+01  4.40420e-02
  1.20400e+01  5.32463e-02
  1.20600e+01  2.60270e-02
  1.20800e+01  1.06414e-02
  1.21000e+01  9.24523e-03
  1.21200e+01 -3.95583e-03
  1.21400e+01 -3.04165e-02
  1.21600e+01 -5.53163e-02
  1.21800e+01 -6.04463e-02
  1.22000e+01 -4.88303e-02
  1.22200e+01 -4.86665e-02
  1.22400e+01 -5.48520e-02
  1.22600e+01 -4.46602e-02
  1.22800e+01 -3.82948e-02
  1.23000e+01 -5.04212e-02
  1.23200e+01 -4.70991e-02
  1.23400e+01 -2.67952e-02
  1.23600e+01 -5.99308e-02
  1.23800e+01 -1.50974e-01
  1.24000e+01 -1.83628e-01
  1.24200e+01 -1.22307e-01
  1.24400e+01 -6.81519e-02
  1.24600e+01 -5.41871e-02
  1.24800e+01 -2.75763e-02
  1.25000e+01  3.74984e-03
  1.25200e+01  5.79766e-03
  1.25400e+01  1.18213e-03
  1.25600e+01  2.23214e-03
  1.25800e+01 -2.23839e-02
  1.26000e+01 -7.05680e-02
  1.26200e+01 -1.02293e-01
  1.26400e+01 -9.90640e-02
  1.26600e+01 -6.93557e-02
  1.26800e+01 -3.39620e-02
  1.27000e+01 -1.53266e-02
  1.27200e+01 -1.83015e-02
  1.27400e+01 -1.91080e-02
  1.27600e+01  1.01936e-02
  1.27800e+01  5.32123e-02
  1.28000e+01  7.04622e-02
  1.28200e+01  6.13958e-02
  1.28400e+01  4.78524e-02
  1.28600e+01  3.73614e-02
  1.28800e+01  2.80843e-02
  1.29000e+01  1.77942e-02
  1.29200e+01  9.98717e-03
  1.29400e+01  2.26883e-04
  1.29600e+01 -2.06441e-02
  1.29800e+01 -2.63294e-02
  1.30000e+01  9.13846e-03
  1.30200e+01  5.07771e-02
  1.30400e+01  6.03739e-02
  1.30600e+01  4.98092e-02
  1.30800e+01  3.29703e-02
  1.31000e+01  6.64622e-03
  1.31200e+01 -1.80191e-02
  1.31400e+01 -2.21206e-02
  1.31600e+01 -3.38254e-03
  1.31800e+01  2.11217e-02
  1.32000e+01  3.08386e-02
  1.32200e+01  3.12659e-02
  1.32400e+01  4.74108e-02
  1.32600e+01  7.78627e-02
  1.32800e+01  9.76449e-02
  1.33000e+01  9.79211e-02
  1.33200e+01  8.65182e-02
  1.33400e+01  7.50831e-02
  1.33600e+01  7.55588e-02
  1.33800e+01  8.49404e-02
  1.34000e+01  9.12846e-02
  1.34200e+01  9.79708e-02
  1.34400e+01  1.02462e-01
  1.34600e+01  7.67475e-02
  1.34800e+01  1.34403e-02
  1.35000e+01 -5.34108e-02
  1.35200e+01 -9.66315e-02
  1.35400e+01 -1.19653e-01
  1.35600e+01 -1.27467e-01
  1.35800e+01 -1.07604e-01
  1.36000e+01 -5.37971e-02
  1.36200e+01  9.95668e-04
  1.36400e+01 -3.16656e-03
  1.36600e+01 -7.99950e-02
  1.36800e+01 -1.59263e-01
  1.37000e+01 -1.70608e-01
  1.37200e+01 -1.08946e-01
  1.37400e+01 -1.99260e-03
  1.37600e+01  9.55674e-02
  1.37800e+01  1.21836e-01
  1.38000e+01  8.15174e-02
  1.38200e+01  2.43595e-02
  1.38400e+01 -2.71378e-02
  1.38600e+01 -5.51484e-02
  1.38800e+01 -3.31262e-02
  1.39000e+01  1.57171e-02
  1.39200e+01  4.69009e-02
  1.39400e+01  6.85643e-02
  1.39600e+01  9.51824e-02
  1.39800e+01  1.08419e-01
  1.40000e+01  1.02513e-01
  1.40200e+01  8.26499e-02
  1.40400e+01  5.84427e-02
  1.40600e+01  6.18421e-02
  1.40800e+01  9.16463e-02
  1.41000e+01  9.19121e-02
  1.41200e+01  4.49381e-02
  1.41400e+01  2.93369e-03
  1.41600e+01  8.56269e-03
  1.41800e+01  4.28019e-02
  1.42000e+01  5.57058e-02
  1.42200e+01  2.95028e-02
  1.42400e+01 -4.83200e-03
  1.42600e+01 -9.05942e-03
  1.42800e+01  1.43672e-02
  1.43000e+01  2.49417e-02
  1.43200e+01  8.05324e-03
  1.43400e+01 -1.75375e-02
  1.43600e+01 -3.98998e-02
  1.43800e+01 -3.48962e-02
  1.44000e+01  1.47235e-03
  1.44200e+01  1.96957e-02
  1.44400e+01  6.07965e-03
  1.44600e+01 -5.73046e-03
  1.44800e+01 -2.84039e-03
  1.45000e+01  8.51732e-03
  1.45200e+01  5.35992e-03
  1.45400e+01 -2.66732e-02
  1.45600e+01 -5.29890e-02
  1.45800e+01 -4.16618e-02
  1.46000e+01 -1.68811e-02
  1.46200e+01 -1.73421e-02
  1.46400e+01 -3.16984e-02
  1.46600e+01 -1.97382e-02
  1.46800e+01  1.02708e-02
  1.47000e+01  1.46504e-02
  1.47200e+01 -9.86304e-03
  1.47400e+01 -3.26549e-02
  1.47600e+01 -4.33348e-02
  1.47800e+01 -5.02987e-02
  1.48000e+01 -5.29928e-02
  1.48200e+01 -4.86885e-02
  1.48400e+01 -4.88876e-02
  1.48600e+01 -6.23240e-02
  1.48800e+01 -7.43784e-02
  1.49000e+01 -6.95918e-02
  1.49200e+01 -5.39081e-02
  1.49400e+01 -3.71366e-02
  1.49600e+01 -2.20687e-02
  1.49800e+01 -7.78259e-03
  1.50000e+01  9.27923e-03
  1.50200e+01  2.43860e-02
  1.50400e+01  3.09934e-02
  1.50600e+01  3.58137e-02
  1.50800e+01  3.57935e-02
  1.51000e+01  1.16520e-02
  1.51200e+01 -2.67449e-02
  1.51400e+01 -4.20105e-02
  1.51600e+01 -2.50322e-02
  1.51800e+01  2.89909e-03
  1.52000e+01  2.40039e-02
  1.52200e+01  3.02103e-02
  1.52400e+01  2.17831e-02
  1.52600e+01  8.72378e-03
  1.52800e+01  4.86112e-03
  1.53000e+01  1.51287e-02
  1.53200e+01  2.79584e-02
  1.53400e+01  2.69646e-02
  1.53600e+01  3.14813e-03
  1.53800e+01 -3.49683e-02
  1.54000e+01 -5.64222e-02
  1.54200e+01 -4.88330e-02
  1.54400e+01 -3.73080e-02
  1.54600e+01 -3.09758e-02
  1.54800e+01 -2.00494e-02
  1.55000e+01 -7.41302e-03
  1.55200e+01  2.99454e-03
  1.55400e+01 -4.58945e-03
  1.55600e+01 -4.02133e-02
  1.55800e+01 -6.76596e-02
  1.56000e+01 -6.30328e-02
  1.56200e+01 -5.14217e-02
  1.56400e+01 -3.99896e-02
  1.56600e+01 -8.39527e-03
  1.56800e+01  2.42689e-02
  1.57000e+01  1.62368e-02
  1.57200e+01 -2.23262e-02
  1.57400e+01 -5.51365e-02
  1.57600e+01 -6.67038e-02
  1.57800e+01 -6.14230e-02
  1.58000e+01 -6.16654e-02
  1.58200e+01 -6.21968e-02
  1.58400e+01 -5.80232e-02
  1.58600e+01 -5.41619e-02
  1.58800e+01  3.03236e-02
  1.59000e+01  1.79994e-01
  1.59200e+01  2.11706e-01
  1.59400e+01  1.33407e-01
  1.59600e+01  9.21283e-02
  1.59800e+01  7.74746e-02
  1.60000e+01  4.65663e-02
  1.60200e+01  1.52834e-02
  1.60400e+01 -1.08567e-02
  1.60600e+01 -1.99776e-02
  1.60800e+01 -1.33164e-02
  1.61000e+01 -8.90015e-03
  1.61200e+01 -6.34634e-03
  1.61400e+01 -8.36945e-03
  1.61600e+01 -2.18401e-02
  1.61800e+01 -3.53021e-02
  1.62000e+01 -3.67617e-02
  1.62200e+01 -2.91544e-02
  1.62400e+01 -1.79061e-02
  1.62600e+01 -6.56202e-03
  1.62800e+01 -2.81579e-03
  1.63000e+01 -6.30813e-03
  1.63200e+01  1.94117e-03
  1.63400e+01  3.04685e-02
  1.63600e+01  5.69729e-02
  1.63800e+01  6.53798e-02
  1.64000e+01  7.45603e-02
  1.64200e+01  1.07417e-01
  1.64400e+01  1.42859e-01
  1.64600e+01  1.28218e-01
  1.64800e+01  6.62812e-02
  1.65000e+01  2.69321e-02
  1.65200e+01  3.24904e-02
  1.65400e+01  3.39431e-02
  1.65600e+01  1.19137e-02
  1.65800e+01 -6.08520e-03
  1.66000e+01 -3.09697e-03
  1.66200e+01  1.29163e-02
  1.66400e+01  1.70541e-02
  1.66600e+01 -4.89219e-03
  1.66800e+01 -2.96323e-02
  1.67000e+01 -3.59769e-02
  1.67200e+01 -3.58466e-02
  1.67400e+01 -3.60475e-02
  1.67600e+01 -2.34211e-02
  1.67800e+01  1.54108e-03
  1.68000e+01  2.12629e-02
  1.68200e+01  3.21194e-02
  1.68400e+01  3.98845e-02
  1.68600e+01  3.37269e-02
  1.68800e+01  9.46399e-03
  1.69000e+01 -7.64756e-03
  1.69200e+01 -6.83250e-03
  1.69400e+01 -1.76425e-02
  1.69600e+01 -4.97768e-02
  1.69800e+01 -6.17494e-02
  1.70000e+01 -3.66260e-02
  1.70200e+01 -9.44745e-03
  1.70400e+01  4.05993e-03
  1.70600e+01  6.98744e-03
  1.70800e+01 -1.09817e-02
  1.71000e+01 -3.67700e-02
  1.71200e+01 -4.53932e-02
  1.71400e+01 -4.04570e-02
  1.71600e+01 -3.06763e-02
  1.71800e+01 -1.70108e-02
  1.72000e+01  2.53550e-04
  1.72200e+01  1.71032e-02
  1.72400e+01  1.53537e-02
  1.72600e+01 -6.81416e-03
  1.72800e+01 -2.16740e-02
  1.73000e+01 -1.65252e-02
  1.73200e+01 -2.03168e-03
  1.73400e+01  7.22800e-03
  1.73600e+01  3.09825e-03
  1.73800e+01 -8.81419e-03
  1.74000e+01 -2.41339e-02
  1.74200e+01 -4.15916e-02
  1.74400e+01 -5.40719e-02
  1.74600e+01 -5.76651e-02
  1.74800e+01 -5.12332e-02
  1.75000e+01 -4.28515e-02
  1.75200e+01 -4.45785e-02
  1.75400e+01 -4.56006e-02
  1.75600e+01 -3.75467e-02
  1.75800e+01 -3.99382e-02
  1.76000e+01 -5.76885e-02
  1.76200e+01 -6.67039e-02
  1.76400e+01 -5.75364e-02
  1.76600e+01 -4.24944e-02
  1.76800e+01 -3.13881e-02
  1.77000e+01 -3.21504e-02
  1.77200e+01 -4.43782e-02
  1.77400e+01 -5.10070e-02
  1.77600e+01 -4.09185e-02
  1.77800e+01 -2.45115e-02
  1.78000e+01 -1.76610e-02
  1.78200e+01 -1.69382e-02
  1.78400e+01 -1.25385e-02
  1.78600e+01 -1.02208e-02
  1.78800e+01 -5.07156e-03
  1.79000e+01  1.24844e-02
  1.79200e+01  2.31255e-02
  1.79400e+01  1.96193e-02
  1.79600e+01  2.56097e-02
  1.79800e+01  4.02570e-02
  1.80000e+01  4.35434e-02
  1.80200e+01  3.90116e-02
  1.80400e+01  3.35767e-02
  1.80600e+01  2.67281e-02
  1.80800e+01  3.55048e-02
  1.81000e+01  6.65142e-02
  1.81200e+01  8.63972e-02
  1.81400e+01  7.62828e-02
  1.81600e+01  6.18871e-02
  1.81800e+01  5.84582e-02
  1.82000e+01  5.53746e-02
  1.82200e+01  5.21796e-02
  1.82400e+01  5.33310e-02
  1.82600e+01  5.31032e-02
  1.82800e+01  4.92342e-02
  1.83000e+01  4.53382e-02
  1.83200e+01  4.25967e-02
  1.83400e+01  4.28589e-02
  1.83600e+01  4.25212e-02
  1.83800e+01  3.33549e-02
  1.84000e+01  2.72441e-02
  1.84200e+01  3.86106e-02
  1.84400e+01  5.25866e-02
  1.84600e+01  5.09621e-02
  1.84800e+01  3.30158e-02
  1.85000e+01  1.36734e-02
  1.85200e+01  7.84419e-03
  1.85400e+01  1.05560e-03
  1.85600e+01 -1.64284e-02
  1.85800e+01 -2.58781e-02
  1.86000e+01 -2.99679e-02
  1.86200e+01 -3.86967e-02
  1.86400e+01 -3.53891e-02
  1.86600e+01 -2.10258e-02
  1.86800e+01 -1.57562e-02
  1.87000e+01 -1.78248e-02
  1.87200e+01 -2.26639e-02
  1.87400e+01 -3.11716e-02
  1.87600e+01 -2.86231e-02
  1.87800e+01 -1.30724e-02
  1.88000e+01 -1.08760e-02
  1.88200e+01 -2.82451e-02
  1.88400e+01 -3.20110e-02
  1.88600e+01 -4.71051e-03
  1.88800e+01  2.24654e-02
  1.89000e+01  2.37180e-02
  1.89200e+01  1.55897e-02
  1.89400e+01  1.56403e-02
  1.89600e+01  1.32461e-02
  1.89800e+01 -6.34972e-03
  1.90000e+01 -2.99840e-02
  1.90200e+01 -2.94873e-02
  1.90400e+01 -6.46526e-03
  1.90600e+01  1.28615e-02
  1.90800e+01  1.90030e-02
  1.91000e+01  1.54021e-02
  1.91200e+01  2.55353e-03
  1.91400e+01 -6.14028e-03
  1.91600e+01  6.16929e-03
  1.91800e+01  3.55228e-02
  1.92000e+01  6.51501e-02
  1.92200e+01  7.21834e-02
  1.92400e+01  5.00026e-02
  1.92600e+01  2.79088e-02
  1.92800e+01  2.43410e-02
  1.93000e+01  2.75452e-02
  1.93200e+01  3.01323e-02
  1.93400e+01  2.56264e-02
  1.93600e+01  9.17055e-03
  1.93800e+01 -7.26840e-03
  1.94000e+01 -1.80153e-02
  1.94200e+01 -2.86679e-02
  1.94400e+01 -3.47220e-02
  1.94600e+01 -2.89772e-02
  1.94800e+01 -1.53975e-02
  1.95000e+01 -6.69624e-03
  1.95200e+01 -8.70522e-03
  1.95400e+01 -9.79287e-03
  1.95600e+01 -3.10509e-03
  1.95800e+01  4.14817e-03
  1.96000e+01  7.63280e-03
  1.96200e+01  2.97233e-03
  1.96400e+01 -7.83699e-03
  1.96600e+01 -1.26700e-02
  1.96800e+01 -1.28065e-02
  1.97000e+01 -1.32489e-02
  1.97200e+01 -1.08357e-02
  1.97400e+01 -1.12931e-02
  1.97600e+01 -1.71126e-02
  1.97800e+01 -1.74713e-02
  1.98000e+01 -8.88159e-03
  1.98200e+01 -4.76192e-04
  1.98400e+01 -2.13476e-03
  1.98600e+01 -9.69950e-03
  1.98800e+01 -9.19276e-03
  1.99000e+01 -6.32044e-03
  1.99200e+01 -1.66578e-02
  1.99400e+01 -3.26951e-02
  1.99600e+01 -4.10285e-02
  1.99800e+01 -4.26303e-02
  2.00000e+01 -4.27887e-02
  2.00200e+01 -4.26393e-02
  2.00400e+01 -3.49486e-02
  2.00600e+01 -1.70903e-02
  2.00800e+01 -2.48349e-03
  2.01000e+01 -2.34610e-03
  2.01200e+01 -1.19739e-02
  2.01400e+01 -2.11235e-02
  2.01600e+01 -2.77800e-02
  2.01800e+01 -2.99984e-02
  2.02000e+01 -1.92269e-02
  2.02200e+01 -1.77883e-03
  2.02400e+01  2.06054e-03
  2.02600e+01 -1.19037e-02
  2.02800e+01 -2.62540e-02
  2.03000e+01 -2.56472e-02
  2.03200e+01 -1.55363e-02
  2.03400e+01 -6.80097e-03
  2.03600e+01  1.60547e-03
  2.03800e+01  1.10455e-02
  2.04000e+01  1.93296e-02
  2.04200e+01  2.28415e-02
  2.04400e+01  1.38962e-02
  2.04600e+01 -3.32480e-03
  2.04800e+01 -1.28336e-02
  2.05000e+01 -1.30266e-02
  2.05200e+01 -1.24649e-02
  2.05400e+01 -1.17842e-02
  2.05600e+01 -1.28295e-02
  2.05800e+01 -2.13950e-02
  2.06000e+01 -3.24295e-02
  2.06200e+01 -3.53025e-02
  2.06400e+01 -3.27861e-02
  2.06600e+01 -3.43949e-02
  2.06800e+01 -3.60442e-02
  2.07000e+01 -3.12067e-02
  2.07200e+01 -2.52604e-02
  2.07400e+01 -2.05364e-02
  2.07600e+01 -1.74936e-02
  2.07800e+01 -1.90403e-02
  2.08000e+01 -1.70114e-02
  2.08200e+01 -6.74622e-03
  2.08400e+01 -1.49169e-03
  2.08600e+01 -1.19595e-02
  2.08800e+01 -2.69975e-02
  2.09000e+01 -2.49706e-02
  2.09200e+01 -7.58662e-03
  2.09400e+01  8.20556e-04
  2.09600e+01 -1.01730e-02
  2.09800e+01 -2.47832e-02
  2.10000e+01 -2.21013e-02
  2.10200e+01 -4.56753e-03
  2.10400e+01  1.10735e-02
  2.10600e+01  2.30520e-02
  2.10800e+01  2.93877e-02
  2.11000e+01  2.03738e-02
  2.11200e+01  1.30320e-02
  2.11400e+01  2.88241e-02
  2.11600e+01  4.21353e-02
  2.11800e+01  2.98979e-02
  2.12000e+01  1.59962e-02
  2.12200e+01  1.36646e-02
  2.12400e+01  1.95414e-02
  2.12600e+01  3.91403e-02
  2.12800e+01  5.25562e-02
  2.13000e+01  4.11299e-02
  2.13200e+01  3.52824e-02
  2.13400e+01  5.61728e-02
  2.13600e+01  6.93132e-02
  2.13800e+01  5.12732e-02
  2.14000e+01  3.16197e-02
  2.14200e+01  2.82623e-02
  2.14400e+01  2.86038e-02
  2.14600e+01  3.63546e-02
  2.14800e+01  5.18709e-02
  2.15000e+01  5.45895e-02
  2.15200e+01  4.27654e-02
  2.15400e+01  3.11607e-02
  2.15600e+01  2.26825e-02
  2.15800e+01  1.68394e-02
  2.16000e+01  1.71638e-02
  2.16200e+01  1.99273e-02
  2.16400e+01  1.51714e-02
  2.16600e+01  1.08760e-03
  2.16800e+01 -1.22894e-02
  2.17000e+01 -1.83791e-02
  2.17200e+01 -1.96937e-02
  2.17400e+01 -1.54296e-02
  2.17600e+01 -6.50535e-03
  2.17800e+01 -1.85431e-03
  2.18000e+01 -3.22269e-03
  2.18200e+01 -5.28148e-03
  2.18400e+01 -5.75585e-03
  2.18600e+01 -4.78477e-03
  2.18800e+01 -1.21971e-02
  2.19000e+01 -3.56589e-02
  2.19200e+01 -5.04778e-02
  2.19400e+01 -3.46015e-02
  2.19600e+01 -1.48103e-02
  2.19800e+01 -1.24994e-02
  2.20000e+01 -7.67472e-03
  2.20200e+01  5.05898e-03
  2.20400e+01  7.27277e-03
  2.20600e+01 -2.87754e-03
  2.20800e+01 -1.18373e-02
  2.21000e+01 -1.30902e-02
  2.21200e+01 -1.12579e-02
  2.21400e+01 -6.39735e-03
  2.21600e+01  3.76440e-03
  2.21800e+01  7.51350e-03
  2.22000e+01 -2.47777e-03
  2.22200e+01 -1.37180e-02
  2.22400e+01 -1.68717e-02
  2.22600e+01 -1.74597e-02
  2.22800e+01 -1.68753e-02
  2.23000e+01 -9.55863e-03
  2.23200e+01 -3.72850e-03
  2.23400e+01 -1.19040e-02
  2.23600e+01 -2.61085e-02
  2.23800e+01 -3.00046e-02
  2.24000e+01 -2.06223e-02
  2.24200e+01 -6.92674e-03
  2.24400e+01  4.07501e-04
  2.24600e+01 -6.24857e-04
  2.24800e+01  1.78080e-03
  2.25000e+01  1.28153e-02
  2.25200e+01  1.71404e-02
  2.25400e+01  9.95809e-03
  2.25600e+01  4.03200e-03
  2.25800e+01 -5.64233e-05
  2.26000e+01 -3.14719e-03
  2.26200e+01  6.03343e-03
  2.26400e+01  2.72516e-02
  2.26600e+01  4.56552e-02
  2.26800e+01  5.20224e-02
  2.27000e+01  4.87598e-02
  2.27200e+01  4.25576e-02
  2.27400e+01  3.51255e-02
  2.27600e+01  2.61073e-02
  2.27800e+01  2.09443e-02
  2.28000e+01  2.14828e-02
  2.28200e+01  2.22453e-02
  2.28400e+01  2.05506e-02
  2.28600e+01  1.56794e-02
  2.28800e+01  9.10551e-03
  2.29000e+01  4.00620e-03
  2.29200e+01 -1.63225e-03
  2.29400e+01 -9.63621e-03
  2.29600e+01 -1.72159e-02
  2.29800e+01 -2.03776e-02
  2.30000e+01 -1.84501e-02
  2.30200e+01 -1.62931e-02
  2.30400e+01 -1.33507e-02
  2.30600e+01 -3.96947e-03
  2.30800e+01  4.12307e-03
  2.31000e+01 -1.48258e-03
  2.31200e+01 -1.38513e-02
  2.31400e+01 -1.95107e-02
  2.31600e+01 -1.94704e-02
  2.31800e+01 -1.89093e-02
  2.32000e+01 -1.76366e-02
  2.32200e+01 -1.28441e-02
  2.32400e+01 -3.52023e-03
  2.32600e+01  2.71821e-03
  2.32800e+01 -7.21841e-04
  2.33000e+01 -5.59295e-03
  2.33200e+01  7.74791e-04
  2.33400e+01  1.79301e-02
  2.33600e+01  3.16726e-02
  2.33800e+01  3.06494e-02
  2.34000e+01  2.15822e-02
  2.34200e+01  2.09754e-02
  2.34400e+01  3.02665e-02
  2.34600e+01  3.41542e-02
  2.34800e+01  2.71521e-02
  2.35000e+01  2.03914e-02
  2.35200e+01  2.13898e-02
  2.35400e+01  2.67899e-02
  2.35600e+01  3.24012e-02
  2.35800e+01  3.67815e-02
  2.36000e+01  3.73560e-02
  2.36200e+01  2.40498e-02
  2.36400e+01 -1.62052e-02
  2.36600e+01 -6.97343e-02
  2.36800e+01 -1.04342e-01
  2.37000e+01 -1.20226e-01
  2.37200e+01 -1.23997e-01
  2.37400e+01 -8.81486e-02
  2.37600e+01 -2.12092e-02
  2.37800e+01  9.48812e-03
  2.38000e+01 -1.47063e-02
  2.38200e+01 -4.09669e-02
  2.38400e+01 -3.71115e-02
  2.38600e+01 -1.37315e-02
  2.38800e+01  6.60735e-03
  2.39000e+01  1.98885e-03
  2.39200e+01 -1.87609e-02
  2.39400e+01 -2.94101e-02
  2.39600e+01 -3.56972e-02
  2.39800e+01 -4.53388e-02
  2.40000e+01 -4.38508e-02
  2.40200e+01 -3.29811e-02
  2.40400e+01 -2.28456e-02
  2.40600e+01 -1.39478e-02
  2.40800e+01 -9.86748e-03
  2.41000e+01 -6.35750e-03
  2.41200e+01  3.32205e-03
  2.41400e+01  1.19779e-02
  2.41600e+01  1.49568e-02
  2.41800e+01  1.13248e-02
  2.42000e+01 -5.90311e-04
  2.42200e+01 -7.16347e-03
  2.42400e+01  2.97228e-03
  2.42600e+01  1.23188e-02
  2.42800e+01  9.26913e-03
  2.43000e+01  1.26857e-02
  2.43200e+01  2.71707e-02
  2.43400e+01  3.56051e-02
  2.43600e+01  3.81643e-02
  2.43800e+01  4.11676e-02
  2.44000e+01  4.27677e-02
  2.44200e+01  4.38613e-02
  2.44400e+01  3.86944e-02
  2.44600e+01  2.23722e-02
  2.44800e+01  7.80554e-03
  2.45000e+01  5.76969e-03
  2.45200e+01  9.57235e-03
  2.45400e+01  8.99022e-03
  2.45600e+01  5.41415e-03
  2.45800e+01  8.80757e-03
  2.46000e+01  1.44528e-02
  2.46200e+01  5.36710e-03
  2.46400e+01 -9.53195e-03
  2.46600e+01 -9.16900e-03
  2.46800e+01 -3.31053e-03
  2.47000e+01 -6.62359e-03
  2.47200e+01 -1.12525e-02
  2.47400e+01 -1.29033e-02
  2.47600e+01 -1.84266e-02
  2.47800e+01 -2.77879e-02
  2.48000e+01 -3.35644e-02
  2.48200e+01 -3.38063e-02
  2.48400e+01 -3.04451e-02
  2.48600e+01 -2.11158e-02
  2.48800e+01 -8.86167e-03
  2.49000e+01 -2.61505e-03
  2.49200e+01 -1.22302e-03
  2.49400e+01  4.31090e-04
  2.49600e+01 -1.36363e-03
  2.49800e+01 -8.03628e-03
  2.50000e+01 -1.26765e-02
  2.50200e+01 -1.32928e-02
  2.50400e+01 -1.28885e-02
  2.50600e+01 -9.55815e-03
  2.50800e+01 -1.75718e-03
  2.51000e+01  4.44275e-03
  2.51200e+01  3.23247e-03
  2.51400e+01 -2.04976e-03
  2.51600e+01 -7.01221e-03
  2.51800e+01 -1.24588e-02
  2.52000e+01 -1.55652e-02
  2.52200e+01 -1.27148e-02
  2.52400e+01 -7.19646e-03
  2.52600e+01 -6.94434e-05
  2.52800e+01  9.16680e-03
  2.53000e+01  1.37609e-02
  2.53200e+01  1.17297e-02
  2.53400e+01  9.73300e-03
  2.53600e+01  8.91006e-03
  2.53800e+01  7.70762e-03
  2.54000e+01  8.51967e-03
  2.54200e+01  1.22868e-02
  2.54400e+01  1.56779e-02
  2.54600e+01  1.48619e-02
  2.54800e+01  1.16313e-02
  2.55000e+01  8.47319e-03
  2.55200e+01  4.37730e-03
  2.55400e+01  3.07726e-03
  2.55600e+01  8.31455e-03
  2.55800e+01  1.61142e-02
  2.56000e+01  1.96196e-02
  2.56200e+01  1.21948e-02
  2.56400e+01 -4.74951e-03
  2.56600e+01 -1.77001e-02
  2.56800e+01 -1.74404e-02
  2.57000e+01 -9.16613e-03
  2.57200e+01 -3.89256e-04
  2.57400e+01  7.04437e-03
  2.57600e+01  1.41055e-02
  2.57800e+01  2.44235e-02
  2.58000e+01  3.73383e-02
  2.58200e+01  4.38841e-02
  2.58400e+01  4.01406e-02
  2.58600e+01  3.11595e-02
  2.58800e+01  2.31858e-02
  2.59000e+01  1.92848e-02
  2.59200e+01  1.86024e-02
  2.59400e+01  2.17868e-02
  2.59600e+01  2.53451e-02
  2.59800e+01  2.14561e-02
  2.60000e+01  1.65567e-02
  2.60200e+01  1.80507e-02
  2.60400e+01  1.74390e-02
  2.60600e+01  1.19263e-02
  2.60800e+01  1.03709e-02
  2.61000e+01  1.48534e-02
  2.61200e+01  1.34019e-02
  2.61400e+01 -5.22029e-04
  2.61600e+01 -1.13352e-02
  2.61800e+01 -1.00115e-02
  2.62000e+01 -8.43266e-03
  2.62200e+01 -1.34523e-02
  2.62400e+01 -1.96088e-02
  2.62600e+01 -1.96446e-02
  2.62800e+01 -1.70518e-02
  2.63000e+01 -1.91087e-02
  2.63200e+01 -2.10781e-02
  2.63400e+01 -2.18929e-02
  2.63600e+01 -2.42525e-02
  2.63800e+01 -2.28676e-02
  2.64000e+01 -2.15183e-02
  2.64200e+01 -2.71841e-02
  2.64400e+01 -3.11163e-02
  2.64600e+01 -2.47029e-02
  2.64800e+01 -1.50101e-02
  2.65000e+01 -1.05481e-02
  2.65200e+01 -1.02839e-02
  2.65400e+01 -1.25243e-02
  2.65600e+01 -1.29148e-02
  2.65800e+01 -7.87603e-03
  2.66000e+01 -7.27393e-03
  2.66200e+01 -1.41504e-02
  2.66400e+01 -1.80952e-02
  2.66600e+01 -1.59449e-02
  2.66800e+01 -6.43500e-03
  2.67000e+01  8.53688e-03
  2.67200e+01  1.74729e-02
  2.67400e+01  1.82508e-02
  2.67600e+01  1.66459e-02
  2.67800e+01  1.33070e-02
  2.68000e+01  1.22972e-02
  2.68200e+01  1.81744e-02
  2.68400e+01  2.36923e-02
  2.68600e+01  2.19242e-02
  2.68800e+01  1.92114e-02
  2.69000e+01  1.87221e-02
  2.69200e+01  1.53432e-02
  2.69400e+01  1.38081e-02
  2.69600e+01  1.78507e-02
  2.69800e+01  2.08533e-02
  2.70000e+01  2.42385e-02
  2.70200e+01  2.95182e-02
  2.70400e+01  3.16051e-02
  2.70600e+01  3.36448e-02
  2.70800e+01  3.88230e-02
  2.71000e+01  4.28238e-02
  2.71200e+01  3.87399e-02
  2.71400e+01  2.60662e-02
  2.71600e+01  1.87768e-02
  2.71800e+01  1.96951e-02
  2.72000e+01  1.57889e-02
  2.72200e+01  9.22812e-03
  2.72400e+01  5.85367e-03
  2.72600e+01  3.35831e-03
  2.72800e+01  3.16967e-03
  2.73000e+01  1.93064e-03
  2.73200e+01 -2.62840e-03
  2.73400e+01 -4.00372e-03
  2.73600e+01 -4.14861e-03
  2.73800e+01 -9.01510e-03
  2.74000e+01 -1.37983e-02
  2.74200e+01 -1.25393e-02
  2.74400e+01 -8.29072e-03
  2.74600e+01 -5.15087e-03
  2.74800e+01 -1.91514e-03
  2.75000e+01  4.22207e-04
  2.75200e+01 -1.78897e-04
  2.75400e+01 -9.75752e-04
  2.75600e+01 -2.34916e-03
  2.75800e+01 -5.31637e-03
  2.76000e+01 -6.25741e-03
  2.76200e+01 -6.59413e-03
  2.76400e+01 -8.43001e-03
  2.76600e+01 -1.02076e-02
  2.76800e+01 -1.34162e-02
  2.77000e+01 -1.64190e-02
  2.77200e+01 -1.73370e-02
  2.77400e+01 -1.87693e-02
  2.77600e+01 -1.93183e-02
  2.77800e+01 -1.93746e-02
  2.78000e+01 -2.15240e-02
  2.78200e+01 -2.34034e-02
  2.78400e+01 -2.44162e-02
  2.78600e+01 -2.39928e-02
  2.78800e+01 -2.10523e-02
  2.79000e+01 -2.00425e-02
  2.79200e+01 -2.39199e-02
  2.79400e+01 -3.09228e-02
  2.79600e+01 -3.41737e-02
  2.79800e+01 -2.48831e-02
  2.80000e+01 -8.46472e-03
  2.80200e+01  1.71681e-03
  2.80400e+01  2.30207e-03
  2.80600e+01 -2.39108e-03
  2.80800e+01 -4.26691e-03
  2.81000e+01 -2.67350e-03
  2.81200e+01 -8.07554e-03
  2.81400e+01 -1.78809e-02
  2.81600e+01 -1.89559e-02
  2.81800e+01 -1.36480e-02
  2.82000e+01 -1.17685e-02
  2.82200e+01 -1.16637e-02
  2.82400e+01 -8.54742e-03
  2.82600e+01 -6.24565e-03
  2.82800e+01 -8.95203e-03
  2.83000e+01 -1.42270e-02
  2.83200e+01 -1.79246e-02
  2.83400e+01 -1.75301e-02
  2.83600e+01 -1.41895e-02
  2.83800e+01 -1.12420e-02
  2.84000e+01 -9.19338e-03
  2.84200e+01 -6.55434e-03
  2.84400e+01 -2.87947e-03
  2.84600e+01 -7.14995e-04
  2.84800e+01 -5.52054e-03
  2.85000e+01 -9.71314e-03
  2.85200e+01 -8.85397e-03
  2.85400e+01 -1.11411e-02
  2.85600e+01 -1.45500e-02
  2.85800e+01 -1.59759e-02
  2.86000e+01 -1.67715e-02
  2.86200e+01 -1.36622e-02
  2.86400e+01 -7.79968e-03
  2.86600e+01 -3.61945e-03
  2.86800e+01  5.81405e-04
  2.87000e+01  9.11395e-04
  2.87200e+01 -5.05139e-03
  2.87400e+01 -9.32185e-03
  2.87600e+01 -8.64852e-03
  2.87800e+01 -4.28616e-03
  2.88000e+01  1.91681e-03
  2.88200e+01  4.78013e-03
  2.88400e+01  4.12411e-03
  2.88600e+01  5.18179e-03
  2.88800e+01  8.89483e-03
  2.89000e+01  1.20052e-02
  2.89200e+01  1.46678e-02
  2.89400e+01  1.86682e-02
  2.89600e+01  2.08902e-02
  2.89800e+01  2.01298e-02
  2.90000e+01  1.95073e-02
  2.90200e+01  1.89400e-02
  2.90400e+01  1.93036e-02
  2.90600e+01  2.26597e-02
  2.90800e+01  2.55012e-02
  2.91000e+01  2.49727e-02
  2.91200e+01  2.23451e-02
  2.91400e+01  1.92111e-02
  2.91600e+01  1.79317e-02
  2.91800e+01  1.85159e-02
  2.92000e+01  1.80307e-02
  2.92200e+01  1.64234e-02
  2.92400e+01  1.50471e-02
  2.92600e+01  1.36636e-02
  2.92800e+01  1.21578e-02
  2.93000e+01  1.00211e-02
  2.93200e+01  7.19047e-03
  2.93400e+01  5.40698e-03
  2.93600e+01  4.83170e-03
  2.93800e+01  3.97856e-03
  2.94000e+01  3.03753e-03
  2.94200e+01  2.62951e-03
  2.94400e+01  2.24313e-03
  2.94600e+01  1.57126e-03
  2.94800e+01  7.93103e-04
  2.95000e+01 -1.26280e-04
  2.95200e+01 -1.20178e-03
  2.95400e+01 -2.09688e-03
  2.95600e+01 -2.62437e-03
  2.95800e+01 -3.02245e-03
  2.96000e+01 -3.44067e-03
  2.96200e+01 -3.75618e-03
  2.96400e+01 -3.93301e-03
  2.96600e+01 -4.10471e-03
  2.96800e+01 -4.30556e-03
  2.97000e+01 -4.42252e-03
  2.97200e+01 -4.41210e-03
  2.97400e+01 -4.32403e-03
  2.97600e+01 -4.19593e-03
  2.97800e+01 -4.05764e-03
  2.98000e+01 -3.91228e-03
  2.98200e+01 -3.73389e-03
  2.98400e+01 -3.51919e-03
  2.98600e+01 -3.27766e-03
  2.98800e+01 -3.01787e-03
  2.99000e+01 -2.73805e-03
  2.99200e+01 -2.44336e-03
  2.99400e+01 -2.13650e-03
  2.99600e+01 -1.82045e-03
  2.99800e+01 -1.49937e-03
