  0.00000e+00  0.00000e+00
  1.00000e-02  1.39023e-04
  2.00000e-02  1.41625e-05
  3.00000e-02 -5.50189e-05
  4.00000e-02 -1.28569e-04
  5.00000e-02 -2.06193e-04
  6.00000e-02 -2.88510e-04
  7.00000e-02 -3.75085e-04
  8.00000e-02 -4.63104e-04
  9.00000e-02 -5.49491e-04
  1.00000e-01 -6.35588e-04
  1.10000e-01 -7.28549e-04
  1.20000e-01 -8.34260e-04
  1.30000e-01 -9.47462e-04
  1.40000e-01 -1.05355e-03
  1.50000e-01 -1.14536e-03
  1.60000e-01 -1.23656e-03
  1.70000e-01 -1.35381e-03
  1.80000e-01 -1.51706e-03
  1.90000e-01 -1.72708e-03
  2.00000e-01 -1.95648e-03
  2.10000e-01 -2.13739e-03
  2.20000e-01 -2.18328e-03
  2.30000e-01 -2.08206e-03
  2.40000e-01 -1.98446e-03
  2.50000e-01 -2.12867e-03
  2.60000e-01 -2.59139e-03
  2.70000e-01 -3.12310e-03
  2.80000e-01 -3.32574e-03
  2.90000e-01 -3.06095e-03
  3.00000e-01 -2.66593e-03
  3.10000e-01 -2.71929e-03
  3.20000e-01 -3.55485e-03
  3.30000e-01 -4.94041e-03
  3.40000e-01 -6.15711e-03
  3.50000e-01 -6.42574e-03
  3.60000e-01 -5.45218e-03
  3.70000e-01 -3.76161e-03
  3.80000e-01 -2.49274e-03
  3.90000e-01 -2.64276e-03
  4.00000e-01 -4.30420e-03
  4.10000e-01 -6.60744e-03
  4.20000e-01 -8.44002e-03
  4.30000e-01 -9.13235e-03
  4.40000e-01 -8.35411e-03
  4.50000e-01 -5.65928e-03
  4.60000e-01 -9.27604e-04
  4.70000e-01  4.18952e-03
  4.80000e-01  5.84161e-03
  4.90000e-01  5.47865e-04
  5.00000e-01 -1.07084e-02
  5.10000e-01 -2.14682e-02
  5.20000e-01 -2.43323e-02
  5.30000e-01 -1.71894e-02
  5.40000e-01 -4.53655e-03
  5.50000e-01  7.27594e-03
  5.60000e-01  1.46924e-02
  5.70000e-01  1.61669e-02
  5.80000e-01  9.07485e-03
  5.90000e-01 -8.54672e-03
  6.00000e-01 -3.16052e-02
  6.10000e-01 -4.61695e-02
  6.20000e-01 -3.86922e-02
  6.30000e-01 -9.39637e-03
  6.40000e-01  2.43362e-02
  6.50000e-01  4.00410e-02
  6.60000e-01  2.75579e-02
  6.70000e-01 -3.82474e-03
  6.80000e-01 -3.38616e-02
  6.90000e-01 -4.65007e-02
  7.00000e-01 -3.85791e-02
  7.10000e-01 -1.74098e-02
  7.20000e-01  6.90157e-03
  7.30000e-01  2.65408e-02
  7.40000e-01  3.64691e-02
  7.50000e-01  3.35778e-02
  7.60000e-01  1.75428e-02
  7.70000e-01 -6.84765e-03
  7.80000e-01 -2.86531e-02
  7.90000e-01 -3.44441e-02
  8.00000e-01 -1.74484e-02
  8.10000e-01  1.36697e-02
  8.20000e-01  3.68198e-02
  8.30000e-01  3.27900e-02
  8.40000e-01  3.52251e-03
  8.50000e-01 -2.66054e-02
  8.60000e-01 -3.06785e-02
  8.70000e-01 -2.06701e-03
  8.80000e-01  4.17781e-02
  8.90000e-01  7.60430e-02
  9.00000e-01  8.66593e-02
  9.10000e-01  7.35159e-02
  9.20000e-01  4.25373e-02
  9.30000e-01  1.26933e-03
  9.40000e-01 -3.75566e-02
  9.50000e-01 -5.49338e-02
  9.60000e-01 -3.60812e-02
  9.70000e-01  1.42079e-02
  9.80000e-01  6.78342e-02
  9.90000e-01  8.88539e-02
  1.00000e+00  5.79321e-02
  1.01000e+00 -1.28021e-02
  1.02000e+00 -8.54185e-02
  1.03000e+00 -1.18073e-01
  1.04000e+00 -8.85810e-02
  1.05000e+00 -6.00848e-03
  1.06000e+00  9.42486e-02
  1.07000e+00  1.67035e-01
  1.08000e+00  1.77430e-01
  1.09000e+00  1.17202e-01
  1.10000e+00  1.14018e-02
  1.11000e+00 -9.10314e-02
  1.12000e+00 -1.42267e-01
  1.13000e+00 -1.22826e-01
  1.14000e+00 -5.14764e-02
  1.15000e+00  2.98762e-02
  1.16000e+00  8.31086e-02
  1.17000e+00  9.18382e-02
  1.18000e+00  6.21156e-02
  1.19000e+00  1.31106e-02
  1.20000e+00 -3.27219e-02
  1.21000e+00 -5.73214e-02
  1.22000e+00 -5.27333e-02
  1.23000e+00 -2.30402e-02
  1.24000e+00  1.85658e-02
  1.25000e+00  5.52665e-02
  1.26000e+00  7.23951e-02
  1.27000e+00  6.35175e-02
  1.28000e+00  3.42662e-02
  1.29000e+00  3.68645e-03
  1.30000e+00 -8.73485e-03
  1.31000e+00  2.03500e-03
  1.32000e+00  2.38372e-02
  1.33000e+00  3.42286e-02
  1.34000e+00  1.80879e-02
  1.35000e+00 -1.76867e-02
  1.36000e+00 -4.59154e-02
  1.37000e+00 -3.96700e-02
  1.38000e+00  3.70296e-03
  1.39000e+00  5.71056e-02
  1.40000e+00  8.37143e-02
  1.41000e+00  6.56238e-02
  1.42000e+00  1.62487e-02
  1.43000e+00 -3.28891e-02
  1.44000e+00 -5.78291e-02
  1.45000e+00 -5.81404e-02
  1.46000e+00 -5.13146e-02
  1.47000e+00 -5.29080e-02
  1.48000e+00 -6.13864e-02
  1.49000e+00 -6.08949e-02
  1.50000e+00 -3.79836e-02
  1.51000e+00  3.68887e-03
  1.52000e+00  4.33757e-02
  1.53000e+00  5.77889e-02
  1.54000e+00  3.93285e-02
  1.55000e+00  4.49019e-03
  1.56000e+00 -1.56547e-02
  1.57000e+00  1.14848e-03
  1.58000e+00  4.79973e-02
  1.59000e+00  8.99181e-02
  1.60000e+00  8.88820e-02
  1.61000e+00  3.40385e-02
  1.62000e+00 -4.74834e-02
  1.63000e+00 -1.08025e-01
  1.64000e+00 -1.11408e-01
  1.65000e+00 -5.63721e-02
  1.66000e+00  2.32666e-02
  1.67000e+00  8.02901e-02
  1.68000e+00  8.34986e-02
  1.69000e+00  3.66192e-02
  1.70000e+00 -2.58559e-02
  1.71000e+00 -6.37404e-02
  1.72000e+00 -5.91849e-02
  1.73000e+00 -2.63992e-02
  1.74000e+00  3.39521e-03
  1.75000e+00  7.34962e-03
  1.76000e+00 -1.48620e-02
  1.77000e+00 -4.67410e-02
  1.78000e+00 -7.04652e-02
  1.79000e+00 -7.66690e-02
  1.80000e+00 -6.34713e-02
  1.81000e+00 -3.19779e-02
  1.82000e+00  1.36237e-02
  1.83000e+00  6.19450e-02
  1.84000e+00  9.36973e-02
  1.85000e+00  8.98515e-02
  1.86000e+00  4.56248e-02
  1.87000e+00 -2.02991e-02
  1.88000e+00 -7.15733e-02
  1.89000e+00 -7.49675e-02
  1.90000e+00 -2.28837e-02
  1.91000e+00  5.92088e-02
  1.92000e+00  1.26593e-01
  1.93000e+00  1.41368e-01
  1.94000e+00  9.45090e-02
  1.95000e+00  1.09436e-02
  1.96000e+00 -6.57513e-02
  1.97000e+00 -9.99556e-02
  1.98000e+00 -8.38186e-02
  1.99000e+00 -3.67749e-02
  2.00000e+00  1.11179e-02
  2.01000e+00  3.55713e-02
  2.02000e+00  2.46997e-02
  2.03000e+00 -1.93316e-02
  2.04000e+00 -7.82367e-02
  2.05000e+00 -1.20538e-01
  2.06000e+00 -1.16526e-01
  2.07000e+00 -5.91071e-02
  2.08000e+00  2.59308e-02
  2.09000e+00  9.08954e-02
  2.10000e+00  9.40664e-02
  2.11000e+00  2.86674e-02
  2.12000e+00 -6.64985e-02
  2.13000e+00 -1.27336e-01
  2.14000e+00 -1.08045e-01
  2.15000e+00 -1.74287e-02
  2.16000e+00  8.38542e-02
  2.17000e+00  1.26542e-01
  2.18000e+00  8.17560e-02
  2.19000e+00 -2.36554e-02
  2.20000e+00 -1.32399e-01
  2.21000e+00 -1.94626e-01
  2.22000e+00 -1.87822e-01
  2.23000e+00 -1.14600e-01
  2.24000e+00  4.19890e-03
  2.25000e+00  1.30178e-01
  2.26000e+00  2.11617e-01
  2.27000e+00  2.04993e-01
  2.28000e+00  1.06577e-01
  2.29000e+00 -3.40764e-02
  2.30000e+00 -1.39111e-01
  2.31000e+00 -1.52881e-01
  2.32000e+00 -7.92629e-02
  2.33000e+00  2.39552e-02
  2.34000e+00  8.75202e-02
  2.35000e+00  7.56903e-02
  2.36000e+00  2.74151e-03
  2.37000e+00 -8.34775e-02
  2.38000e+00 -1.32772e-01
  2.39000e+00 -1.17599e-01
  2.40000e+00 -4.19683e-02
  2.41000e+00  6.41335e-02
  2.42000e+00  1.58182e-01
  2.43000e+00  2.00705e-01
  2.44000e+00  1.70453e-01
  2.45000e+00  7.65698e-02
  2.46000e+00 -3.94587e-02
  2.47000e+00 -1.20198e-01
  2.48000e+00 -1.23341e-01
  2.49000e+00 -4.78627e-02
  2.50000e+00  6.43670e-02
  2.51000e+00  1.52198e-01
  2.52000e+00  1.67662e-01
  2.53000e+00  1.00576e-01
  2.54000e+00 -1.45210e-02
  2.55000e+00 -1.15024e-01
  2.56000e+00 -1.47184e-01
  2.57000e+00 -1.01019e-01
  2.58000e+00 -1.43246e-02
  2.59000e+00  5.85447e-02
  2.60000e+00  8.41356e-02
  2.61000e+00  6.25254e-02
  2.62000e+00  1.43099e-02
  2.63000e+00 -3.63572e-02
  2.64000e+00 -6.97923e-02
  2.65000e+00 -7.53648e-02
  2.66000e+00 -5.76138e-02
  2.67000e+00 -3.61286e-02
  2.68000e+00 -3.19262e-02
  2.69000e+00 -4.94244e-02
  2.70000e+00 -7.21347e-02
  2.71000e+00 -7.77131e-02
  2.72000e+00 -5.80381e-02
  2.73000e+00 -2.51307e-02
  2.74000e+00  1.72601e-03
  2.75000e+00  1.41257e-02
  2.76000e+00  2.00131e-02
  2.77000e+00  3.15718e-02
  2.78000e+00  4.86592e-02
  2.79000e+00  5.61409e-02
  2.80000e+00  3.93129e-02
  2.81000e+00  2.03944e-03
  2.82000e+00 -3.15272e-02
  2.83000e+00 -3.46617e-02
  2.84000e+00  8.71107e-05
  2.85000e+00  5.32408e-02
  2.86000e+00  9.13792e-02
  2.87000e+00  9.19044e-02
  2.88000e+00  6.10867e-02
  2.89000e+00  2.92642e-02
  2.90000e+00  2.43291e-02
  2.91000e+00  4.58048e-02
  2.92000e+00  6.41813e-02
  2.93000e+00  4.66034e-02
  2.94000e+00 -1.52418e-02
  2.95000e+00 -9.81972e-02
  2.96000e+00 -1.62453e-01
  2.97000e+00 -1.73336e-01
  2.98000e+00 -1.18052e-01
  2.99000e+00 -1.26124e-02
  3.00000e+00  1.04013e-01
  3.01000e+00  1.87571e-01
  3.02000e+00  2.08271e-01
  3.03000e+00  1.61287e-01
  3.04000e+00  6.69542e-02
  3.05000e+00 -3.40110e-02
  3.06000e+00 -9.19285e-02
  3.07000e+00 -7.16085e-02
  3.08000e+00  2.19314e-02
  3.09000e+00  1.40817e-01
  3.10000e+00  2.25772e-01
  3.11000e+00  2.46685e-01
  3.12000e+00  2.14212e-01
  3.13000e+00  1.55251e-01
  3.14000e+00  8.45627e-02
  3.15000e+00  4.13117e-03
  3.16000e+00 -7.63942e-02
  3.17000e+00 -1.31076e-01
  3.18000e+00 -1.36178e-01
  3.19000e+00 -9.48892e-02
  3.20000e+00 -3.88858e-02
  3.21000e+00 -3.95082e-03
  3.22000e+00 -3.30244e-03
  3.23000e+00 -2.04282e-02
  3.24000e+00 -2.29845e-02
  3.25000e+00  1.43835e-02
  3.26000e+00  9.10235e-02
  3.27000e+00  1.74346e-01
  3.28000e+00  2.12244e-01
  3.29000e+00  1.60283e-01
  3.30000e+00  8.65337e-03
  3.31000e+00 -2.09675e-01
  3.32000e+00 -4.37111e-01
  3.33000e+00 -6.24148e-01
  3.34000e+00 -7.52929e-01
  3.35000e+00 -8.35945e-01
  3.36000e+00 -8.96270e-01
  3.37000e+00 -9.49073e-01
  3.38000e+00 -9.94289e-01
  3.39000e+00 -1.01346e+00
  3.40000e+00 -9.66004e-01
  3.41000e+00 -7.97572e-01
  3.42000e+00 -4.73616e-01
  3.43000e+00 -2.39634e-02
  3.44000e+00  4.40429e-01
  3.45000e+00  7.65104e-01
  3.46000e+00  8.29796e-01
  3.47000e+00  6.19844e-01
  3.48000e+00  2.46142e-01
  3.49000e+00 -1.02469e-01
  3.50000e+00 -2.52463e-01
  3.51000e+00 -1.35047e-01
  3.52000e+00  1.79283e-01
  3.53000e+00  5.23101e-01
  3.54000e+00  7.28595e-01
  3.55000e+00  7.21911e-01
  3.56000e+00  5.57959e-01
  3.57000e+00  3.73454e-01
  3.58000e+00  2.88715e-01
  3.59000e+00  3.25330e-01
  3.60000e+00  3.97824e-01
  3.61000e+00  3.84352e-01
  3.62000e+00  2.22769e-01
  3.63000e+00 -3.91679e-02
  3.64000e+00 -2.73108e-01
  3.65000e+00 -3.51711e-01
  3.66000e+00 -2.20846e-01
  3.67000e+00  8.32975e-02
  3.68000e+00  4.70839e-01
  3.69000e+00  8.51071e-01
  3.70000e+00  1.16399e+00
  3.71000e+00  1.37943e+00
  3.72000e+00  1.47765e+00
  3.73000e+00  1.43194e+00
  3.74000e+00  1.20668e+00
  3.75000e+00  7.76796e-01
  3.76000e+00  1.64886e-01
  3.77000e+00 -5.23580e-01
  3.78000e+00 -1.10123e+00
  3.79000e+00 -1.35800e+00
  3.80000e+00 -1.15709e+00
  3.81000e+00 -5.08651e-01
  3.82000e+00  4.25542e-01
  3.83000e+00  1.38873e+00
  3.84000e+00  2.10355e+00
  3.85000e+00  2.33791e+00
  3.86000e+00  1.96747e+00
  3.87000e+00  1.03016e+00
  3.88000e+00 -2.68303e-01
  3.89000e+00 -1.63080e+00
  3.90000e+00 -2.79159e+00
  3.91000e+00 -3.59747e+00
  3.92000e+00 -3.99622e+00
  3.93000e+00 -3.97073e+00
  3.94000e+00 -3.49922e+00
  3.95000e+00 -2.57771e+00
  3.96000e+00 -1.27530e+00
  3.97000e+00  2.30086e-01
  3.98000e+00  1.66620e+00
  3.99000e+00  2.73301e+00
  4.00000e+00  3.19898e+00
  4.01000e+00  2.98574e+00
  4.02000e+00  2.19999e+00
  4.03000e+00  1.09725e+00
  4.04000e+00 -4.84686e-03
  4.05000e+00 -8.30756e-01
  4.06000e+00 -1.23251e+00
  4.07000e+00 -1.22246e+00
  4.08000e+00 -9.38494e-01
  4.09000e+00 -5.65294e-01
  4.10000e+00 -2.59273e-01
  4.11000e+00 -1.07273e-01
  4.12000e+00 -1.16047e-01
  4.13000e+00 -2.22376e-01
  4.14000e+00 -3.25632e-01
  4.15000e+00 -3.37637e-01
  4.16000e+00 -2.21833e-01
  4.17000e+00  2.53609e-03
  4.18000e+00  2.79982e-01
  4.19000e+00  5.33123e-01
  4.20000e+00  6.69903e-01
  4.21000e+00  6.09505e-01
  4.22000e+00  3.32539e-01
  4.23000e+00 -8.30651e-02
  4.24000e+00 -4.82732e-01
  4.25000e+00 -7.06614e-01
  4.26000e+00 -6.62920e-01
  4.27000e+00 -3.62336e-01
  4.28000e+00  9.07081e-02
  4.29000e+00  5.36315e-01
  4.30000e+00  8.19145e-01
  4.31000e+00  8.58872e-01
  4.32000e+00  6.97104e-01
  4.33000e+00  4.79349e-01
  4.34000e+00  3.66814e-01
  4.35000e+00  4.29420e-01
  4.36000e+00  5.95529e-01
  4.37000e+00  6.99669e-01
  4.38000e+00  6.00425e-01
  4.39000e+00  2.86464e-01
  4.40000e+00 -1.08433e-01
  4.41000e+00 -3.94885e-01
  4.42000e+00 -4.53369e-01
  4.43000e+00 -2.98743e-01
  4.44000e+00 -4.17885e-02
  4.45000e+00  2.05800e-01
  4.46000e+00  3.96350e-01
  4.47000e+00  5.35109e-01
  4.48000e+00  6.23685e-01
  4.49000e+00  6.27665e-01
  4.50000e+00  5.05463e-01
  4.51000e+00  2.65596e-01
  4.52000e+00 -1.53007e-02
  4.53000e+00 -2.41509e-01
  4.54000e+00 -3.67950e-01
  4.55000e+00 -4.19262e-01
  4.56000e+00 -4.41601e-01
  4.57000e+00 -4.43068e-01
  4.58000e+00 -3.87176e-01
  4.59000e+00 -2.42584e-01
  4.60000e+00 -3.28980e-02
  4.61000e+00  1.65687e-01
  4.62000e+00  2.75650e-01
  4.63000e+00  2.69181e-01
  4.64000e+00  1.75770e-01
  4.65000e+00  4.72506e-02
  4.66000e+00 -8.28255e-02
  4.67000e+00 -2.11599e-01
  4.68000e+00 -3.48673e-01
  4.69000e+00 -4.90793e-01
  4.70000e+00 -6.12936e-01
  4.71000e+00 -6.80799e-01
  4.72000e+00 -6.72203e-01
  4.73000e+00 -5.90325e-01
  4.74000e+00 -4.59772e-01
  4.75000e+00 -3.10603e-01
  4.76000e+00 -1.64541e-01
  4.77000e+00 -3.37241e-02
  4.78000e+00  7.06853e-02
  4.79000e+00  1.31261e-01
  4.80000e+00  1.26525e-01
  4.81000e+00  4.25408e-02
  4.82000e+00 -1.11257e-01
  4.83000e+00 -2.90341e-01
  4.84000e+00 -4.19279e-01
  4.85000e+00 -4.19843e-01
  4.86000e+00 -2.54242e-01
  4.87000e+00  4.34757e-02
  4.88000e+00  3.73363e-01
  4.89000e+00  6.13864e-01
  4.90000e+00  6.78877e-01
  4.91000e+00  5.55931e-01
  4.92000e+00  3.08855e-01
  4.93000e+00  4.80204e-02
  4.94000e+00 -1.16890e-01
  4.95000e+00 -1.22398e-01
  4.96000e+00  2.38595e-02
  4.97000e+00  2.50296e-01
  4.98000e+00  4.56073e-01
  4.99000e+00  5.53722e-01
  5.00000e+00  4.99012e-01
  5.01000e+00  3.00242e-01
  5.02000e+00  1.09298e-02
  5.03000e+00 -2.89251e-01
  5.04000e+00 -5.22250e-01
  5.05000e+00 -6.39170e-01
  5.06000e+00 -6.32097e-01
  5.07000e+00 -5.23497e-01
  5.08000e+00 -3.46608e-01
  5.09000e+00 -1.37384e-01
  5.10000e+00  5.93317e-02
  5.11000e+00  1.88463e-01
  5.12000e+00  2.04301e-01
  5.13000e+00  1.01067e-01
  5.14000e+00 -7.35958e-02
  5.15000e+00 -2.38673e-01
  5.16000e+00 -3.20968e-01
  5.17000e+00 -2.88773e-01
  5.18000e+00 -1.59405e-01
  5.19000e+00  1.57412e-02
  5.20000e+00  1.73226e-01
  5.21000e+00  2.57232e-01
  5.22000e+00  2.37427e-01
  5.23000e+00  1.24410e-01
  5.24000e+00 -2.76462e-02
  5.25000e+00 -1.42777e-01
  5.26000e+00 -1.64735e-01
  5.27000e+00 -9.27865e-02
  5.28000e+00  1.64737e-02
  5.29000e+00  8.73871e-02
  5.30000e+00  7.87532e-02
  5.31000e+00  1.35758e-02
  5.32000e+00 -3.84297e-02
  5.33000e+00 -1.37640e-02
  5.34000e+00  9.61655e-02
  5.35000e+00  2.37431e-01
  5.36000e+00  3.31669e-01
  5.37000e+00  3.29495e-01
  5.38000e+00  2.39656e-01
  5.39000e+00  1.16437e-01
  5.40000e+00  2.06317e-02
  5.41000e+00 -1.36046e-02
  5.42000e+00  1.55087e-02
  5.43000e+00  9.37629e-02
  5.44000e+00  2.06345e-01
  5.45000e+00  3.36363e-01
  5.46000e+00  4.53345e-01
  5.47000e+00  5.11114e-01
  5.48000e+00  4.64450e-01
  5.49000e+00  2.95069e-01
  5.50000e+00  2.96614e-02
  5.51000e+00 -2.61129e-01
  5.52000e+00 -4.84271e-01
  5.53000e+00 -5.60694e-01
  5.54000e+00 -4.63097e-01
  5.55000e+00 -2.35489e-01
  5.56000e+00  2.14474e-02
  5.57000e+00  1.96731e-01
  5.58000e+00  2.22256e-01
  5.59000e+00  1.00522e-01
  5.60000e+00 -1.08224e-01
  5.61000e+00 -3.25802e-01
  5.62000e+00 -4.93163e-01
  5.63000e+00 -5.83800e-01
  5.64000e+00 -5.94473e-01
  5.65000e+00 -5.29465e-01
  5.66000e+00 -3.94762e-01
  5.67000e+00 -2.07194e-01
  5.68000e+00 -8.15538e-03
  5.69000e+00  1.37431e-01
  5.70000e+00  1.67328e-01
  5.71000e+00  6.01428e-02
  5.72000e+00 -1.43629e-01
  5.73000e+00 -3.56054e-01
  5.74000e+00 -4.82741e-01
  5.75000e+00 -4.63962e-01
  5.76000e+00 -2.94472e-01
  5.77000e+00 -1.80026e-02
  5.78000e+00  2.92942e-01
  5.79000e+00  5.57536e-01
  5.80000e+00  7.01156e-01
  5.81000e+00  6.70165e-01
  5.82000e+00  4.54564e-01
  5.83000e+00  1.10138e-01
  5.84000e+00 -2.44450e-01
  5.85000e+00 -4.71952e-01
  5.86000e+00 -4.85287e-01
  5.87000e+00 -2.95547e-01
  5.88000e+00 -1.88648e-03
  5.89000e+00  2.71907e-01
  5.90000e+00  4.47711e-01
  5.91000e+00  5.19588e-01
  5.92000e+00  5.23603e-01
  5.93000e+00  4.84905e-01
  5.94000e+00  3.91572e-01
  5.95000e+00  2.16692e-01
  5.96000e+00 -3.52416e-02
  5.97000e+00 -3.03882e-01
  5.98000e+00 -4.96122e-01
  5.99000e+00 -5.38755e-01
  6.00000e+00 -4.18318e-01
  6.01000e+00 -1.82606e-01
  6.02000e+00  8.60895e-02
  6.03000e+00  3.01554e-01
  6.04000e+00  3.97789e-01
  6.05000e+00  3.50334e-01
  6.06000e+00  1.91353e-01
  6.07000e+00  3.33461e-03
  6.08000e+00 -1.16116e-01
  6.09000e+00 -1.03413e-01
  6.10000e+00  3.63018e-02
  6.11000e+00  2.30229e-01
  6.12000e+00  3.76415e-01
  6.13000e+00  4.00012e-01
  6.14000e+00  2.94433e-01
  6.15000e+00  1.21073e-01
  6.16000e+00 -3.10814e-02
  6.17000e+00 -9.64397e-02
  6.18000e+00 -6.18407e-02
  6.19000e+00  3.69670e-02
  6.20000e+00  1.40341e-01
  6.21000e+00  1.96239e-01
  6.22000e+00  1.87575e-01
  6.23000e+00  1.43431e-01
  6.24000e+00  1.21573e-01
  6.25000e+00  1.65681e-01
  6.26000e+00  2.66209e-01
  6.27000e+00  3.59062e-01
  6.28000e+00  3.67452e-01
  6.29000e+00  2.54821e-01
  6.30000e+00  4.89748e-02
  6.31000e+00 -1.75235e-01
  6.32000e+00 -3.35983e-01
  6.33000e+00 -3.81091e-01
  6.34000e+00 -3.07158e-01
  6.35000e+00 -1.58337e-01
  6.36000e+00 -5.57619e-03
  6.37000e+00  8.70548e-02
  6.38000e+00  9.15837e-02
  6.39000e+00  2.16188e-02
  6.40000e+00 -8.80793e-02
  6.41000e+00 -2.07544e-01
  6.42000e+00 -3.19873e-01
  6.43000e+00 -4.10508e-01
  6.44000e+00 -4.58213e-01
  6.45000e+00 -4.44635e-01
  6.46000e+00 -3.73812e-01
  6.47000e+00 -2.76446e-01
  6.48000e+00 -1.87429e-01
  6.49000e+00 -1.15827e-01
  6.50000e+00 -3.94738e-02
  6.51000e+00  6.56887e-02
  6.52000e+00  1.87177e-01
  6.53000e+00  2.66262e-01
  6.54000e+00  2.31214e-01
  6.55000e+00  5.21930e-02
  6.56000e+00 -2.20550e-01
  6.57000e+00 -4.64289e-01
  6.58000e+00 -5.41144e-01
  6.59000e+00 -3.78699e-01
  6.60000e+00 -2.50086e-02
  6.61000e+00  3.65257e-01
  6.62000e+00  6.13635e-01
  6.63000e+00  6.16497e-01
  6.64000e+00  3.91601e-01
  6.65000e+00  4.71378e-02
  6.66000e+00 -2.90406e-01
  6.67000e+00 -5.30105e-01
  6.68000e+00 -6.24913e-01
  6.69000e+00 -5.55191e-01
  6.70000e+00 -3.22019e-01
  6.71000e+00  4.17709e-02
  6.72000e+00  4.63741e-01
  6.73000e+00  8.45784e-01
  6.74000e+00  1.09389e+00
  6.75000e+00  1.14372e+00
  6.76000e+00  9.71625e-01
  6.77000e+00  5.96315e-01
  6.78000e+00  7.92597e-02
  6.79000e+00 -4.77703e-01
  6.80000e+00 -9.45956e-01
  6.81000e+00 -1.20005e+00
  6.82000e+00 -1.15797e+00
  6.83000e+00 -8.15195e-01
  6.84000e+00 -2.54881e-01
  6.85000e+00  3.71794e-01
  6.86000e+00  8.86911e-01
  6.87000e+00  1.13547e+00
  6.88000e+00  1.03402e+00
  6.89000e+00  6.07677e-01
  6.90000e+00 -4.02729e-03
  6.91000e+00 -5.90690e-01
  6.92000e+00 -9.55476e-01
  6.93000e+00 -9.97554e-01
  6.94000e+00 -7.44353e-01
  6.95000e+00 -3.20054e-01
  6.96000e+00  1.20583e-01
  6.97000e+00  4.51408e-01
  6.98000e+00  6.05009e-01
  6.99000e+00  5.75514e-01
  7.00000e+00  4.04539e-01
  7.01000e+00  1.59579e-01
  7.02000e+00 -8.72565e-02
  7.03000e+00 -2.74713e-01
  7.04000e+00 -3.62588e-01
  7.05000e+00 -3.40264e-01
  7.06000e+00 -2.32355e-01
  7.07000e+00 -9.41470e-02
  7.08000e+00  7.99970e-03
  7.09000e+00  2.59405e-02
  7.10000e+00 -4.51763e-02
  7.11000e+00 -1.60502e-01
  7.12000e+00 -2.44645e-01
  7.13000e+00 -2.30311e-01
  7.14000e+00 -9.75595e-02
  7.15000e+00  1.09414e-01
  7.16000e+00  3.01341e-01
  7.17000e+00  3.91854e-01
  7.18000e+00  3.46978e-01
  7.19000e+00  2.02545e-01
  7.20000e+00  3.46433e-02
  7.21000e+00 -9.52010e-02
  7.22000e+00 -1.74745e-01
  7.23000e+00 -2.27631e-01
  7.24000e+00 -2.70204e-01
  7.25000e+00 -2.84944e-01
  7.26000e+00 -2.37044e-01
  7.27000e+00 -1.15875e-01
  7.28000e+00  3.99010e-02
  7.29000e+00  1.58044e-01
  7.30000e+00  1.78428e-01
  7.31000e+00  9.44198e-02
  7.32000e+00 -4.11718e-02
  7.33000e+00 -1.50929e-01
  7.34000e+00 -1.83483e-01
  7.35000e+00 -1.43161e-01
  7.36000e+00 -7.85058e-02
  7.37000e+00 -4.11283e-02
  7.38000e+00 -4.73739e-02
  7.39000e+00 -7.07538e-02
  7.40000e+00 -6.82041e-02
  7.41000e+00 -1.71889e-02
  7.42000e+00  6.61180e-02
  7.43000e+00  1.39255e-01
  7.44000e+00  1.61971e-01
  7.45000e+00  1.16377e-01
  7.46000e+00  7.28005e-03
  7.47000e+00 -1.49296e-01
  7.48000e+00 -3.34008e-01
  7.49000e+00 -5.20973e-01
  7.50000e+00 -6.69404e-01
  7.51000e+00 -7.23560e-01
  7.52000e+00 -6.29665e-01
  7.53000e+00 -3.64876e-01
  7.54000e+00  3.74527e-02
  7.55000e+00  4.82310e-01
  7.56000e+00  8.36268e-01
  7.57000e+00  9.77704e-01
  7.58000e+00  8.56720e-01
  7.59000e+00  5.31113e-01
  7.60000e+00  1.46352e-01
  7.61000e+00 -1.39595e-01
  7.62000e+00 -2.41078e-01
  7.63000e+00 -1.79673e-01
  7.64000e+00 -4.64875e-02
  7.65000e+00  7.24898e-02
  7.66000e+00  1.46279e-01
  7.67000e+00  1.92154e-01
  7.68000e+00  2.34303e-01
  7.69000e+00  2.74175e-01
  7.70000e+00  2.94893e-01
  7.71000e+00  2.83299e-01
  7.72000e+00  2.41245e-01
  7.73000e+00  1.76876e-01
  7.74000e+00  8.94323e-02
  7.75000e+00 -3.37440e-02
  7.76000e+00 -2.00783e-01
  7.77000e+00 -3.89916e-01
  7.78000e+00 -5.38566e-01
  7.79000e+00 -5.65841e-01
  7.80000e+00 -4.22161e-01
  7.81000e+00 -1.32519e-01
  7.82000e+00  2.01914e-01
  7.83000e+00  4.50844e-01
  7.84000e+00  5.23259e-01
  7.85000e+00  4.15530e-01
  7.86000e+00  2.09783e-01
  7.87000e+00  2.25302e-02
  7.88000e+00 -6.52340e-02
  7.89000e+00 -5.11761e-02
  7.90000e+00  4.39091e-04
  7.91000e+00  1.49547e-02
  7.92000e+00 -3.49568e-02
  7.93000e+00 -1.10597e-01
  7.94000e+00 -1.36940e-01
  7.95000e+00 -5.74943e-02
  7.96000e+00  1.21151e-01
  7.97000e+00  3.21761e-01
  7.98000e+00  4.32478e-01
  7.99000e+00  3.69626e-01
  8.00000e+00  1.31762e-01
  8.01000e+00 -1.90814e-01
  8.02000e+00 -4.61154e-01
  8.03000e+00 -5.68181e-01
  8.04000e+00 -4.80852e-01
  8.05000e+00 -2.53595e-01
  8.06000e+00  1.27547e-02
  8.07000e+00  2.24983e-01
  8.08000e+00  3.35158e-01
  8.09000e+00  3.46268e-01
  8.10000e+00  2.90416e-01
  8.11000e+00  1.98900e-01
  8.12000e+00  8.59138e-02
  8.13000e+00 -4.47138e-02
  8.14000e+00 -1.79601e-01
  8.15000e+00 -2.83674e-01
  8.16000e+00 -3.10236e-01
  8.17000e+00 -2.29011e-01
  8.18000e+00 -5.25646e-02
  8.19000e+00  1.59301e-01
  8.20000e+00  3.24254e-01
  8.21000e+00  3.79467e-01
  8.22000e+00  3.15930e-01
  8.23000e+00  1.81647e-01
  8.24000e+00  4.96249e-02
  8.25000e+00 -2.75467e-02
  8.26000e+00 -4.39325e-02
  8.27000e+00 -3.13870e-02
  8.28000e+00 -2.93233e-02
  8.29000e+00 -6.02004e-02
  8.30000e+00 -1.23640e-01
  8.31000e+00 -2.00815e-01
  8.32000e+00 -2.58427e-01
  8.33000e+00 -2.56541e-01
  8.34000e+00 -1.70578e-01
  8.35000e+00 -2.02505e-02
  8.36000e+00  1.23129e-01
  8.37000e+00  1.72455e-01
  8.38000e+00  8.69506e-02
  8.39000e+00 -8.88579e-02
  8.40000e+00 -2.47260e-01
  8.41000e+00 -2.88283e-01
  8.42000e+00 -1.85274e-01
  8.43000e+00  2.90502e-03
  8.44000e+00  1.75839e-01
  8.45000e+00  2.53627e-01
  8.46000e+00  2.14678e-01
  8.47000e+00  9.33703e-02
  8.48000e+00 -4.92232e-02
  8.49000e+00 -1.57671e-01
  8.50000e+00 -2.01758e-01
  8.51000e+00 -1.80746e-01
  8.52000e+00 -1.16595e-01
  8.53000e+00 -4.05204e-02
  8.54000e+00  2.22210e-02
  8.55000e+00  6.13855e-02
  8.56000e+00  7.87131e-02
  8.57000e+00  7.73988e-02
  8.58000e+00  5.68675e-02
  8.59000e+00  1.87615e-02
  8.60000e+00 -2.53664e-02
  8.61000e+00 -5.73490e-02
  8.62000e+00 -6.46013e-02
  8.63000e+00 -4.63269e-02
  8.64000e+00 -6.54442e-03
  8.65000e+00  5.46971e-02
  8.66000e+00  1.36353e-01
  8.67000e+00  2.19386e-01
  8.68000e+00  2.58321e-01
  8.69000e+00  1.99822e-01
  8.70000e+00  2.28413e-02
  8.71000e+00 -2.29579e-01
  8.72000e+00 -4.57686e-01
  8.73000e+00 -5.54763e-01
  8.74000e+00 -4.67771e-01
  8.75000e+00 -2.27092e-01
  8.76000e+00  7.26573e-02
  8.77000e+00  3.23051e-01
  8.78000e+00  4.49078e-01
  8.79000e+00  4.29514e-01
  8.80000e+00  2.89535e-01
  8.81000e+00  8.04338e-02
  8.82000e+00 -1.37549e-01
  8.83000e+00 -3.03951e-01
  8.84000e+00 -3.65740e-01
  8.85000e+00 -2.93393e-01
  8.86000e+00 -1.02095e-01
  8.87000e+00  1.40019e-01
  8.88000e+00  3.32685e-01
  8.89000e+00  3.88763e-01
  8.90000e+00  2.78811e-01
  8.91000e+00  4.81288e-02
  8.92000e+00 -2.04055e-01
  8.93000e+00 -3.72510e-01
  8.94000e+00 -3.96343e-01
  8.95000e+00 -2.85353e-01
  8.96000e+00 -1.08139e-01
  8.97000e+00  5.05057e-02
  8.98000e+00  1.36374e-01
  8.99000e+00  1.47706e-01
  9.00000e+00  1.20298e-01
  9.01000e+00  9.06010e-02
  9.02000e+00  6.82147e-02
  9.03000e+00  4.06927e-02
  9.04000e+00  3.57910e-03
  9.05000e+00 -1.66518e-02
  9.06000e+00  2.66444e-02
  9.07000e+00  1.61860e-01
  9.08000e+00  3.65756e-01
  9.09000e+00  5.63423e-01
  9.10000e+00  6.63121e-01
  9.11000e+00  6.04723e-01
  9.12000e+00  3.95031e-01
  9.13000e+00  1.10401e-01
  9.14000e+00 -1.38578e-01
  9.15000e+00 -2.65274e-01
  9.16000e+00 -2.54559e-01
  9.17000e+00 -1.66791e-01
  9.18000e+00 -9.28700e-02
  9.19000e+00 -9.21007e-02
  9.20000e+00 -1.58715e-01
  9.21000e+00 -2.39183e-01
  9.22000e+00 -2.80958e-01
  9.23000e+00 -2.71229e-01
  9.24000e+00 -2.38569e-01
  9.25000e+00 -2.23495e-01
  9.26000e+00 -2.45257e-01
  9.27000e+00 -2.88273e-01
  9.28000e+00 -3.12957e-01
  9.29000e+00 -2.79817e-01
  9.30000e+00 -1.71527e-01
  9.31000e+00 -3.24720e-03
  9.32000e+00  1.80661e-01
  9.33000e+00  3.20997e-01
  9.34000e+00  3.65678e-01
  9.35000e+00  2.93524e-01
  9.36000e+00  1.29268e-01
  9.37000e+00 -6.16327e-02
  9.38000e+00 -2.00477e-01
  9.39000e+00 -2.32243e-01
  9.40000e+00 -1.51346e-01
  9.41000e+00 -2.15446e-03
  9.42000e+00  1.44426e-01
  9.43000e+00  2.24114e-01
  9.44000e+00  2.04873e-01
  9.45000e+00  9.44914e-02
  9.46000e+00 -6.91076e-02
  9.47000e+00 -2.35873e-01
  9.48000e+00 -3.60412e-01
  9.49000e+00 -4.12926e-01
  9.50000e+00 -3.84007e-01
  9.51000e+00 -2.84180e-01
  9.52000e+00 -1.39232e-01
  9.53000e+00  1.65043e-02
  9.54000e+00  1.46868e-01
  9.55000e+00  2.20840e-01
  9.56000e+00  2.21322e-01
  9.57000e+00  1.54070e-01
  9.58000e+00  5.01652e-02
  9.59000e+00 -4.39648e-02
  9.60000e+00 -8.65471e-02
  9.61000e+00 -5.90115e-02
  9.62000e+00  2.86698e-02
  9.63000e+00  1.47719e-01
  9.64000e+00  2.65985e-01
  9.65000e+00  3.57088e-01
  9.66000e+00  3.99285e-01
  9.67000e+00  3.71308e-01
  9.68000e+00  2.56695e-01
  9.69000e+00  6.01545e-02
  9.70000e+00 -1.75781e-01
  9.71000e+00 -3.73758e-01
  9.72000e+00 -4.53265e-01
  9.73000e+00 -3.75417e-01
  9.74000e+00 -1.70008e-01
  9.75000e+00  7.53303e-02
  9.76000e+00  2.56619e-01
  9.77000e+00  3.00384e-01
  9.78000e+00  1.93943e-01
  9.79000e+00 -9.58420e-03
  9.80000e+00 -2.11926e-01
  9.81000e+00 -3.11192e-01
  9.82000e+00 -2.49582e-01
  9.83000e+00 -4.32214e-02
  9.84000e+00  2.24140e-01
  9.85000e+00  4.40128e-01
  9.86000e+00  5.13051e-01
  9.87000e+00  4.08688e-01
  9.88000e+00  1.63620e-01
  9.89000e+00 -1.27098e-01
  9.90000e+00 -3.46676e-01
  9.91000e+00 -4.07875e-01
  9.92000e+00 -2.95153e-01
  9.93000e+00 -7.17039e-02
  9.94000e+00  1.54742e-01
  9.95000e+00  2.86224e-01
  9.96000e+00  2.78069e-01
  9.97000e+00  1.53490e-01
  9.98000e+00 -1.10589e-02
  9.99000e+00 -1.21813e-01
  1.00000e+01 -1.13296e-01
  1.00100e+01  1.54398e-02
  1.00200e+01  1.96814e-01
  1.00300e+01  3.31453e-01
  1.00400e+01  3.45508e-01
  1.00500e+01  2.30939e-01
  1.00600e+01  4.35988e-02
  1.00700e+01 -1.34445e-01
  1.00800e+01 -2.39540e-01
  1.00900e+01 -2.51692e-01
  1.01000e+01 -1.92888e-01
  1.01100e+01 -1.07967e-01
  1.01200e+01 -4.22344e-02
  1.01300e+01 -2.48835e-02
  1.01400e+01 -6.05178e-02
  1.01500e+01 -1.28790e-01
  1.01600e+01 -1.92867e-01
  1.01700e+01 -2.15658e-01
  1.01800e+01 -1.77663e-01
  1.01900e+01 -8.77252e-02
  1.02000e+01  1.86496e-02
  1.02100e+01  9.32158e-02
  1.02200e+01  9.70567e-02
  1.02300e+01  2.28279e-02
  1.02400e+01 -9.52151e-02
  1.02500e+01 -1.93841e-01
  1.02600e+01 -2.13503e-01
  1.02700e+01 -1.32883e-01
  1.02800e+01  1.60992e-02
  1.02900e+01  1.61611e-01
  1.03000e+01  2.25446e-01
  1.03100e+01  1.59979e-01
  1.03200e+01 -2.66751e-02
  1.03300e+01 -2.67076e-01
  1.03400e+01 -4.57147e-01
  1.03500e+01 -5.01693e-01
  1.03600e+01 -3.64989e-01
  1.03700e+01 -9.70121e-02
  1.03800e+01  1.86873e-01
  1.03900e+01  3.65942e-01
  1.04000e+01  3.77995e-01
  1.04100e+01  2.47755e-01
  1.04200e+01  6.48583e-02
  1.04300e+01 -7.14975e-02
  1.04400e+01 -1.06059e-01
  1.04500e+01 -4.85408e-02
  1.04600e+01  4.51696e-02
  1.04700e+01  1.12649e-01
  1.04800e+01  1.17524e-01
  1.04900e+01  6.06276e-02
  1.05000e+01 -2.63704e-02
  1.05100e+01 -9.62539e-02
  1.05200e+01 -1.06593e-01
  1.05300e+01 -4.07016e-02
  1.05400e+01  8.11973e-02
  1.05500e+01  2.09738e-01
  1.05600e+01  2.90424e-01
  1.05700e+01  2.89966e-01
  1.05800e+01  2.10271e-01
  1.05900e+01  8.39543e-02
  1.06000e+01 -4.36934e-02
  1.06100e+01 -1.34423e-01
  1.06200e+01 -1.68088e-01
  1.06300e+01 -1.43202e-01
  1.06400e+01 -7.26274e-02
  1.06500e+01  2.01500e-02
  1.06600e+01  1.04231e-01
  1.06700e+01  1.47650e-01
  1.06800e+01  1.28194e-01
  1.06900e+01  4.47090e-02
  1.07000e+01 -7.80765e-02
  1.07100e+01 -1.95702e-01
  1.07200e+01 -2.59400e-01
  1.07300e+01 -2.34847e-01
  1.07400e+01 -1.18567e-01
  1.07500e+01  5.27824e-02
  1.07600e+01  2.07484e-01
  1.07700e+01  2.65620e-01
  1.07800e+01  1.82910e-01
  1.07900e+01 -1.37247e-02
  1.08000e+01 -2.30200e-01
  1.08100e+01 -3.55766e-01
  1.08200e+01 -3.28232e-01
  1.08300e+01 -1.67256e-01
  1.08400e+01  4.56022e-02
  1.08500e+01  2.19847e-01
  1.08600e+01  3.02156e-01
  1.08700e+01  2.89647e-01
  1.08800e+01  2.12632e-01
  1.08900e+01  1.07607e-01
  1.09000e+01  5.48452e-04
  1.09100e+01 -9.33195e-02
  1.09200e+01 -1.61811e-01
  1.09300e+01 -1.92524e-01
  1.09400e+01 -1.77779e-01
  1.09500e+01 -1.20951e-01
  1.09600e+01 -3.68782e-02
  1.09700e+01  5.31453e-02
  1.09800e+01  1.26565e-01
  1.09900e+01  1.63360e-01
  1.10000e+01  1.51384e-01
  1.10100e+01  9.38903e-02
  1.10200e+01  1.34843e-02
  1.10300e+01 -5.43916e-02
  1.10400e+01 -7.80469e-02
  1.10500e+01 -4.66952e-02
  1.10600e+01  2.31458e-02
  1.10700e+01  9.60869e-02
  1.10800e+01  1.35755e-01
  1.10900e+01  1.22531e-01
  1.11000e+01  6.32215e-02
  1.11100e+01 -1.15225e-02
  1.11200e+01 -6.19874e-02
  1.11300e+01 -6.04293e-02
  1.11400e+01 -7.30357e-03
  1.11500e+01  6.72425e-02
  1.11600e+01  1.18439e-01
  1.11700e+01  1.11387e-01
  1.11800e+01  4.29610e-02
  1.11900e+01 -5.16868e-02
  1.12000e+01 -1.16205e-01
  1.12100e+01 -1.08370e-01
  1.12200e+01 -3.13338e-02
  1.12300e+01  6.49151e-02
  1.12400e+01  1.17402e-01
  1.12500e+01  9.57421e-02
  1.12600e+01  2.45912e-02
  1.12700e+01 -3.46872e-02
  1.12800e+01 -2.99745e-02
  1.12900e+01  4.17957e-02
  1.13000e+01  1.30895e-01
  1.13100e+01  1.70740e-01
  1.13200e+01  1.26325e-01
  1.13300e+01  1.77487e-02
  1.13400e+01 -9.71507e-02
  1.13500e+01 -1.62618e-01
  1.13600e+01 -1.54258e-01
  1.13700e+01 -8.13679e-02
  1.13800e+01  2.80046e-02
  1.13900e+01  1.41364e-01
  1.14000e+01  2.28914e-01
  1.14100e+01  2.68605e-01
  1.14200e+01  2.52798e-01
  1.14300e+01  1.92207e-01
  1.14400e+01  1.11013e-01
  1.14500e+01  3.39922e-02
  1.14600e+01 -2.58173e-02
  1.14700e+01 -7.02400e-02
  1.14800e+01 -1.08622e-01
  1.14900e+01 -1.47010e-01
  1.15000e+01 -1.82686e-01
  1.15100e+01 -2.07110e-01
  1.15200e+01 -2.12618e-01
  1.15300e+01 -1.96134e-01
  1.15400e+01 -1.58394e-01
  1.15500e+01 -1.03227e-01
  1.15600e+01 -4.05116e-02
  1.15700e+01  1.12779e-02
  1.15800e+01  3.12725e-02
  1.15900e+01  1.18764e-02
  1.16000e+01 -2.87073e-02
  1.16100e+01 -5.23864e-02
  1.16200e+01 -2.59206e-02
  1.16300e+01  5.37518e-02
  1.16400e+01  1.54113e-01
  1.16500e+01  2.25356e-01
  1.16600e+01  2.27912e-01
  1.16700e+01  1.51680e-01
  1.16800e+01  1.95982e-02
  1.16900e+01 -1.21983e-01
  1.17000e+01 -2.21221e-01
  1.17100e+01 -2.42278e-01
  1.17200e+01 -1.82713e-01
  1.17300e+01 -7.63424e-02
  1.17400e+01  2.39025e-02
  1.17500e+01  7.56837e-02
  1.17600e+01  7.10985e-02
  1.17700e+01  3.80141e-02
  1.17800e+01  1.76626e-02
  1.17900e+01  3.48468e-02
  1.18000e+01  8.22295e-02
  1.18100e+01  1.28244e-01
  1.18200e+01  1.39845e-01
  1.18300e+01  1.02704e-01
  1.18400e+01  2.76193e-02
  1.18500e+01 -5.65189e-02
  1.18600e+01 -1.16813e-01
  1.18700e+01 -1.30837e-01
  1.18800e+01 -9.57994e-02
  1.18900e+01 -2.86430e-02
  1.19000e+01  4.17319e-02
  1.19100e+01  8.48068e-02
  1.19200e+01  7.78730e-02
  1.19300e+01  1.50964e-02
  1.19400e+01 -8.52550e-02
  1.19500e+01 -1.82963e-01
  1.19600e+01 -2.33177e-01
  1.19700e+01 -2.11637e-01
  1.19800e+01 -1.29753e-01
  1.19900e+01 -2.72824e-02
  1.20000e+01  5.14013e-02
  1.20100e+01  7.91955e-02
  1.20200e+01  5.32371e-02
  1.20300e+01 -1.12693e-02
  1.20400e+01 -9.02308e-02
  1.20500e+01 -1.56856e-01
  1.20600e+01 -1.86726e-01
  1.20700e+01 -1.64909e-01
  1.20800e+01 -9.34886e-02
  1.20900e+01  5.51410e-03
  1.21000e+01  9.56357e-02
  1.21100e+01  1.40267e-01
  1.21200e+01  1.21332e-01
  1.21300e+01  5.17837e-02
  1.21400e+01 -3.00776e-02
  1.21500e+01 -8.54179e-02
  1.21600e+01 -1.01729e-01
  1.21700e+01 -9.86061e-02
  1.21800e+01 -1.06058e-01
  1.21900e+01 -1.34426e-01
  1.22000e+01 -1.63378e-01
  1.22100e+01 -1.59582e-01
  1.22200e+01 -1.06236e-01
  1.22300e+01 -1.82736e-02
  1.22400e+01  6.77160e-02
  1.22500e+01  1.17335e-01
  1.22600e+01  1.16707e-01
  1.22700e+01  7.60133e-02
  1.22800e+01  2.13170e-02
  1.22900e+01 -1.89512e-02
  1.23000e+01 -2.76747e-02
  1.23100e+01 -6.62245e-03
  1.23200e+01  2.74910e-02
  1.23300e+01  5.57352e-02
  1.23400e+01  6.79874e-02
  1.23500e+01  6.48227e-02
  1.23600e+01  5.26470e-02
  1.23700e+01  3.83552e-02
  1.23800e+01  2.60333e-02
  1.23900e+01  1.56054e-02
  1.24000e+01  4.39923e-03
  1.24100e+01 -8.48547e-03
  1.24200e+01 -1.89565e-02
  1.24300e+01 -1.95807e-02
  1.24400e+01 -4.49897e-03
  1.24500e+01  2.67494e-02
  1.24600e+01  6.76602e-02
  1.24700e+01  1.04057e-01
  1.24800e+01  1.15699e-01
  1.24900e+01  8.42751e-02
  1.25000e+01  7.02842e-03
  1.25100e+01 -9.34455e-02
  1.25200e+01 -1.74241e-01
  1.25300e+01 -1.93132e-01
  1.25400e+01 -1.33694e-01
  1.25500e+01 -1.83693e-02
  1.25600e+01  9.97689e-02
  1.25700e+01  1.63881e-01
  1.25800e+01  1.45732e-01
  1.25900e+01  6.49355e-02
  1.26000e+01 -1.99104e-02
  1.26100e+01 -4.71057e-02
  1.26200e+01  7.22291e-03
  1.26300e+01  1.12536e-01
  1.26400e+01  2.04318e-01
  1.26500e+01  2.25963e-01
  1.26600e+01  1.61894e-01
  1.26700e+01  4.18799e-02
  1.26800e+01 -8.07260e-02
  1.26900e+01 -1.58916e-01
  1.27000e+01 -1.72566e-01
  1.27100e+01 -1.31745e-01
  1.27200e+01 -6.51075e-02
  1.27300e+01 -2.17683e-03
  1.27400e+01  4.00585e-02
  1.27500e+01  5.96830e-02
  1.27600e+01  6.29276e-02
  1.27700e+01  5.55142e-02
  1.27800e+01  3.94252e-02
  1.27900e+01  1.57799e-02
  1.28000e+01 -1.11440e-02
  1.28100e+01 -3.35670e-02
  1.28200e+01 -4.39689e-02
  1.28300e+01 -3.96366e-02
  1.28400e+01 -2.43549e-02
  1.28500e+01 -6.01383e-03
  1.28600e+01  7.94820e-03
  1.28700e+01  1.36707e-02
  1.28800e+01  1.05378e-02
  1.28900e+01 -7.05324e-04
  1.29000e+01 -1.75528e-02
  1.29100e+01 -3.26346e-02
  1.29200e+01 -3.28733e-02
  1.29300e+01 -5.86968e-03
  1.29400e+01  4.87181e-02
  1.29500e+01  1.12133e-01
  1.29600e+01  1.52043e-01
  1.29700e+01  1.39923e-01
  1.29800e+01  7.03040e-02
  1.29900e+01 -3.08946e-02
  1.30000e+01 -1.16225e-01
  1.30100e+01 -1.40876e-01
  1.30200e+01 -8.72087e-02
  1.30300e+01  2.54482e-02
  1.30400e+01  1.51047e-01
  1.30500e+01  2.39446e-01
  1.30600e+01  2.58092e-01
  1.30700e+01  2.03515e-01
  1.30800e+01  1.00444e-01
  1.30900e+01 -9.58592e-03
  1.31000e+01 -8.62043e-02
  1.31100e+01 -1.07727e-01
  1.31200e+01 -7.90875e-02
  1.31300e+01 -2.52667e-02
  1.31400e+01  2.47967e-02
  1.31500e+01  5.20564e-02
  1.31600e+01  5.10948e-02
  1.31700e+01  2.63050e-02
  1.31800e+01 -1.17776e-02
  1.31900e+01 -4.77082e-02
  1.32000e+01 -6.51699e-02
  1.32100e+01 -5.70872e-02
  1.32200e+01 -3.45948e-02
  1.32300e+01 -2.25894e-02
  1.32400e+01 -3.99042e-02
  1.32500e+01 -7.94400e-02
  1.32600e+01 -1.08373e-01
  1.32700e+01 -9.23441e-02
  1.32800e+01 -2.44650e-02
  1.32900e+01  6.64544e-02
  1.33000e+01  1.36049e-01
  1.33100e+01  1.54994e-01
  1.33200e+01  1.24243e-01
  1.33300e+01  6.58671e-02
  1.33400e+01  3.53767e-03
  1.33500e+01 -4.77934e-02
  1.33600e+01 -7.86959e-02
  1.33700e+01 -8.04727e-02
  1.33800e+01 -4.94890e-02
  1.33900e+01  3.35154e-03
  1.34000e+01  5.11383e-02
  1.34100e+01  6.41220e-02
  1.34200e+01  2.98761e-02
  1.34300e+01 -3.50807e-02
  1.34400e+01 -9.29349e-02
  1.34500e+01 -1.08557e-01
  1.34600e+01 -7.38736e-02
  1.34700e+01 -1.44955e-02
  1.34800e+01  2.74664e-02
  1.34900e+01  2.24332e-02
  1.35000e+01 -2.70091e-02
  1.35100e+01 -8.98247e-02
  1.35200e+01 -1.29731e-01
  1.35300e+01 -1.29825e-01
  1.35400e+01 -1.00621e-01
  1.35500e+01 -6.73957e-02
  1.35600e+01 -4.92516e-02
  1.35700e+01 -4.76245e-02
  1.35800e+01 -5.16923e-02
  1.35900e+01 -5.22850e-02
  1.36000e+01 -4.96266e-02
  1.36100e+01 -4.87971e-02
  1.36200e+01 -5.01891e-02
  1.36300e+01 -4.63156e-02
  1.36400e+01 -2.81512e-02
  1.36500e+01  5.79451e-03
  1.36600e+01  4.57712e-02
  1.36700e+01  7.44357e-02
  1.36800e+01  7.48713e-02
  1.36900e+01  3.94092e-02
  1.37000e+01 -2.42808e-02
  1.37100e+01 -9.40867e-02
  1.37200e+01 -1.43157e-01
  1.37300e+01 -1.53821e-01
  1.37400e+01 -1.26930e-01
  1.37500e+01 -8.07185e-02
  1.37600e+01 -4.01506e-02
  1.37700e+01 -2.26892e-02
  1.37800e+01 -2.80848e-02
  1.37900e+01 -3.86488e-02
  1.38000e+01 -3.14229e-02
  1.38100e+01  4.77543e-03
  1.38200e+01  5.96517e-02
  1.38300e+01  1.06666e-01
  1.38400e+01  1.19297e-01
  1.38500e+01  8.67770e-02
  1.38600e+01  2.00763e-02
  1.38700e+01 -5.31932e-02
  1.38800e+01 -1.00859e-01
  1.38900e+01 -1.00059e-01
  1.39000e+01 -4.77797e-02
  1.39100e+01  3.68632e-02
  1.39200e+01  1.20693e-01
  1.39300e+01  1.71476e-01
  1.39400e+01  1.72436e-01
  1.39500e+01  1.29437e-01
  1.39600e+01  6.74718e-02
  1.39700e+01  1.72629e-02
  1.39800e+01 -1.86325e-03
  1.39900e+01  8.08367e-03
  1.40000e+01  2.93690e-02
  1.40100e+01  4.56965e-02
  1.40200e+01  5.53886e-02
  1.40300e+01  6.83795e-02
  1.40400e+01  9.13601e-02
  1.40500e+01  1.17161e-01
  1.40600e+01  1.28837e-01
  1.40700e+01  1.13707e-01
  1.40800e+01  7.43991e-02
  1.40900e+01  2.83577e-02
  1.41000e+01 -3.16637e-03
  1.41100e+01 -8.93248e-03
  1.41200e+01  4.98495e-03
  1.41300e+01  2.00638e-02
  1.41400e+01  1.96636e-02
  1.41500e+01  2.04964e-03
  1.41600e+01 -1.85950e-02
  1.41700e+01 -2.40913e-02
  1.41800e+01 -7.09066e-03
  1.41900e+01  2.30642e-02
  1.42000e+01  4.70326e-02
  1.42100e+01  4.85771e-02
  1.42200e+01  2.49688e-02
  1.42300e+01 -1.06871e-02
  1.42400e+01 -3.57748e-02
  1.42500e+01 -3.06154e-02
  1.42600e+01  8.41915e-03
  1.42700e+01  6.32638e-02
  1.42800e+01  1.02239e-01
  1.42900e+01  9.94020e-02
  1.43000e+01  5.29888e-02
  1.43100e+01 -1.07758e-02
  1.43200e+01 -5.28229e-02
  1.43300e+01 -4.60125e-02
  1.43400e+01  7.21297e-03
  1.43500e+01  7.63419e-02
  1.43600e+01  1.21941e-01
  1.43700e+01  1.18956e-01
  1.43800e+01  6.94704e-02
  1.43900e+01 -9.80468e-04
  1.44000e+01 -5.92412e-02
  1.44100e+01 -8.30289e-02
  1.44200e+01 -7.22346e-02
  1.44300e+01 -4.63369e-02
  1.44400e+01 -2.88808e-02
  1.44500e+01 -2.97881e-02
  1.44600e+01 -3.96043e-02
  1.44700e+01 -4.06517e-02
  1.44800e+01 -2.50792e-02
  1.44900e+01 -3.35855e-03
  1.45000e+01  4.49717e-03
  1.45100e+01 -1.28521e-02
  1.45200e+01 -4.63631e-02
  1.45300e+01 -7.15042e-02
  1.45400e+01 -6.61157e-02
  1.45500e+01 -2.75274e-02
  1.45600e+01  2.39597e-02
  1.45700e+01  5.79740e-02
  1.45800e+01  5.43354e-02
  1.45900e+01  1.64438e-02
  1.46000e+01 -3.14050e-02
  1.46100e+01 -6.01809e-02
  1.46200e+01 -5.36622e-02
  1.46300e+01 -1.57709e-02
  1.46400e+01  3.45358e-02
  1.46500e+01  7.41754e-02
  1.46600e+01  8.52535e-02
  1.46700e+01  6.06825e-02
  1.46800e+01  7.28822e-03
  1.46900e+01 -5.45988e-02
  1.47000e+01 -9.84710e-02
  1.47100e+01 -1.05569e-01
  1.47200e+01 -7.72775e-02
  1.47300e+01 -3.53471e-02
  1.47400e+01 -7.49100e-03
  1.47500e+01 -8.36164e-03
  1.47600e+01 -3.04892e-02
  1.47700e+01 -5.18270e-02
  1.47800e+01 -5.35285e-02
  1.47900e+01 -3.42679e-02
  1.48000e+01 -1.03369e-02
  1.48100e+01 -1.22531e-03
  1.48200e+01 -1.17976e-02
  1.48300e+01 -2.62443e-02
  1.48400e+01 -2.03905e-02
  1.48500e+01  1.70279e-02
  1.48600e+01  7.22570e-02
  1.48700e+01  1.13978e-01
  1.48800e+01  1.14036e-01
  1.48900e+01  6.55583e-02
  1.49000e+01 -1.32357e-02
  1.49100e+01 -8.99322e-02
  1.49200e+01 -1.35141e-01
  1.49300e+01 -1.35392e-01
  1.49400e+01 -9.53567e-02
  1.49500e+01 -3.11202e-02
  1.49600e+01  3.79431e-02
  1.49700e+01  9.32096e-02
  1.49800e+01  1.18613e-01
  1.49900e+01  1.05330e-01
  1.50000e+01  5.90300e-02
  1.50100e+01  2.09401e-03
  1.50200e+01 -3.58930e-02
  1.50300e+01 -3.58574e-02
  1.50400e+01 -2.19340e-03
  1.50500e+01  4.03284e-02
  1.50600e+01  6.42657e-02
  1.50700e+01  5.79679e-02
  1.50800e+01  3.06594e-02
  1.50900e+01  2.16251e-03
  1.51000e+01 -1.19424e-02
  1.51100e+01 -7.40761e-03
  1.51200e+01  1.19358e-02
  1.51300e+01  4.03221e-02
  1.51400e+01  7.11919e-02
  1.51500e+01  9.38229e-02
  1.51600e+01  9.32065e-02
  1.51700e+01  5.83335e-02
  1.51800e+01 -6.39127e-03
  1.51900e+01 -7.85161e-02
  1.52000e+01 -1.29358e-01
  1.52100e+01 -1.41877e-01
  1.52200e+01 -1.19571e-01
  1.52300e+01 -8.00837e-02
  1.52400e+01 -4.18051e-02
  1.52500e+01 -1.58263e-02
  1.52600e+01 -6.24315e-03
  1.52700e+01 -1.21625e-02
  1.52800e+01 -2.66803e-02
  1.52900e+01 -3.67994e-02
  1.53000e+01 -3.00293e-02
  1.53100e+01 -4.86566e-03
  1.53200e+01  2.51526e-02
  1.53300e+01  3.99897e-02
  1.53400e+01  2.85214e-02
  1.53500e+01 -1.89398e-03
  1.53600e+01 -2.97815e-02
  1.53700e+01 -3.48585e-02
  1.53800e+01 -1.31091e-02
  1.53900e+01  1.93702e-02
  1.54000e+01  3.69001e-02
  1.54100e+01  2.20761e-02
  1.54200e+01 -2.15831e-02
  1.54300e+01 -7.13267e-02
  1.54400e+01 -1.00260e-01
  1.54500e+01 -9.52311e-02
  1.54600e+01 -6.44907e-02
  1.54700e+01 -2.92555e-02
  1.54800e+01 -5.93321e-03
  1.54900e+01  6.02858e-03
  1.55000e+01  2.02478e-02
  1.55100e+01  4.74829e-02
  1.55200e+01  8.23302e-02
  1.55300e+01  1.04047e-01
  1.55400e+01  9.06804e-02
  1.55500e+01  3.60639e-02
  1.55600e+01 -4.20293e-02
  1.55700e+01 -1.08981e-01
  1.55800e+01 -1.32703e-01
  1.55900e+01 -1.02932e-01
  1.56000e+01 -3.67946e-02
  1.56100e+01  3.26667e-02
  1.56200e+01  7.54961e-02
  1.56300e+01  7.90790e-02
  1.56400e+01  5.19684e-02
  1.56500e+01  1.76321e-02
  1.56600e+01  7.59448e-04
  1.56700e+01  1.21901e-02
  1.56800e+01  4.22099e-02
  1.56900e+01  6.80859e-02
  1.57000e+01  7.02545e-02
  1.57100e+01  4.42935e-02
  1.57200e+01  8.59274e-04
  1.57300e+01 -4.31959e-02
  1.57400e+01 -7.39669e-02
  1.57500e+01 -8.46658e-02
  1.57600e+01 -7.54161e-02
  1.57700e+01 -5.16029e-02
  1.57800e+01 -2.22544e-02
  1.57900e+01  2.00194e-03
  1.58000e+01  1.18943e-02
  1.58100e+01  2.55738e-03
  1.58200e+01 -2.48368e-02
  1.58300e+01 -6.36917e-02
  1.58400e+01 -1.04393e-01
  1.58500e+01 -1.37247e-01
  1.58600e+01 -1.54844e-01
  1.58700e+01 -1.53515e-01
  1.58800e+01 -1.34043e-01
  1.58900e+01 -1.01415e-01
  1.59000e+01 -6.33009e-02
  1.59100e+01 -2.78111e-02
  1.59200e+01 -1.52631e-03
  1.59300e+01  1.20428e-02
  1.59400e+01  1.36366e-02
  1.59500e+01  7.69652e-03
  1.59600e+01 -9.82984e-04
  1.59700e+01 -1.05725e-02
  1.59800e+01 -2.08630e-02
  1.59900e+01 -2.81970e-02
  1.60000e+01 -2.42636e-02
  1.60100e+01 -3.20564e-03
  1.60200e+01  2.93788e-02
  1.60300e+01  5.63512e-02
  1.60400e+01  6.02207e-02
  1.60500e+01  3.67580e-02
  1.60600e+01  1.36521e-04
  1.60700e+01 -2.43833e-02
  1.60800e+01 -1.58147e-02
  1.60900e+01  2.86192e-02
  1.61000e+01  9.02662e-02
  1.61100e+01  1.39283e-01
  1.61200e+01  1.51453e-01
  1.61300e+01  1.20319e-01
  1.61400e+01  5.83560e-02
  1.61500e+01 -1.06525e-02
  1.61600e+01 -6.22411e-02
  1.61700e+01 -8.06465e-02
  1.61800e+01 -6.43827e-02
  1.61900e+01 -2.59309e-02
  1.62000e+01  1.46873e-02
  1.62100e+01  3.93906e-02
  1.62200e+01  3.99365e-02
  1.62300e+01  2.09081e-02
  1.62400e+01 -3.28887e-03
  1.62500e+01 -1.62861e-02
  1.62600e+01 -8.76639e-03
  1.62700e+01  1.65828e-02
  1.62800e+01  4.73350e-02
  1.62900e+01  6.92197e-02
  1.63000e+01  7.45972e-02
  1.63100e+01  6.65444e-02
  1.63200e+01  5.61583e-02
  1.63300e+01  5.43373e-02
  1.63400e+01  6.30705e-02
  1.63500e+01  7.27831e-02
  1.63600e+01  6.88988e-02
  1.63700e+01  4.36337e-02
  1.63800e+01  3.78127e-03
  1.63900e+01 -3.26891e-02
  1.64000e+01 -4.93860e-02
  1.64100e+01 -4.31977e-02
  1.64200e+01 -2.50850e-02
  1.64300e+01 -1.03120e-02
  1.64400e+01 -7.99097e-03
  1.64500e+01 -1.83430e-02
  1.64600e+01 -3.63225e-02
  1.64700e+01 -5.48092e-02
  1.64800e+01 -6.51247e-02
  1.64900e+01 -5.88738e-02
  1.65000e+01 -3.33688e-02
  1.65100e+01  4.11016e-03
  1.65200e+01  3.94604e-02
  1.65300e+01  6.11445e-02
  1.65400e+01  6.72431e-02
  1.65500e+01  6.38125e-02
  1.65600e+01  5.77201e-02
  1.65700e+01  5.22830e-02
  1.65800e+01  4.86735e-02
  1.65900e+01  4.79150e-02
  1.66000e+01  4.87077e-02
  1.66100e+01  4.44843e-02
  1.66200e+01  2.67803e-02
  1.66300e+01 -5.22559e-03
  1.66400e+01 -3.85081e-02
  1.66500e+01 -5.19487e-02
  1.66600e+01 -3.16517e-02
  1.66700e+01  1.60545e-02
  1.66800e+01  6.48556e-02
  1.66900e+01  8.33086e-02
  1.67000e+01  5.53493e-02
  1.67100e+01 -7.13710e-03
  1.67200e+01 -6.91871e-02
  1.67300e+01 -9.31813e-02
  1.67400e+01 -6.14879e-02
  1.67500e+01  1.38470e-02
  1.67600e+01  9.92830e-02
  1.67700e+01  1.57802e-01
  1.67800e+01  1.64943e-01
  1.67900e+01  1.17117e-01
  1.68000e+01  3.23792e-02
  1.68100e+01 -5.61148e-02
  1.68200e+01 -1.14016e-01
  1.68300e+01 -1.21842e-01
  1.68400e+01 -8.29199e-02
  1.68500e+01 -1.75286e-02
  1.68600e+01  5.08859e-02
  1.68700e+01  1.05811e-01
  1.68800e+01  1.38694e-01
  1.68900e+01  1.45321e-01
  1.69000e+01  1.24635e-01
  1.69100e+01  8.17111e-02
  1.69200e+01  3.04212e-02
  1.69300e+01 -9.61158e-03
  1.69400e+01 -2.22618e-02
  1.69500e+01 -4.36955e-03
  1.69600e+01  3.23294e-02
  1.69700e+01  6.87972e-02
  1.69800e+01  8.94892e-02
  1.69900e+01  8.79466e-02
  1.70000e+01  6.51676e-02
  1.70100e+01  2.60816e-02
  1.70200e+01 -2.07119e-02
  1.70300e+01 -6.16833e-02
  1.70400e+01 -8.17995e-02
  1.70500e+01 -7.40660e-02
  1.70600e+01 -4.71153e-02
  1.70700e+01 -2.07806e-02
  1.70800e+01 -1.04594e-02
  1.70900e+01 -1.41298e-02
  1.71000e+01 -1.51513e-02
  1.71100e+01  1.50479e-03
  1.71200e+01  3.50739e-02
  1.71300e+01  6.89153e-02
  1.71400e+01  8.24869e-02
  1.71500e+01  6.47683e-02
  1.71600e+01  2.09538e-02
  1.71700e+01 -2.99144e-02
  1.71800e+01 -6.52163e-02
  1.71900e+01 -7.24406e-02
  1.72000e+01 -5.78009e-02
  1.72100e+01 -4.22261e-02
  1.72200e+01 -4.60782e-02
  1.72300e+01 -7.37753e-02
  1.72400e+01 -1.10264e-01
  1.72500e+01 -1.31871e-01
  1.72600e+01 -1.23025e-01
  1.72700e+01 -8.66560e-02
  1.72800e+01 -4.15928e-02
  1.72900e+01 -9.80088e-03
  1.73000e+01 -2.74293e-03
  1.73100e+01 -1.56488e-02
  1.73200e+01 -3.26237e-02
  1.73300e+01 -3.86676e-02
  1.73400e+01 -3.05220e-02
  1.73500e+01 -1.88114e-02
  1.73600e+01 -1.96274e-02
  1.73700e+01 -4.17291e-02
  1.73800e+01 -7.95306e-02
  1.73900e+01 -1.17372e-01
  1.74000e+01 -1.40740e-01
  1.74100e+01 -1.44633e-01
  1.74200e+01 -1.33265e-01
  1.74300e+01 -1.13836e-01
  1.74400e+01 -9.11007e-02
  1.74500e+01 -6.64962e-02
  1.74600e+01 -4.04496e-02
  1.74700e+01 -1.46057e-02
  1.74800e+01  7.81330e-03
  1.74900e+01  2.33296e-02
  1.75000e+01  3.01740e-02
  1.75100e+01  2.97379e-02
  1.75200e+01  2.65240e-02
  1.75300e+01  2.62526e-02
  1.75400e+01  3.27895e-02
  1.75500e+01  4.53165e-02
  1.75600e+01  5.73340e-02
  1.75700e+01  5.87544e-02
  1.75800e+01  4.12948e-02
  1.75900e+01  5.16595e-03
  1.76000e+01 -3.73639e-02
  1.76100e+01 -6.58103e-02
  1.76200e+01 -6.24631e-02
  1.76300e+01 -2.40846e-02
  1.76400e+01  3.40530e-02
  1.76500e+01  8.52293e-02
  1.76600e+01  1.05363e-01
  1.76700e+01  8.60636e-02
  1.76800e+01  3.94808e-02
  1.76900e+01 -8.43765e-03
  1.77000e+01 -3.36413e-02
  1.77100e+01 -2.87860e-02
  1.77200e+01 -5.51821e-03
  1.77300e+01  1.80122e-02
  1.77400e+01  3.27292e-02
  1.77500e+01  4.27082e-02
  1.77600e+01  5.58101e-02
  1.77700e+01  7.26283e-02
  1.77800e+01  8.48592e-02
  1.77900e+01  8.23827e-02
  1.78000e+01  6.06071e-02
  1.78100e+01  2.26848e-02
  1.78200e+01 -2.22625e-02
  1.78300e+01 -6.19369e-02
  1.78400e+01 -8.39667e-02
  1.78500e+01 -7.99166e-02
  1.78600e+01 -4.94956e-02
  1.78700e+01 -2.63405e-03
  1.78800e+01  4.26659e-02
  1.78900e+01  6.69261e-02
  1.79000e+01  5.82006e-02
  1.79100e+01  1.95392e-02
  1.79200e+01 -3.00121e-02
  1.79300e+01 -6.39421e-02
  1.79400e+01 -6.35125e-02
  1.79500e+01 -3.02750e-02
  1.79600e+01  1.40137e-02
  1.79700e+01  4.15446e-02
  1.79800e+01  3.71336e-02
  1.79900e+01  7.93883e-03
  1.80000e+01 -2.27327e-02
  1.80100e+01 -3.27991e-02
  1.80200e+01 -1.71658e-02
  1.80300e+01  9.57128e-03
  1.80400e+01  2.49786e-02
  1.80500e+01  1.56689e-02
  1.80600e+01 -1.35134e-02
  1.80700e+01 -4.39386e-02
  1.80800e+01 -5.69197e-02
  1.80900e+01 -4.66874e-02
  1.81000e+01 -2.40633e-02
  1.81100e+01 -8.53421e-03
  1.81200e+01 -1.40086e-02
  1.81300e+01 -3.83763e-02
  1.81400e+01 -6.48349e-02
  1.81500e+01 -7.39370e-02
  1.81600e+01 -5.68531e-02
  1.81700e+01 -2.03813e-02
  1.81800e+01  1.81084e-02
  1.81900e+01  4.07559e-02
  1.82000e+01  3.84672e-02
  1.82100e+01  1.58367e-02
  1.82200e+01 -1.04131e-02
  1.82300e+01 -2.00205e-02
  1.82400e+01 -1.07026e-03
  1.82500e+01  4.23604e-02
  1.82600e+01  9.21214e-02
  1.82700e+01  1.25643e-01
  1.82800e+01  1.26850e-01
  1.82900e+01  9.33703e-02
  1.83000e+01  3.82472e-02
  1.83100e+01 -1.49311e-02
  1.83200e+01 -4.34446e-02
  1.83300e+01 -3.84020e-02
  1.83400e+01 -1.02198e-02
  1.83500e+01  1.82880e-02
  1.83600e+01  2.62109e-02
  1.83700e+01  6.02913e-03
  1.83800e+01 -3.38329e-02
  1.83900e+01 -7.45198e-02
  1.84000e+01 -9.63875e-02
  1.84100e+01 -8.87422e-02
  1.84200e+01 -5.53397e-02
  1.84300e+01 -1.22432e-02
  1.84400e+01  2.10340e-02
  1.84500e+01  3.15829e-02
  1.84600e+01  1.86579e-02
  1.84700e+01 -7.27817e-03
  1.84800e+01 -3.06375e-02
  1.84900e+01 -3.88387e-02
  1.85000e+01 -2.83426e-02
  1.85100e+01 -4.83790e-03
  1.85200e+01  2.25073e-02
  1.85300e+01  4.79159e-02
  1.85400e+01  7.12318e-02
  1.85500e+01  9.42806e-02
  1.85600e+01  1.15454e-01
  1.85700e+01  1.27580e-01
  1.85800e+01  1.20922e-01
  1.85900e+01  8.95470e-02
  1.86000e+01  3.74267e-02
  1.86100e+01 -1.98080e-02
  1.86200e+01 -6.02268e-02
  1.86300e+01 -6.67164e-02
  1.86400e+01 -3.73377e-02
  1.86500e+01  1.27612e-02
  1.86600e+01  6.01052e-02
  1.86700e+01  8.64293e-02
  1.86800e+01  8.74927e-02
  1.86900e+01  7.17688e-02
  1.87000e+01  5.18341e-02
  1.87100e+01  3.65171e-02
  1.87200e+01  2.95332e-02
  1.87300e+01  3.27227e-02
  1.87400e+01  4.72405e-02
  1.87500e+01  6.98531e-02
  1.87600e+01  8.95636e-02
  1.87700e+01  9.15430e-02
  1.87800e+01  6.73388e-02
  1.87900e+01  2.18848e-02
  1.88000e+01 -3.00456e-02
  1.88100e+01 -7.44005e-02
  1.88200e+01 -1.04942e-01
  1.88300e+01 -1.21308e-01
  1.88400e+01 -1.22896e-01
  1.88500e+01 -1.07193e-01
  1.88600e+01 -7.47094e-02
  1.88700e+01 -3.42604e-02
  1.88800e+01 -1.20289e-03
  1.88900e+01  1.16364e-02
  1.89000e+01  3.04002e-03
  1.89100e+01 -1.54731e-02
  1.89200e+01 -2.77876e-02
  1.89300e+01 -2.44016e-02
  1.89400e+01 -8.63434e-03
  1.89500e+01  5.87317e-03
  1.89600e+01  4.14392e-03
  1.89700e+01 -2.01329e-02
  1.89800e+01 -5.92123e-02
  1.89900e+01 -9.41915e-02
  1.90000e+01 -1.05644e-01
  1.90100e+01 -8.57888e-02
  1.90200e+01 -4.33236e-02
  1.90300e+01  3.33491e-03
  1.90400e+01  3.90995e-02
  1.90500e+01  6.06503e-02
  1.90600e+01  7.39132e-02
  1.90700e+01  8.46683e-02
  1.90800e+01  9.19216e-02
  1.90900e+01  8.93026e-02
  1.91000e+01  7.15776e-02
  1.91100e+01  4.01529e-02
  1.91200e+01  4.07088e-03
  1.91300e+01 -2.37834e-02
  1.91400e+01 -3.38196e-02
  1.91500e+01 -2.63146e-02
  1.91600e+01 -1.15551e-02
  1.91700e+01 -1.48401e-03
  1.91800e+01  4.07807e-04
  1.91900e+01  5.77441e-04
  1.92000e+01  6.33286e-03
  1.92100e+01  1.63211e-02
  1.92200e+01  2.18159e-02
  1.92300e+01  1.76136e-02
  1.92400e+01  9.83041e-03
  1.92500e+01  1.09325e-02
  1.92600e+01  2.63768e-02
  1.92700e+01  4.63586e-02
  1.92800e+01  5.10887e-02
  1.92900e+01  2.54255e-02
  1.93000e+01 -2.87055e-02
  1.93100e+01 -9.09527e-02
  1.93200e+01 -1.32885e-01
  1.93300e+01 -1.33481e-01
  1.93400e+01 -9.05547e-02
  1.93500e+01 -2.18403e-02
  1.93600e+01  4.39861e-02
  1.93700e+01  8.05870e-02
  1.93800e+01  7.51439e-02
  1.93900e+01  3.35977e-02
  1.94000e+01 -2.17384e-02
  1.94100e+01 -6.22075e-02
  1.94200e+01 -6.69736e-02
  1.94300e+01 -3.38918e-02
  1.94400e+01  1.97218e-02
  1.94500e+01  6.69214e-02
  1.94600e+01  8.54557e-02
  1.94700e+01  6.88162e-02
  1.94800e+01  2.89889e-02
  1.94900e+01 -1.03135e-02
  1.95000e+01 -2.71788e-02
  1.95100e+01 -1.47380e-02
  1.95200e+01  1.45697e-02
  1.95300e+01  3.76404e-02
  1.95400e+01  3.68438e-02
  1.95500e+01  1.20283e-02
  1.95600e+01 -2.02897e-02
  1.95700e+01 -3.92594e-02
  1.95800e+01 -3.36009e-02
  1.95900e+01 -6.89306e-03
  1.96000e+01  2.79671e-02
  1.96100e+01  5.85058e-02
  1.96200e+01  7.80759e-02
  1.96300e+01  8.42578e-02
  1.96400e+01  7.47859e-02
  1.96500e+01  4.72487e-02
  1.96600e+01  4.08257e-03
  1.96700e+01 -4.22182e-02
  1.96800e+01 -7.10806e-02
  1.96900e+01 -6.51931e-02
  1.97000e+01 -2.39798e-02
  1.97100e+01  3.24058e-02
  1.97200e+01  7.35788e-02
  1.97300e+01  7.68580e-02
  1.97400e+01  4.00063e-02
  1.97500e+01 -1.85147e-02
  1.97600e+01 -6.98914e-02
  1.97700e+01 -8.92334e-02
  1.97800e+01 -6.73171e-02
  1.97900e+01 -1.50575e-02
  1.98000e+01  4.16361e-02
  1.98100e+01  7.48161e-02
  1.98200e+01  6.87992e-02
  1.98300e+01  2.77356e-02
  1.98400e+01 -2.80408e-02
  1.98500e+01 -7.42963e-02
  1.98600e+01 -9.56265e-02
  1.98700e+01 -9.09629e-02
  1.98800e+01 -7.04215e-02
  1.98900e+01 -4.80289e-02
  1.99000e+01 -3.53279e-02
  1.99100e+01 -3.74360e-02
  1.99200e+01 -5.13134e-02
  1.99300e+01 -6.71851e-02
  1.99400e+01 -7.41380e-02
  1.99500e+01 -6.73732e-02
  1.99600e+01 -5.13444e-02
  1.99700e+01 -3.53644e-02
  1.99800e+01 -2.52056e-02
  1.99900e+01 -1.84617e-02
  2.00000e+01 -7.92872e-03
  2.00100e+01  1.05207e-02
  2.00200e+01  3.29029e-02
  2.00300e+01  4.87335e-02
  2.00400e+01  4.71489e-02
  2.00500e+01  2.33020e-02
  2.00600e+01 -1.75088e-02
  2.00700e+01 -5.94134e-02
  2.00800e+01 -8.11433e-02
  2.00900e+01 -6.70033e-02
  2.01000e+01 -1.85139e-02
  2.01100e+01  4.23443e-02
  2.01200e+01  8.37337e-02
  2.01300e+01  8.35696e-02
  2.01400e+01  4.47426e-02
  2.01500e+01 -5.99801e-03
  2.01600e+01 -3.58768e-02
  2.01700e+01 -2.81886e-02
  2.01800e+01  7.18915e-03
  2.01900e+01  4.17261e-02
  2.02000e+01  4.78394e-02
  2.02100e+01  1.62610e-02
  2.02200e+01 -3.91756e-02
  2.02300e+01 -9.04225e-02
  2.02400e+01 -1.11246e-01
  2.02500e+01 -9.11876e-02
  2.02600e+01 -4.02035e-02
  2.02700e+01  1.78289e-02
  2.02800e+01  5.80160e-02
  2.02900e+01  6.57883e-02
  2.03000e+01  4.13898e-02
  2.03100e+01 -2.18474e-03
  2.03200e+01 -4.48396e-02
  2.03300e+01 -6.69746e-02
  2.03400e+01 -5.80537e-02
  2.03500e+01 -2.25483e-02
  2.03600e+01  2.19370e-02
  2.03700e+01  5.50342e-02
  2.03800e+01  6.54315e-02
  2.03900e+01  5.49587e-02
  2.04000e+01  3.27647e-02
  2.04100e+01  6.60824e-03
  2.04200e+01 -2.01780e-02
  2.04300e+01 -4.49339e-02
  2.04400e+01 -6.17512e-02
  2.04500e+01 -6.33661e-02
  2.04600e+01 -4.71710e-02
  2.04700e+01 -1.84713e-02
  2.04800e+01  1.26902e-02
  2.04900e+01  3.78165e-02
  2.05000e+01  5.35450e-02
  2.05100e+01  6.03707e-02
  2.05200e+01  5.89183e-02
  2.05300e+01  4.77814e-02
  2.05400e+01  2.55839e-02
  2.05500e+01 -3.73830e-03
  2.05600e+01 -2.79380e-02
  2.05700e+01 -3.16642e-02
  2.05800e+01 -8.48260e-03
  2.05900e+01  3.08438e-02
  2.06000e+01  6.37563e-02
  2.06100e+01  7.24724e-02
  2.06200e+01  5.75878e-02
  2.06300e+01  3.66919e-02
  2.06400e+01  2.96395e-02
  2.06500e+01  4.33470e-02
  2.06600e+01  6.79366e-02
  2.06700e+01  8.55385e-02
  2.06800e+01  8.32011e-02
  2.06900e+01  5.97323e-02
  2.07000e+01  2.29362e-02
  2.07100e+01 -1.77855e-02
  2.07200e+01 -5.56518e-02
  2.07300e+01 -8.48063e-02
  2.07400e+01 -9.74659e-02
  2.07500e+01 -8.63080e-02
  2.07600e+01 -5.20404e-02
  2.07700e+01 -8.47202e-03
  2.07800e+01  2.24715e-02
  2.07900e+01  2.44489e-02
  2.08000e+01 -1.31023e-03
  2.08100e+01 -3.60606e-02
  2.08200e+01 -5.62136e-02
  2.08300e+01 -4.88516e-02
  2.08400e+01 -1.87774e-02
  2.08500e+01  1.64043e-02
  2.08600e+01  3.77615e-02
  2.08700e+01  3.51692e-02
  2.08800e+01  1.15664e-02
  2.08900e+01 -1.94939e-02
  2.09000e+01 -4.19403e-02
  2.09100e+01 -4.74399e-02
  2.09200e+01 -4.12764e-02
  2.09300e+01 -3.82193e-02
  2.09400e+01 -5.00618e-02
  2.09500e+01 -7.44653e-02
  2.09600e+01 -9.47849e-02
  2.09700e+01 -9.16490e-02
  2.09800e+01 -5.74739e-02
  2.09900e+01 -3.29826e-03
  2.10000e+01  4.63148e-02
  2.10100e+01  6.64205e-02
  2.10200e+01  4.49772e-02
  2.10300e+01 -1.05423e-02
  2.10400e+01 -7.61533e-02
  2.10500e+01 -1.22481e-01
  2.10600e+01 -1.28707e-01
  2.10700e+01 -9.23384e-02
  2.10800e+01 -2.97378e-02
  2.10900e+01  3.23931e-02
  2.11000e+01  6.94037e-02
  2.11100e+01  6.88572e-02
  2.11200e+01  3.50996e-02
  2.11300e+01 -1.25037e-02
  2.11400e+01 -4.76377e-02
  2.11500e+01 -4.98343e-02
  2.11600e+01 -1.64201e-02
  2.11700e+01  3.44163e-02
  2.11800e+01  7.32941e-02
  2.11900e+01  7.69470e-02
  2.12000e+01  4.21891e-02
  2.12100e+01 -1.22248e-02
  2.12200e+01 -5.67381e-02
  2.12300e+01 -6.81910e-02
  2.12400e+01 -4.26340e-02
  2.12500e+01  3.90499e-03
  2.12600e+01  4.63779e-02
  2.12700e+01  6.54129e-02
  2.12800e+01  5.65388e-02
  2.12900e+01  3.00136e-02
  2.13000e+01  3.25872e-03
  2.13100e+01 -9.55439e-03
  2.13200e+01 -5.67934e-03
  2.13300e+01  5.23433e-03
  2.13400e+01  9.15734e-03
  2.13500e+01 -4.51667e-04
  2.13600e+01 -1.66663e-02
  2.13700e+01 -2.44764e-02
  2.13800e+01 -1.27824e-02
  2.13900e+01  1.73197e-02
  2.14000e+01  5.35426e-02
  2.14100e+01  7.95201e-02
  2.14200e+01  8.19123e-02
  2.14300e+01  5.53901e-02
  2.14400e+01  6.44695e-03
  2.14500e+01 -4.57692e-02
  2.14600e+01 -7.64021e-02
  2.14700e+01 -6.95607e-02
  2.14800e+01 -3.06760e-02
  2.14900e+01  1.58596e-02
  2.15000e+01  4.44123e-02
  2.15100e+01  4.66800e-02
  2.15200e+01  3.49395e-02
  2.15300e+01  2.82150e-02
  2.15400e+01  3.50400e-02
  2.15500e+01  4.78622e-02
  2.15600e+01  5.21725e-02
  2.15700e+01  4.08223e-02
  2.15800e+01  2.09702e-02
  2.15900e+01  8.13622e-03
  2.16000e+01  1.25656e-02
  2.16100e+01  2.95209e-02
  2.16200e+01  4.20989e-02
  2.16300e+01  3.46917e-02
  2.16400e+01  6.11641e-03
  2.16500e+01 -2.82169e-02
  2.16600e+01 -4.65615e-02
  2.16700e+01 -3.54165e-02
  2.16800e+01  1.86657e-03
  2.16900e+01  4.70905e-02
  2.17000e+01  7.69149e-02
  2.17100e+01  7.40733e-02
  2.17200e+01  3.55600e-02
  2.17300e+01 -2.45514e-02
  2.17400e+01 -7.96468e-02
  2.17500e+01 -1.02928e-01
  2.17600e+01 -8.25943e-02
  2.17700e+01 -2.99473e-02
  2.17800e+01  2.66144e-02
  2.17900e+01  5.86268e-02
  2.18000e+01  5.42840e-02
  2.18100e+01  2.41281e-02
  2.18200e+01 -7.35202e-03
  2.18300e+01 -1.86475e-02
  2.18400e+01 -5.88137e-03
  2.18500e+01  1.49591e-02
  2.18600e+01  2.06830e-02
  2.18700e+01 -2.21244e-04
  2.18800e+01 -3.71430e-02
  2.18900e+01 -6.44014e-02
  2.19000e+01 -6.09379e-02
  2.19100e+01 -2.69766e-02
  2.19200e+01  1.61176e-02
  2.19300e+01  4.27454e-02
  2.19400e+01  4.24673e-02
  2.19500e+01  2.57273e-02
  2.19600e+01  1.23164e-02
  2.19700e+01  1.42205e-02
  2.19800e+01  2.78794e-02
  2.19900e+01  4.02741e-02
  2.20000e+01  4.06753e-02
  2.20100e+01  2.75214e-02
  2.20200e+01  7.27802e-03
  2.20300e+01 -1.06812e-02
  2.20400e+01 -1.86158e-02
  2.20500e+01 -1.32715e-02
  2.20600e+01  2.43999e-03
  2.20700e+01  1.97970e-02
  2.20800e+01  2.83485e-02
  2.20900e+01  2.28132e-02
  2.21000e+01  7.87634e-03
  2.21100e+01 -4.30524e-03
  2.21200e+01 -3.40571e-03
  2.21300e+01  1.02676e-02
  2.21400e+01  2.53045e-02
  2.21500e+01  2.78463e-02
  2.21600e+01  1.24086e-02
  2.21700e+01 -1.34462e-02
  2.21800e+01 -3.38004e-02
  2.21900e+01 -3.50621e-02
  2.22000e+01 -1.54226e-02
  2.22100e+01  1.35794e-02
  2.22200e+01  3.50613e-02
  2.22300e+01  3.89120e-02
  2.22400e+01  2.86392e-02
  2.22500e+01  1.72763e-02
  2.22600e+01  1.59362e-02
  2.22700e+01  2.50821e-02
  2.22800e+01  3.56713e-02
  2.22900e+01  3.77648e-02
  2.23000e+01  2.79396e-02
  2.23100e+01  9.94600e-03
  2.23200e+01 -9.28777e-03
  2.23300e+01 -2.31308e-02
  2.23400e+01 -2.64956e-02
  2.23500e+01 -1.67707e-02
  2.23600e+01  4.59402e-03
  2.23700e+01  3.15966e-02
  2.23800e+01  5.57597e-02
  2.23900e+01  6.94881e-02
  2.24000e+01  6.83363e-02
  2.24100e+01  5.16727e-02
  2.24200e+01  2.30051e-02
  2.24300e+01 -9.62477e-03
  2.24400e+01 -3.47977e-02
  2.24500e+01 -4.19802e-02
  2.24600e+01 -2.76442e-02
  2.24700e+01  7.30687e-04
  2.24800e+01  2.65220e-02
  2.24900e+01  3.21293e-02
  2.25000e+01  9.55582e-03
  2.25100e+01 -3.31618e-02
  2.25200e+01 -7.49205e-02
  2.25300e+01 -9.32783e-02
  2.25400e+01 -7.75706e-02
  2.25500e+01 -3.46169e-02
  2.25600e+01  1.59822e-02
  2.25700e+01  5.25348e-02
  2.25800e+01  6.12196e-02
  2.25900e+01  4.14267e-02
  2.26000e+01  5.47288e-03
  2.26100e+01 -2.73032e-02
  2.26200e+01 -4.03307e-02
  2.26300e+01 -2.85969e-02
  2.26400e+01 -8.55392e-04
  2.26500e+01  2.61509e-02
  2.26600e+01  3.74242e-02
  2.26700e+01  2.77672e-02
  2.26800e+01  4.64927e-03
  2.26900e+01 -1.53827e-02
  2.27000e+01 -1.63459e-02
  2.27100e+01  5.46757e-03
  2.27200e+01  3.60821e-02
  2.27300e+01  5.17197e-02
  2.27400e+01  3.65969e-02
  2.27500e+01 -3.67247e-03
  2.27600e+01 -4.57972e-02
  2.27700e+01 -6.71102e-02
  2.27800e+01 -6.21091e-02
  2.27900e+01 -4.33119e-02
  2.28000e+01 -2.79614e-02
  2.28100e+01 -2.38413e-02
  2.28200e+01 -2.52827e-02
  2.28300e+01 -2.00403e-02
  2.28400e+01 -2.60675e-04
  2.28500e+01  3.00073e-02
  2.28600e+01  5.54337e-02
  2.28700e+01  5.85770e-02
  2.28800e+01  3.25820e-02
  2.28900e+01 -1.16270e-02
  2.29000e+01 -5.04823e-02
  2.29100e+01 -6.30516e-02
  2.29200e+01 -4.54752e-02
  2.29300e+01 -1.34259e-02
  2.29400e+01  9.32493e-03
  2.29500e+01  7.56379e-03
  2.29600e+01 -1.54914e-02
  2.29700e+01 -4.15321e-02
  2.29800e+01 -5.06536e-02
  2.29900e+01 -3.51464e-02
  2.30000e+01 -3.94077e-03
  2.30100e+01  2.48039e-02
  2.30200e+01  3.66671e-02
  2.30300e+01  2.97905e-02
  2.30400e+01  1.42550e-02
  2.30500e+01  4.14336e-03
  2.30600e+01  8.42534e-03
  2.30700e+01  2.57491e-02
  2.30800e+01  4.51218e-02
  2.30900e+01  5.18899e-02
  2.31000e+01  3.63780e-02
  2.31100e+01  7.52949e-04
  2.31200e+01 -4.03764e-02
  2.31300e+01 -6.69760e-02
  2.31400e+01 -6.46282e-02
  2.31500e+01 -3.31039e-02
  2.31600e+01  1.25313e-02
  2.31700e+01  4.89759e-02
  2.31800e+01  5.66658e-02
  2.31900e+01  3.09641e-02
  2.32000e+01 -1.39641e-02
  2.32100e+01 -5.25419e-02
  2.32200e+01 -6.32728e-02
  2.32300e+01 -4.20729e-02
  2.32400e+01 -3.77126e-03
  2.32500e+01  2.86684e-02
  2.32600e+01  3.85144e-02
  2.32700e+01  2.37781e-02
  2.32800e+01 -3.51188e-03
  2.32900e+01 -2.50881e-02
  2.33000e+01 -2.69516e-02
  2.33100e+01 -7.44161e-03
  2.33200e+01  2.21231e-02
  2.33300e+01  4.52944e-02
  2.33400e+01  5.12529e-02
  2.33500e+01  4.01193e-02
  2.33600e+01  1.96915e-02
  2.33700e+01 -1.45091e-03
  2.33800e+01 -1.75357e-02
  2.33900e+01 -2.46338e-02
  2.34000e+01 -1.96825e-02
  2.34100e+01 -2.87915e-03
  2.34200e+01  1.91550e-02
  2.34300e+01  3.48109e-02
  2.34400e+01  3.46308e-02
  2.34500e+01  1.87217e-02
  2.34600e+01 -2.38665e-03
  2.34700e+01 -1.48105e-02
  2.34800e+01 -1.08193e-02
  2.34900e+01  6.38729e-03
  2.35000e+01  2.53543e-02
  2.35100e+01  3.36233e-02
  2.35200e+01  2.47947e-02
  2.35300e+01  2.22144e-03
  2.35400e+01 -2.21165e-02
  2.35500e+01 -3.39126e-02
  2.35600e+01 -2.58101e-02
  2.35700e+01 -3.69333e-03
  2.35800e+01  1.61979e-02
  2.35900e+01  1.90717e-02
  2.36000e+01  3.46152e-03
  2.36100e+01 -1.73641e-02
  2.36200e+01 -2.65232e-02
  2.36300e+01 -1.78302e-02
  2.36400e+01 -6.77154e-04
  2.36500e+01  8.71987e-03
  2.36600e+01  1.59961e-03
  2.36700e+01 -1.63380e-02
  2.36800e+01 -3.09168e-02
  2.36900e+01 -3.23076e-02
  2.37000e+01 -2.30097e-02
  2.37100e+01 -1.47277e-02
  2.37200e+01 -1.81567e-02
  2.37300e+01 -3.47768e-02
  2.37400e+01 -5.61451e-02
  2.37500e+01 -6.95043e-02
  2.37600e+01 -6.54928e-02
  2.37700e+01 -4.43346e-02
  2.37800e+01 -1.73348e-02
  2.37900e+01 -1.07989e-03
  2.38000e+01 -5.97895e-03
  2.38100e+01 -2.72329e-02
  2.38200e+01 -4.71069e-02
  2.38300e+01 -4.84794e-02
  2.38400e+01 -2.86222e-02
  2.38500e+01 -9.57972e-04
  2.38600e+01  1.66088e-02
  2.38700e+01  1.59797e-02
  2.38800e+01  3.37611e-03
  2.38900e+01 -8.48839e-03
  2.39000e+01 -1.21780e-02
  2.39100e+01 -1.07077e-02
  2.39200e+01 -1.27614e-02
  2.39300e+01 -2.34342e-02
  2.39400e+01 -3.89089e-02
  2.39500e+01 -4.90889e-02
  2.39600e+01 -4.52225e-02
  2.39700e+01 -2.61146e-02
  2.39800e+01  1.16420e-03
  2.39900e+01  2.54611e-02
  2.40000e+01  3.75013e-02
  2.40100e+01  3.46743e-02
  2.40200e+01  2.22321e-02
  2.40300e+01  9.49041e-03
  2.40400e+01  3.03095e-03
  2.40500e+01  2.56301e-03
  2.40600e+01  3.46389e-03
  2.40700e+01  3.11343e-03
  2.40800e+01  4.02344e-03
  2.40900e+01  1.08650e-02
  2.41000e+01  2.54146e-02
  2.41100e+01  4.45253e-02
  2.41200e+01  6.15873e-02
  2.41300e+01  6.88444e-02
  2.41400e+01  5.95385e-02
  2.41500e+01  3.08882e-02
  2.41600e+01 -1.24771e-02
  2.41700e+01 -5.91782e-02
  2.41800e+01 -9.04541e-02
  2.41900e+01 -9.16064e-02
  2.42000e+01 -6.28074e-02
  2.42100e+01 -1.61700e-02
  2.42200e+01  2.86345e-02
  2.42300e+01  5.50248e-02
  2.42400e+01  5.78858e-02
  2.42500e+01  4.39637e-02
  2.42600e+01  2.50443e-02
  2.42700e+01  1.04935e-02
  2.42800e+01  4.54388e-03
  2.42900e+01  7.31152e-03
  2.43000e+01  1.54036e-02
  2.43100e+01  2.16642e-02
  2.43200e+01  1.75731e-02
  2.43300e+01 -7.57756e-04
  2.43400e+01 -2.78712e-02
  2.43500e+01 -5.09481e-02
  2.43600e+01 -5.76813e-02
  2.43700e+01 -4.36365e-02
  2.43800e+01 -1.38255e-02
  2.43900e+01  2.10560e-02
  2.44000e+01  4.95186e-02
  2.44100e+01  6.24990e-02
  2.44200e+01  5.56234e-02
  2.44300e+01  3.17051e-02
  2.44400e+01  1.52426e-03
  2.44500e+01 -2.05518e-02
  2.44600e+01 -2.53247e-02
  2.44700e+01 -1.52377e-02
  2.44800e+01 -2.32933e-03
  2.44900e+01  1.00270e-03
  2.45000e+01 -9.36333e-03
  2.45100e+01 -2.76386e-02
  2.45200e+01 -4.32788e-02
  2.45300e+01 -4.80871e-02
  2.45400e+01 -4.06169e-02
  2.45500e+01 -2.59470e-02
  2.45600e+01 -1.16557e-02
  2.45700e+01 -2.85459e-03
  2.45800e+01  3.49631e-04
  2.45900e+01  1.45568e-03
  2.46000e+01  3.83934e-03
  2.46100e+01  7.94956e-03
  2.46200e+01  1.14488e-02
  2.46300e+01  1.16660e-02
  2.46400e+01  8.11096e-03
  2.46500e+01  3.16674e-03
  2.46600e+01  6.16987e-04
  2.46700e+01  3.12050e-03
  2.46800e+01  1.03461e-02
  2.46900e+01  1.89855e-02
  2.47000e+01  2.45767e-02
  2.47100e+01  2.39096e-02
  2.47200e+01  1.66145e-02
  2.47300e+01  5.29110e-03
  2.47400e+01 -5.65265e-03
  2.47500e+01 -1.19120e-02
  2.47600e+01 -1.12016e-02
  2.47700e+01 -4.24128e-03
  2.47800e+01  5.82590e-03
  2.47900e+01  1.52323e-02
  2.48000e+01  2.13771e-02
  2.48100e+01  2.35699e-02
  2.48200e+01  2.26576e-02
  2.48300e+01  2.01611e-02
  2.48400e+01  1.74702e-02
  2.48500e+01  1.53190e-02
  2.48600e+01  1.36492e-02
  2.48700e+01  1.19093e-02
  2.48800e+01  9.60545e-03
  2.48900e+01  6.71544e-03
  2.49000e+01  3.71770e-03
  2.49100e+01  1.31939e-03
  2.49200e+01  1.31344e-04
  2.49300e+01  4.27617e-04
  2.49400e+01  1.98838e-03
  2.49500e+01  4.05458e-03
  2.49600e+01  5.53183e-03
  2.49700e+01  5.51847e-03
  2.49800e+01  3.92023e-03
  2.49900e+01  1.64417e-03
  2.50000e+01  5.45162e-05
  2.50100e+01  7.19899e-06
  2.50200e+01  1.24966e-03
  2.50300e+01  2.70527e-03
  2.50400e+01  3.36087e-03
  2.50500e+01  2.96196e-03
  2.50600e+01  1.99313e-03
  2.50700e+01  1.12254e-03
  2.50800e+01  6.85118e-04
  2.50900e+01  5.80280e-04
  2.51000e+01  5.08896e-04
  2.51100e+01  2.47136e-04
  2.51200e+01 -2.39045e-04
  2.51300e+01 -8.28146e-04
  2.51400e+01 -1.33382e-03
  2.51500e+01 -1.59985e-03
  2.51600e+01 -1.58212e-03
  2.51700e+01 -1.38253e-03
  2.51800e+01 -1.19535e-03
  2.51900e+01 -1.18381e-03
  2.52000e+01 -1.37449e-03
  2.52100e+01 -1.65451e-03
  2.52200e+01 -1.87113e-03
  2.52300e+01 -1.94518e-03
  2.52400e+01 -1.90671e-03
  2.52500e+01 -1.84172e-03
  2.52600e+01 -1.81512e-03
  2.52700e+01 -1.83576e-03
  2.52800e+01 -1.87271e-03
  2.52900e+01 -1.88949e-03
  2.53000e+01 -1.86628e-03
  2.53100e+01 -1.80459e-03
  2.53200e+01 -1.72059e-03
  2.53300e+01 -1.63311e-03
  2.53400e+01 -1.55288e-03
  2.53500e+01 -1.47932e-03
  2.53600e+01 -1.40564e-03
  2.53700e+01 -1.32623e-03
  2.53800e+01 -1.23978e-03
  2.53900e+01 -1.14765e-03
  2.54000e+01 -1.05121e-03
  2.54100e+01 -9.50945e-04
  2.54200e+01 -8.46948e-04
  2.54300e+01 -7.39454e-04
  2.54400e+01 -6.28814e-04
