  0.00000e+00  0.00000e+00
  2.00000e-02  1.12675e-04
  4.00000e-02  8.78659e-05
  6.00000e-02  9.83396e-05
  8.00000e-02  1.08780e-04
  1.00000e-01  1.19045e-04
  1.20000e-01  1.29594e-04
  1.40000e-01  1.40132e-04
  1.60000e-01  1.49809e-04
  1.80000e-01  1.59935e-04
  2.00000e-01  1.71456e-04
  2.20000e-01  1.81793e-04
  2.40000e-01  1.90216e-04
  2.60000e-01  2.00948e-04
  2.80000e-01  2.12954e-04
  3.00000e-01  2.18516e-04
  3.20000e-01  2.21207e-04
  3.40000e-01  2.31506e-04
  3.60000e-01  2.58295e-04
  3.80000e-01  3.01515e-04
  4.00000e-01  3.05953e-04
  4.20000e-01  2.39198e-04
  4.40000e-01  2.25464e-04
  4.60000e-01  3.53277e-04
  4.80000e-01  4.51191e-04
  5.00000e-01  3.51795e-04
  5.20000e-01  2.03790e-04
  5.40000e-01  2.53990e-04
  5.60000e-01  4.77997e-04
  5.80000e-01  6.12663e-04
  6.00000e-01  4.31552e-04
  6.20000e-01 -5.77548e-05
  6.40000e-01 -4.52258e-04
  6.60000e-01 -1.54741e-04
  6.80000e-01  7.02582e-04
  7.00000e-01  1.07926e-03
  7.20000e-01  4.51753e-04
  7.40000e-01 -5.11188e-04
  7.60000e-01 -8.93189e-04
  7.80000e-01 -5.11132e-04
  8.00000e-01 -7.55286e-05
  8.20000e-01  8.11596e-06
  8.40000e-01  9.22787e-05
  8.60000e-01  1.31863e-04
  8.80000e-01  1.63148e-04
  9.00000e-01  3.12099e-04
  9.20000e-01 -2.33967e-04
  9.40000e-01 -1.41758e-03
  9.60000e-01 -2.13011e-03
  9.80000e-01 -2.02799e-03
  1.00000e+00 -6.80047e-04
  1.02000e+00  2.13379e-03
  1.04000e+00  4.54278e-03
  1.06000e+00  2.96656e-03
  1.08000e+00 -2.94285e-03
  1.10000e+00 -6.26955e-03
  1.12000e+00 -2.30381e-03
  1.14000e+00  1.76826e-03
  1.16000e+00 -1.75574e-03
  1.18000e+00 -6.59251e-03
  1.20000e+00 -1.58887e-03
  1.22000e+00  8.30571e-03
  1.24000e+00  6.96433e-03
  1.26000e+00 -5.27956e-03
  1.28000e+00 -1.22598e-02
  1.30000e+00 -9.37840e-03
  1.32000e+00 -5.74936e-03
  1.34000e+00 -5.45003e-03
  1.36000e+00 -5.89419e-03
  1.38000e+00 -4.42295e-03
  1.40000e+00  6.86766e-04
  1.42000e+00  5.37814e-03
  1.44000e+00  6.45252e-03
  1.46000e+00  4.91576e-03
  1.48000e+00 -9.54552e-03
  1.50000e+00 -2.65258e-02
  1.52000e+00 -5.29786e-04
  1.54000e+00  5.26031e-02
  1.56000e+00  5.07564e-02
  1.58000e+00 -1.62937e-02
  1.60000e+00 -7.07352e-02
  1.62000e+00 -5.60719e-02
  1.64000e+00  7.72611e-05
  1.66000e+00  1.97697e-02
  1.68000e+00 -1.78253e-02
  1.70000e+00 -4.89875e-02
  1.72000e+00 -1.75303e-02
  1.74000e+00  5.64695e-02
  1.76000e+00  8.73407e-02
  1.78000e+00  3.81307e-02
  1.80000e+00 -1.65935e-02
  1.82000e+00 -2.12295e-02
  1.84000e+00  9.91849e-04
  1.86000e+00  2.10021e-02
  1.88000e+00  2.35084e-02
  1.90000e+00  1.91310e-02
  1.92000e+00  2.03402e-02
  1.94000e+00  7.45402e-03
  1.96000e+00 -7.74151e-03
  1.98000e+00 -3.05465e-03
  2.00000e+00 -2.60213e-03
  2.02000e+00 -8.28123e-04
  2.04000e+00  4.69357e-03
  2.06000e+00 -3.88267e-02
  2.08000e+00 -9.09237e-02
  2.10000e+00 -5.86379e-02
  2.12000e+00  2.59399e-02
  2.14000e+00  9.79556e-02
  2.16000e+00  1.14828e-01
  2.18000e+00  3.23281e-02
  2.20000e+00 -8.48461e-02
  2.22000e+00 -1.42651e-01
  2.24000e+00 -1.25500e-01
  2.26000e+00 -3.30595e-02
  2.28000e+00  2.58855e-02
  2.30000e+00 -4.73666e-02
  2.32000e+00 -4.99156e-02
  2.34000e+00  1.57095e-01
  2.36000e+00  2.96217e-01
  2.38000e+00  1.62081e-01
  2.40000e+00 -4.17356e-02
  2.42000e+00 -7.04927e-02
  2.44000e+00  4.51041e-02
  2.46000e+00  1.01403e-01
  2.48000e+00  1.94408e-02
  2.50000e+00 -6.17213e-02
  2.52000e+00 -4.61399e-02
  2.54000e+00 -1.71066e-03
  2.56000e+00  1.38570e-02
  2.58000e+00  1.46836e-02
  2.60000e+00  6.42812e-03
  2.62000e+00 -6.81994e-02
  2.64000e+00 -2.00781e-01
  2.66000e+00 -2.01955e-01
  2.68000e+00 -1.69328e-02
  2.70000e+00  1.21950e-01
  2.72000e+00  5.03385e-02
  2.74000e+00 -1.47078e-01
  2.76000e+00 -2.20900e-01
  2.78000e+00 -6.31186e-02
  2.80000e+00  6.50881e-02
  2.82000e+00  3.13986e-04
  2.84000e+00 -4.82546e-02
  2.86000e+00  1.49487e-02
  2.88000e+00  4.66997e-02
  2.90000e+00  2.23493e-02
  2.92000e+00  3.80658e-02
  2.94000e+00  8.77195e-02
  2.96000e+00  8.29261e-02
  2.98000e+00  3.25689e-02
  3.00000e+00  6.16094e-02
  3.02000e+00  1.41879e-01
  3.04000e+00  7.06469e-02
  3.06000e+00 -5.98521e-02
  3.08000e+00  1.80945e-02
  3.10000e+00  1.33350e-01
  3.12000e+00  3.08006e-02
  3.14000e+00 -8.94231e-02
  3.16000e+00 -3.87139e-02
  3.18000e+00  4.20191e-02
  3.20000e+00  2.92251e-02
  3.22000e+00 -4.89334e-02
  3.24000e+00 -1.66551e-01
  3.26000e+00 -2.78095e-01
  3.28000e+00 -2.55151e-01
  3.30000e+00 -1.16999e-01
  3.32000e+00 -5.79773e-02
  3.34000e+00 -9.26457e-02
  3.36000e+00 -9.60616e-02
  3.38000e+00 -5.16764e-02
  3.40000e+00  5.25161e-03
  3.42000e+00  6.10266e-02
  3.44000e+00  1.10180e-01
  3.46000e+00  8.80707e-02
  3.48000e+00 -3.45543e-02
  3.50000e+00 -8.61286e-02
  3.52000e+00  2.97344e-03
  3.54000e+00  3.47913e-02
  3.56000e+00 -4.64157e-02
  3.58000e+00 -4.47678e-02
  3.60000e+00  1.27897e-01
  3.62000e+00  2.79036e-01
  3.64000e+00  2.42575e-01
  3.66000e+00  1.64798e-01
  3.68000e+00  1.56207e-01
  3.70000e+00  6.83941e-02
  3.72000e+00 -6.84449e-02
  3.74000e+00 -7.21136e-02
  3.76000e+00 -5.42744e-02
  3.78000e+00 -9.41594e-02
  3.80000e+00  4.92288e-02
  3.82000e+00  3.33109e-01
  3.84000e+00  3.63001e-01
  3.86000e+00  1.56155e-01
  3.88000e+00  1.13138e-01
  3.90000e+00  3.22600e-01
  3.92000e+00  5.33922e-01
  3.94000e+00  6.07781e-01
  3.96000e+00  5.75696e-01
  3.98000e+00  4.24865e-01
  4.00000e+00  1.74689e-01
  4.02000e+00 -2.68704e-02
  4.04000e+00 -2.21452e-01
  4.06000e+00 -6.63433e-01
  4.08000e+00 -1.26040e+00
  4.10000e+00 -1.55572e+00
  4.12000e+00 -1.27166e+00
  4.14000e+00 -4.13655e-01
  4.16000e+00  7.07909e-01
  4.18000e+00  1.47878e+00
  4.20000e+00  1.59754e+00
  4.22000e+00  1.20613e+00
  4.24000e+00  4.15510e-01
  4.26000e+00 -2.98469e-01
  4.28000e+00 -2.06243e-01
  4.30000e+00  3.05543e-01
  4.32000e+00  1.47004e-01
  4.34000e+00 -6.56137e-01
  4.36000e+00 -1.14231e+00
  4.38000e+00 -8.28480e-01
  4.40000e+00 -1.30643e-01
  4.42000e+00  2.80209e-01
  4.44000e+00  2.92471e-01
  4.46000e+00  1.48325e-01
  4.48000e+00 -2.38552e-01
  4.50000e+00 -9.12300e-01
  4.52000e+00 -1.36582e+00
  4.54000e+00 -1.25496e+00
  4.56000e+00 -9.99906e-01
  4.58000e+00 -9.91054e-01
  4.60000e+00 -9.25835e-01
  4.62000e+00 -3.88042e-01
  4.64000e+00  5.62161e-01
  4.66000e+00  1.51433e+00
  4.68000e+00  2.03205e+00
  4.70000e+00  1.78089e+00
  4.72000e+00  6.71386e-01
  4.74000e+00 -7.83049e-01
  4.76000e+00 -1.61869e+00
  4.78000e+00 -1.31734e+00
  4.80000e+00 -2.78569e-01
  4.82000e+00  6.33511e-01
  4.84000e+00  8.24052e-01
  4.86000e+00  4.52985e-01
  4.88000e+00  2.25591e-01
  4.90000e+00  5.44802e-01
  4.92000e+00  1.02901e+00
  4.94000e+00  1.03055e+00
  4.96000e+00  5.85138e-01
  4.98000e+00  3.45723e-01
  5.00000e+00  4.20640e-01
  5.02000e+00  2.36791e-01
  5.04000e+00 -4.42272e-01
  5.06000e+00 -1.16787e+00
  5.08000e+00 -1.26741e+00
  5.10000e+00 -6.02135e-01
  5.12000e+00  2.38912e-01
  5.14000e+00  6.80638e-01
  5.16000e+00  4.12318e-01
  5.18000e+00 -6.19455e-01
  5.20000e+00 -1.73851e+00
  5.22000e+00 -2.09463e+00
  5.24000e+00 -1.77185e+00
  5.26000e+00 -1.36931e+00
  5.28000e+00 -8.96050e-01
  5.30000e+00  4.12668e-03
  5.32000e+00  1.03523e+00
  5.34000e+00  1.55821e+00
  5.36000e+00  1.50868e+00
  5.38000e+00  9.35015e-01
  5.40000e+00 -1.54935e-01
  5.42000e+00 -9.46455e-01
  5.44000e+00 -5.34619e-01
  5.46000e+00  8.03049e-01
  5.48000e+00  2.03104e+00
  5.50000e+00  2.18405e+00
  5.52000e+00  1.08124e+00
  5.54000e+00 -1.02318e-01
  5.56000e+00 -1.40726e-01
  5.58000e+00  4.42385e-01
  5.60000e+00  3.16370e-01
  5.62000e+00 -6.61909e-01
  5.64000e+00 -1.58961e+00
  5.66000e+00 -1.59899e+00
  5.68000e+00 -4.45153e-01
  5.70000e+00  1.01032e+00
  5.72000e+00  1.55497e+00
  5.74000e+00  1.11154e+00
  5.76000e+00  2.69178e-01
  5.78000e+00 -7.66091e-01
  5.80000e+00 -1.54723e+00
  5.82000e+00 -1.25813e+00
  5.84000e+00 -5.32955e-03
  5.86000e+00  1.18168e+00
  5.88000e+00  1.75242e+00
  5.90000e+00  1.87825e+00
  5.92000e+00  1.70764e+00
  5.94000e+00  1.31986e+00
  5.96000e+00  9.20859e-01
  5.98000e+00  5.61556e-01
  6.00000e+00  4.49791e-02
  6.02000e+00 -6.95186e-01
  6.04000e+00 -1.32543e+00
  6.06000e+00 -1.45397e+00
  6.08000e+00 -1.25647e+00
  6.10000e+00 -1.33697e+00
  6.12000e+00 -1.82267e+00
  6.14000e+00 -2.19198e+00
  6.16000e+00 -2.16168e+00
  6.18000e+00 -1.84567e+00
  6.20000e+00 -1.10525e+00
  6.22000e+00  6.35908e-02
  6.24000e+00  1.14513e+00
  6.26000e+00  1.81109e+00
  6.28000e+00  1.97403e+00
  6.30000e+00  1.55311e+00
  6.32000e+00  7.40622e-01
  6.34000e+00 -1.19967e-01
  6.36000e+00 -6.32338e-01
  6.38000e+00 -5.66552e-01
  6.40000e+00 -1.18891e-01
  6.42000e+00  5.01599e-01
  6.44000e+00  1.04089e+00
  6.46000e+00  1.14565e+00
  6.48000e+00  8.97297e-01
  6.50000e+00  5.16273e-01
  6.52000e+00 -4.17188e-03
  6.54000e+00 -5.32769e-01
  6.56000e+00 -8.72668e-01
  6.58000e+00 -1.03626e+00
  6.60000e+00 -1.00054e+00
  6.62000e+00 -6.01633e-01
  6.64000e+00 -1.74456e-02
  6.66000e+00  2.80522e-01
  6.68000e+00  3.64534e-01
  6.70000e+00  5.75898e-01
  6.72000e+00  6.53887e-01
  6.74000e+00  3.66681e-01
  6.76000e+00  4.93065e-02
  6.78000e+00 -1.00685e-01
  6.80000e+00 -1.51948e-01
  6.82000e+00 -1.84748e-01
  6.84000e+00 -3.79569e-01
  6.86000e+00 -7.09214e-01
  6.88000e+00 -8.32836e-01
  6.90000e+00 -6.32542e-01
  6.92000e+00 -3.91857e-01
  6.94000e+00 -3.03586e-01
  6.96000e+00 -1.51598e-01
  6.98000e+00  2.37516e-01
  7.00000e+00  6.98144e-01
  7.02000e+00  9.82000e-01
  7.04000e+00  8.44719e-01
  7.06000e+00  3.91222e-01
  7.08000e+00  1.81054e-01
  7.10000e+00  3.50609e-01
  7.12000e+00  5.52482e-01
  7.14000e+00  6.79812e-01
  7.16000e+00  6.45386e-01
  7.18000e+00  2.54190e-01
  7.20000e+00 -2.59220e-01
  7.22000e+00 -4.40924e-01
  7.24000e+00 -3.71500e-01
  7.26000e+00 -5.84581e-01
  7.28000e+00 -1.17454e+00
  7.30000e+00 -1.57223e+00
  7.32000e+00 -1.44165e+00
  7.34000e+00 -1.04507e+00
  7.36000e+00 -5.78232e-01
  7.38000e+00 -2.86013e-02
  7.40000e+00  4.64272e-01
  7.42000e+00  8.49714e-01
  7.44000e+00  1.30404e+00
  7.46000e+00  1.80040e+00
  7.48000e+00  2.04428e+00
  7.50000e+00  1.79531e+00
  7.52000e+00  1.15162e+00
  7.54000e+00  4.87125e-01
  7.56000e+00 -2.05605e-01
  7.58000e+00 -1.09258e+00
  7.60000e+00 -1.44596e+00
  7.62000e+00 -6.91212e-01
  7.64000e+00  5.18759e-02
  7.66000e+00 -3.46169e-01
  7.68000e+00 -1.26777e+00
  7.70000e+00 -1.67379e+00
  7.72000e+00 -1.39392e+00
  7.74000e+00 -8.93147e-01
  7.76000e+00 -7.25341e-01
  7.78000e+00 -7.21348e-01
  7.80000e+00 -2.45429e-01
  7.82000e+00  4.49987e-01
  7.84000e+00  5.38802e-01
  7.86000e+00 -2.98466e-02
  7.88000e+00 -4.89414e-01
  7.90000e+00 -1.57669e-01
  7.92000e+00  7.41528e-01
  7.94000e+00  1.39670e+00
  7.96000e+00  1.56890e+00
  7.98000e+00  1.56567e+00
  8.00000e+00  1.50690e+00
  8.02000e+00  1.42593e+00
  8.04000e+00  1.37218e+00
  8.06000e+00  1.11174e+00
  8.08000e+00  3.25302e-01
  8.10000e+00 -8.24131e-01
  8.12000e+00 -1.56691e+00
  8.14000e+00 -1.27422e+00
  8.16000e+00 -4.73338e-01
  8.18000e+00 -4.28611e-01
  8.20000e+00 -1.24983e+00
  8.22000e+00 -1.49569e+00
  8.24000e+00 -3.90124e-01
  8.26000e+00  9.88681e-01
  8.28000e+00  1.53533e+00
  8.30000e+00  1.45885e+00
  8.32000e+00  1.13206e+00
  8.34000e+00  3.83308e-01
  8.36000e+00 -5.39645e-01
  8.38000e+00 -9.43547e-01
  8.40000e+00 -8.30354e-01
  8.42000e+00 -7.70101e-01
  8.44000e+00 -9.13792e-01
  8.46000e+00 -9.24555e-01
  8.48000e+00 -5.08442e-01
  8.50000e+00  2.76920e-01
  8.52000e+00  1.07925e+00
  8.54000e+00  1.41189e+00
  8.56000e+00  9.63336e-01
  8.58000e+00  6.39774e-02
  8.60000e+00 -7.19492e-01
  8.62000e+00 -1.34627e+00
  8.64000e+00 -1.92735e+00
  8.66000e+00 -2.28355e+00
  8.68000e+00 -2.13066e+00
  8.70000e+00 -1.26228e+00
  8.72000e+00 -2.79022e-02
  8.74000e+00  8.14370e-01
  8.76000e+00  1.04868e+00
  8.78000e+00  7.94202e-01
  8.80000e+00  1.41532e-01
  8.82000e+00 -2.97361e-01
  8.84000e+00 -9.62232e-05
  8.86000e+00  5.65411e-01
  8.88000e+00  8.20039e-01
  8.90000e+00  9.19242e-01
  8.92000e+00  1.17185e+00
  8.94000e+00  1.23654e+00
  8.96000e+00  5.02315e-01
  8.98000e+00 -5.53438e-01
  9.00000e+00 -5.80280e-01
  9.02000e+00  5.93381e-01
  9.04000e+00  1.67182e+00
  9.06000e+00  1.72967e+00
  9.08000e+00  9.97197e-01
  9.10000e+00  2.02548e-01
  9.12000e+00 -8.46655e-02
  9.14000e+00  1.63901e-01
  9.16000e+00  5.43638e-01
  9.18000e+00  7.83236e-01
  9.20000e+00  9.29795e-01
  9.22000e+00  1.03083e+00
  9.24000e+00  1.00598e+00
  9.26000e+00  8.62689e-01
  9.28000e+00  7.38222e-01
  9.30000e+00  6.07089e-01
  9.32000e+00  1.90359e-01
  9.34000e+00 -7.20268e-01
  9.36000e+00 -1.93161e+00
  9.38000e+00 -2.73183e+00
  9.40000e+00 -2.27138e+00
  9.42000e+00 -6.33290e-01
  9.44000e+00  8.51485e-01
  9.46000e+00  1.09800e+00
  9.48000e+00  2.85832e-01
  9.50000e+00 -1.03445e+00
  9.52000e+00 -2.49298e+00
  9.54000e+00 -3.44121e+00
  9.56000e+00 -3.33695e+00
  9.58000e+00 -2.53855e+00
  9.60000e+00 -1.74598e+00
  9.62000e+00 -1.03488e+00
  9.64000e+00 -2.39123e-01
  9.66000e+00  4.02867e-01
  9.68000e+00  6.14010e-01
  9.70000e+00  4.12531e-01
  9.72000e+00  4.76457e-02
  9.74000e+00 -3.53367e-02
  9.76000e+00  4.21769e-01
  9.78000e+00  1.14611e+00
  9.80000e+00  1.57770e+00
  9.82000e+00  1.37109e+00
  9.84000e+00  7.39164e-01
  9.86000e+00  1.48498e-01
  9.88000e+00 -2.19117e-01
  9.90000e+00 -4.62233e-01
  9.92000e+00 -6.91764e-01
  9.94000e+00 -6.51191e-01
  9.96000e+00  1.55769e-01
  9.98000e+00  1.50893e+00
  1.00000e+01  2.52798e+00
  1.00200e+01  2.61816e+00
  1.00400e+01  1.55824e+00
  1.00600e+01 -2.29620e-01
  1.00800e+01 -1.43848e+00
  1.01000e+01 -1.25840e+00
  1.01200e+01 -2.46133e-01
  1.01400e+01  7.08011e-01
  1.01600e+01  1.18775e+00
  1.01800e+01  1.18046e+00
  1.02000e+01  9.17831e-01
  1.02200e+01  6.07497e-01
  1.02400e+01  2.46448e-01
  1.02600e+01 -1.30683e-01
  1.02800e+01 -2.15419e-01
  1.03000e+01  2.24306e-01
  1.03200e+01  9.71633e-01
  1.03400e+01  1.57068e+00
  1.03600e+01  1.52801e+00
  1.03800e+01  5.94963e-01
  1.04000e+01 -6.95337e-01
  1.04200e+01 -1.51914e+00
  1.04400e+01 -1.81174e+00
  1.04600e+01 -2.03131e+00
  1.04800e+01 -2.23431e+00
  1.05000e+01 -1.91850e+00
  1.05200e+01 -7.90437e-01
  1.05400e+01  4.86042e-01
  1.05600e+01  8.24761e-01
  1.05800e+01  1.78876e-02
  1.06000e+01 -1.01418e+00
  1.06200e+01 -1.39088e+00
  1.06400e+01 -1.20756e+00
  1.06600e+01 -8.64190e-01
  1.06800e+01 -2.76628e-01
  1.07000e+01  5.23336e-01
  1.07200e+01  1.02336e+00
  1.07400e+01  9.11367e-01
  1.07600e+01  4.30652e-01
  1.07800e+01  1.19894e-01
  1.08000e+01  3.39896e-01
  1.08200e+01  9.00727e-01
  1.08400e+01  1.33443e+00
  1.08600e+01  1.45889e+00
  1.08800e+01  1.42434e+00
  1.09000e+01  1.36823e+00
  1.09200e+01  1.27191e+00
  1.09400e+01  1.07792e+00
  1.09600e+01  7.74891e-01
  1.09800e+01  4.22992e-01
  1.10000e+01  1.07385e-01
  1.10200e+01 -1.90737e-01
  1.10400e+01 -5.43047e-01
  1.10600e+01 -8.90056e-01
  1.10800e+01 -1.11378e+00
  1.11000e+01 -1.26594e+00
  1.11200e+01 -1.48126e+00
  1.11400e+01 -1.73389e+00
  1.11600e+01 -1.89330e+00
  1.11800e+01 -1.84418e+00
  1.12000e+01 -1.52283e+00
  1.12200e+01 -1.06786e+00
  1.12400e+01 -7.53878e-01
  1.12600e+01 -6.51560e-01
  1.12800e+01 -5.57647e-01
  1.13000e+01 -2.54901e-01
  1.13200e+01  2.39118e-01
  1.13400e+01  6.68974e-01
  1.13600e+01  7.92915e-01
  1.13800e+01  6.05058e-01
  1.14000e+01  3.19207e-01
  1.14200e+01  1.91433e-01
  1.14400e+01  3.30779e-01
  1.14600e+01  6.44665e-01
  1.14800e+01  9.69810e-01
  1.15000e+01  1.19669e+00
  1.15200e+01  1.25598e+00
  1.15400e+01  1.16281e+00
  1.15600e+01  1.10326e+00
  1.15800e+01  1.23639e+00
  1.16000e+01  1.46844e+00
  1.16200e+01  1.60414e+00
  1.16400e+01  1.47476e+00
  1.16600e+01  9.63233e-01
  1.16800e+01  2.47274e-01
  1.17000e+01 -2.87224e-01
  1.17200e+01 -5.00388e-01
  1.17400e+01 -5.00213e-01
  1.17600e+01 -4.09975e-01
  1.17800e+01 -3.14592e-01
  1.18000e+01 -2.16397e-01
  1.18200e+01 -1.35077e-01
  1.18400e+01 -2.05709e-01
  1.18600e+01 -5.03266e-01
  1.18800e+01 -9.22238e-01
  1.19000e+01 -1.26069e+00
  1.19200e+01 -1.32516e+00
  1.19400e+01 -1.00541e+00
  1.19600e+01 -4.21550e-01
  1.19800e+01 -1.07466e-03
  1.20000e+01 -8.40123e-02
  1.20200e+01 -5.32983e-01
  1.20400e+01 -1.00434e+00
  1.20600e+01 -1.26029e+00
  1.20800e+01 -1.14834e+00
  1.21000e+01 -6.69281e-01
  1.21200e+01 -2.55304e-02
  1.21400e+01  5.30528e-01
  1.21600e+01  8.73102e-01
  1.21800e+01  1.07241e+00
  1.22000e+01  1.20903e+00
  1.22200e+01  1.11817e+00
  1.22400e+01  6.15306e-01
  1.22600e+01 -1.79517e-02
  1.22800e+01 -2.58911e-01
  1.23000e+01 -6.10190e-02
  1.23200e+01  1.42249e-01
  1.23400e+01  4.66216e-02
  1.23600e+01 -2.24128e-01
  1.23800e+01 -3.47000e-01
  1.24000e+01 -2.47146e-01
  1.24200e+01 -1.94663e-01
  1.24400e+01 -4.04862e-01
  1.24600e+01 -6.97781e-01
  1.24800e+01 -6.51684e-01
  1.25000e+01 -2.06963e-01
  1.25200e+01  1.07292e-01
  1.25400e+01 -1.18800e-01
  1.25600e+01 -6.13052e-01
  1.25800e+01 -8.10319e-01
  1.26000e+01 -5.11133e-01
  1.26200e+01 -7.66153e-02
  1.26400e+01  1.96202e-02
  1.26600e+01 -2.12770e-01
  1.26800e+01 -3.20828e-01
  1.27000e+01 -4.86040e-02
  1.27200e+01  3.15387e-01
  1.27400e+01  3.99355e-01
  1.27600e+01  2.37279e-01
  1.27800e+01  8.13043e-02
  1.28000e+01  5.20782e-02
  1.28200e+01  7.27819e-02
  1.28400e+01  3.00861e-02
  1.28600e+01 -1.04442e-02
  1.28800e+01  1.10372e-01
  1.29000e+01  3.42672e-01
  1.29200e+01  4.35587e-01
  1.29400e+01  3.00193e-01
  1.29600e+01  1.80894e-01
  1.29800e+01  3.40256e-01
  1.30000e+01  7.01134e-01
  1.30200e+01  9.14014e-01
  1.30400e+01  7.24928e-01
  1.30600e+01  2.75606e-01
  1.30800e+01  1.76805e-02
  1.31000e+01  1.94231e-01
  1.31200e+01  4.92266e-01
  1.31400e+01  4.79252e-01
  1.31600e+01  2.00309e-01
  1.31800e+01 -2.58648e-02
  1.32000e+01 -7.55251e-02
  1.32200e+01  3.14322e-02
  1.32400e+01  2.17803e-01
  1.32600e+01  2.73924e-01
  1.32800e+01  6.73108e-02
  1.33000e+01 -2.59531e-01
  1.33200e+01 -4.91220e-01
  1.33400e+01 -5.71947e-01
  1.33600e+01 -5.32112e-01
  1.33800e+01 -3.48848e-01
  1.34000e+01 -3.36364e-02
  1.34200e+01  2.72910e-01
  1.34400e+01  4.20081e-01
  1.34600e+01  3.54279e-01
  1.34800e+01  1.34907e-01
  1.35000e+01 -6.29161e-02
  1.35200e+01 -7.64014e-02
  1.35400e+01  7.41542e-02
  1.35600e+01  2.26600e-01
  1.35800e+01  2.60223e-01
  1.36000e+01  1.92032e-01
  1.36200e+01  9.76045e-02
  1.36400e+01 -2.46071e-02
  1.36600e+01 -2.06469e-01
  1.36800e+01 -3.46481e-01
  1.37000e+01 -2.64435e-01
  1.37200e+01  5.62820e-02
  1.37400e+01  4.00131e-01
  1.37600e+01  5.23484e-01
  1.37800e+01  3.80164e-01
  1.38000e+01  1.16499e-01
  1.38200e+01 -1.36282e-01
  1.38400e+01 -3.70231e-01
  1.38600e+01 -5.79542e-01
  1.38800e+01 -6.96384e-01
  1.39000e+01 -6.88718e-01
  1.39200e+01 -5.87257e-01
  1.39400e+01 -4.65367e-01
  1.39600e+01 -4.26557e-01
  1.39800e+01 -4.83853e-01
  1.40000e+01 -5.26016e-01
  1.40200e+01 -4.66176e-01
  1.40400e+01 -2.88916e-01
  1.40600e+01 -2.68645e-02
  1.40800e+01  1.79075e-01
  1.41000e+01  1.40438e-01
  1.41200e+01 -1.36670e-01
  1.41400e+01 -3.67057e-01
  1.41600e+01 -2.86903e-01
  1.41800e+01  5.65521e-03
  1.42000e+01  1.98641e-01
  1.42200e+01  2.06563e-01
  1.42400e+01  2.25910e-01
  1.42600e+01  3.76971e-01
  1.42800e+01  5.29923e-01
  1.43000e+01  5.39227e-01
  1.43200e+01  4.46982e-01
  1.43400e+01  3.55009e-01
  1.43600e+01  2.77809e-01
  1.43800e+01  1.79748e-01
  1.44000e+01  2.34266e-02
  1.44200e+01 -1.60097e-01
  1.44400e+01 -2.31443e-01
  1.44600e+01 -1.33859e-01
  1.44800e+01 -2.27576e-02
  1.45000e+01 -3.89622e-02
  1.45200e+01 -9.59434e-02
  1.45400e+01 -1.75184e-03
  1.45600e+01  2.83721e-01
  1.45800e+01  5.22189e-01
  1.46000e+01  3.87365e-01
  1.46200e+01 -6.74132e-02
  1.46400e+01 -3.45641e-01
  1.46600e+01 -1.92934e-01
  1.46800e+01  3.81707e-02
  1.47000e+01 -3.58168e-03
  1.47200e+01 -1.93359e-01
  1.47400e+01 -2.44760e-01
  1.47600e+01 -7.11304e-02
  1.47800e+01  1.96027e-01
  1.48000e+01  3.32108e-01
  1.48200e+01  2.14223e-01
  1.48400e+01 -8.63582e-02
  1.48600e+01 -3.74502e-01
  1.48800e+01 -3.98465e-01
  1.49000e+01 -5.89248e-02
  1.49200e+01  3.35277e-01
  1.49400e+01  3.85888e-01
  1.49600e+01  1.76924e-01
  1.49800e+01  7.77763e-02
  1.50000e+01  1.52684e-01
  1.50200e+01  2.01146e-01
  1.50400e+01  1.28589e-01
  1.50600e+01 -2.33811e-03
  1.50800e+01 -6.53205e-02
  1.51000e+01  4.98426e-02
  1.51200e+01  2.97801e-01
  1.51400e+01  4.88306e-01
  1.51600e+01  5.12180e-01
  1.51800e+01  4.37999e-01
  1.52000e+01  3.48968e-01
  1.52200e+01  2.07560e-01
  1.52400e+01 -3.36371e-02
  1.52600e+01 -2.71452e-01
  1.52800e+01 -3.68001e-01
  1.53000e+01 -3.56690e-01
  1.53200e+01 -3.37168e-01
  1.53400e+01 -2.96957e-01
  1.53600e+01 -2.01664e-01
  1.53800e+01 -8.54560e-02
  1.54000e+01  2.74538e-02
  1.54200e+01  1.47330e-01
  1.54400e+01  2.64996e-01
  1.54600e+01  3.34100e-01
  1.54800e+01  2.77147e-01
  1.55000e+01  3.12837e-02
  1.55200e+01 -3.48998e-01
  1.55400e+01 -6.47728e-01
  1.55600e+01 -6.25707e-01
  1.55800e+01 -2.71848e-01
  1.56000e+01  1.40082e-01
  1.56200e+01  3.29744e-01
  1.56400e+01  2.44114e-01
  1.56600e+01 -2.18274e-02
  1.56800e+01 -3.41480e-01
  1.57000e+01 -5.83540e-01
  1.57200e+01 -6.94160e-01
  1.57400e+01 -7.15294e-01
  1.57600e+01 -6.69992e-01
  1.57800e+01 -5.54657e-01
  1.58000e+01 -4.17405e-01
  1.58200e+01 -2.94658e-01
  1.58400e+01 -1.53005e-01
  1.58600e+01  2.38063e-02
  1.58800e+01  2.13000e-01
  1.59000e+01  4.01000e-01
  1.59200e+01  5.55298e-01
  1.59400e+01  6.20702e-01
  1.59600e+01  5.79323e-01
  1.59800e+01  4.75027e-01
  1.60000e+01  3.80354e-01
  1.60200e+01  3.21762e-01
  1.60400e+01  2.64384e-01
  1.60600e+01  1.95813e-01
  1.60800e+01  1.36670e-01
  1.61000e+01  6.55042e-02
  1.61200e+01 -6.45416e-02
  1.61400e+01 -2.30710e-01
  1.61600e+01 -3.17171e-01
  1.61800e+01 -2.37190e-01
  1.62000e+01 -7.01783e-02
  1.62200e+01  2.71298e-02
  1.62400e+01  1.33869e-02
  1.62600e+01 -5.55074e-02
  1.62800e+01 -1.51719e-01
  1.63000e+01 -2.81522e-01
  1.63200e+01 -3.99352e-01
  1.63400e+01 -3.71843e-01
  1.63600e+01 -1.49624e-01
  1.63800e+01  6.19022e-02
  1.64000e+01  3.11912e-02
  1.64200e+01 -1.70118e-01
  1.64400e+01 -2.76507e-01
  1.64600e+01 -1.64965e-01
  1.64800e+01  6.09656e-02
  1.65000e+01  2.36606e-01
  1.65200e+01  2.90928e-01
  1.65400e+01  2.72553e-01
  1.65600e+01  2.56674e-01
  1.65800e+01  2.36464e-01
  1.66000e+01  1.69092e-01
  1.66200e+01  1.11350e-01
  1.66400e+01  1.66906e-01
  1.66600e+01  3.06724e-01
  1.66800e+01  4.02692e-01
  1.67000e+01  4.12122e-01
  1.67200e+01  3.95936e-01
  1.67400e+01  3.82870e-01
  1.67600e+01  2.90549e-01
  1.67800e+01  4.48913e-02
  1.68000e+01 -2.37104e-01
  1.68200e+01 -3.63173e-01
  1.68400e+01 -3.56562e-01
  1.68600e+01 -4.13590e-01
  1.68800e+01 -5.71491e-01
  1.69000e+01 -6.20170e-01
  1.69200e+01 -4.34400e-01
  1.69400e+01 -1.97116e-01
  1.69600e+01 -1.28151e-01
  1.69800e+01 -2.30692e-01
  1.70000e+01 -4.13125e-01
  1.70200e+01 -5.91659e-01
  1.70400e+01 -7.02040e-01
  1.70600e+01 -7.21248e-01
  1.70800e+01 -5.38035e-01
  1.71000e+01 -5.39225e-02
  1.71200e+01  4.66798e-01
  1.71400e+01  6.50811e-01
  1.71600e+01  5.30556e-01
  1.71800e+01  3.87731e-01
  1.72000e+01  3.59558e-01
  1.72200e+01  3.71745e-01
  1.72400e+01  2.92709e-01
  1.72600e+01  1.42992e-01
  1.72800e+01  6.99017e-02
  1.73000e+01  1.21337e-01
  1.73200e+01  2.16872e-01
  1.73400e+01  2.83148e-01
  1.73600e+01  3.05113e-01
  1.73800e+01  2.81690e-01
  1.74000e+01  1.94446e-01
  1.74200e+01  5.85705e-02
  1.74400e+01 -4.75563e-02
  1.74600e+01 -5.42829e-02
  1.74800e+01  4.18521e-02
  1.75000e+01  1.95802e-01
  1.75200e+01  3.57904e-01
  1.75400e+01  4.96080e-01
  1.75600e+01  5.59051e-01
  1.75800e+01  4.64692e-01
  1.76000e+01  2.16276e-01
  1.76200e+01 -4.66122e-02
  1.76400e+01 -2.16381e-01
  1.76600e+01 -3.03867e-01
  1.76800e+01 -3.32319e-01
  1.77000e+01 -3.21110e-01
  1.77200e+01 -3.08478e-01
  1.77400e+01 -2.91235e-01
  1.77600e+01 -2.48421e-01
  1.77800e+01 -2.03779e-01
  1.78000e+01 -1.94636e-01
  1.78200e+01 -2.31414e-01
  1.78400e+01 -2.86336e-01
  1.78600e+01 -3.00527e-01
  1.78800e+01 -2.29282e-01
  1.79000e+01 -7.73479e-02
  1.79200e+01  1.11981e-01
  1.79400e+01  2.73008e-01
  1.79600e+01  3.25610e-01
  1.79800e+01  2.28242e-01
  1.80000e+01  5.47176e-02
  1.80200e+01 -5.00131e-02
  1.80400e+01 -3.37334e-02
  1.80600e+01  1.19133e-02
  1.80800e+01 -5.40004e-03
  1.81000e+01 -6.42982e-02
  1.81200e+01 -9.64088e-02
  1.81400e+01 -9.05572e-02
  1.81600e+01 -8.05270e-02
  1.81800e+01 -8.04692e-02
  1.82000e+01 -7.34694e-02
  1.82200e+01 -3.96968e-02
  1.82400e+01  3.18603e-02
  1.82600e+01  1.42729e-01
  1.82800e+01  2.68146e-01
  1.83000e+01  3.59221e-01
  1.83200e+01  3.78967e-01
  1.83400e+01  3.25414e-01
  1.83600e+01  2.34138e-01
  1.83800e+01  1.60090e-01
  1.84000e+01  1.36517e-01
  1.84200e+01  1.58900e-01
  1.84400e+01  1.92765e-01
  1.84600e+01  1.86074e-01
  1.84800e+01  1.15496e-01
  1.85000e+01  1.54105e-02
  1.85200e+01 -5.08302e-02
  1.85400e+01 -3.10229e-02
  1.85600e+01  6.04844e-02
  1.85800e+01  1.34783e-01
  1.86000e+01  1.20687e-01
  1.86200e+01  1.45506e-02
  1.86400e+01 -1.37141e-01
  1.86600e+01 -2.45174e-01
  1.86800e+01 -2.49035e-01
  1.87000e+01 -1.98649e-01
  1.87200e+01 -1.83972e-01
  1.87400e+01 -2.17826e-01
  1.87600e+01 -2.56333e-01
  1.87800e+01 -2.79470e-01
  1.88000e+01 -2.93845e-01
  1.88200e+01 -3.10685e-01
  1.88400e+01 -3.32814e-01
  1.88600e+01 -3.04716e-01
  1.88800e+01 -1.48260e-01
  1.89000e+01  9.40302e-02
  1.89200e+01  2.71760e-01
  1.89400e+01  2.78647e-01
  1.89600e+01  1.09520e-01
  1.89800e+01 -1.32840e-01
  1.90000e+01 -2.88234e-01
  1.90200e+01 -2.97422e-01
  1.90400e+01 -2.21969e-01
  1.90600e+01 -1.04086e-01
  1.90800e+01  4.48345e-02
  1.91000e+01  1.77467e-01
  1.91200e+01  2.62295e-01
  1.91400e+01  3.23861e-01
  1.91600e+01  3.85386e-01
  1.91800e+01  4.37028e-01
  1.92000e+01  4.13444e-01
  1.92200e+01  2.28605e-01
  1.92400e+01 -7.21724e-02
  1.92600e+01 -3.05564e-01
  1.92800e+01 -3.17462e-01
  1.93000e+01 -1.01455e-01
  1.93200e+01  1.62421e-01
  1.93400e+01  2.73847e-01
  1.93600e+01  2.50924e-01
  1.93800e+01  2.05480e-01
  1.94000e+01  1.20902e-01
  1.94200e+01 -2.55318e-02
  1.94400e+01 -1.53183e-01
  1.94600e+01 -2.23123e-01
  1.94800e+01 -2.77817e-01
  1.95000e+01 -3.23543e-01
  1.95200e+01 -3.04186e-01
  1.95400e+01 -1.76776e-01
  1.95600e+01  5.04781e-03
  1.95800e+01  1.24196e-01
  1.96000e+01  1.42848e-01
  1.96200e+01  1.17966e-01
  1.96400e+01  8.10844e-02
  1.96600e+01  9.27231e-03
  1.96800e+01 -8.28455e-02
  1.97000e+01 -1.23170e-01
  1.97200e+01 -1.05214e-01
  1.97400e+01 -1.12195e-01
  1.97600e+01 -1.68313e-01
  1.97800e+01 -2.15722e-01
  1.98000e+01 -2.29424e-01
  1.98200e+01 -2.24312e-01
  1.98400e+01 -2.11533e-01
  1.98600e+01 -1.89688e-01
  1.98800e+01 -1.29485e-01
  1.99000e+01 -2.40056e-02
  1.99200e+01  6.21524e-02
  1.99400e+01  7.05589e-02
  1.99600e+01  2.65092e-02
  1.99800e+01  1.56104e-02
  2.00000e+01  8.87964e-02
  2.00200e+01  1.96242e-01
  2.00400e+01  2.66338e-01
  2.00600e+01  2.96513e-01
  2.00800e+01  2.99152e-01
  2.01000e+01  2.29815e-01
  2.01200e+01  5.49883e-02
  2.01400e+01 -1.31003e-01
  2.01600e+01 -1.83575e-01
  2.01800e+01 -9.80523e-02
  2.02000e+01  1.49251e-02
  2.02200e+01  8.40867e-02
  2.02400e+01  1.06286e-01
  2.02600e+01  9.29545e-02
  2.02800e+01  3.34804e-02
  2.03000e+01 -8.29306e-02
  2.03200e+01 -2.10532e-01
  2.03400e+01 -2.73242e-01
  2.03600e+01 -2.51409e-01
  2.03800e+01 -1.94363e-01
  2.04000e+01 -1.46221e-01
  2.04200e+01 -9.47914e-02
  2.04400e+01 -1.39193e-02
  2.04600e+01  9.52842e-02
  2.04800e+01  2.16205e-01
  2.05000e+01  3.12343e-01
  2.05200e+01  3.52349e-01
  2.05400e+01  3.45897e-01
  2.05600e+01  2.88309e-01
  2.05800e+01  1.53024e-01
  2.06000e+01 -1.67395e-02
  2.06200e+01 -1.28130e-01
  2.06400e+01 -1.45686e-01
  2.06600e+01 -1.00195e-01
  2.06800e+01 -4.21152e-02
  2.07000e+01 -1.60891e-02
  2.07200e+01 -3.07735e-02
  2.07400e+01 -6.01801e-02
  2.07600e+01 -8.58597e-02
  2.07800e+01 -1.01174e-01
  2.08000e+01 -9.39726e-02
  2.08200e+01 -6.34372e-02
  2.08400e+01 -2.86765e-02
  2.08600e+01 -1.04823e-02
  2.08800e+01 -2.63539e-02
  2.09000e+01 -8.51503e-02
  2.09200e+01 -1.59663e-01
  2.09400e+01 -1.90018e-01
  2.09600e+01 -1.50786e-01
  2.09800e+01 -9.08231e-02
  2.10000e+01 -6.37345e-02
  2.10200e+01 -5.69752e-02
  2.10400e+01 -3.88172e-02
  2.10600e+01 -1.52347e-02
  2.10800e+01  3.73860e-03
  2.11000e+01  3.24639e-02
  2.11200e+01  8.37078e-02
  2.11400e+01  1.47192e-01
  2.11600e+01  1.93352e-01
  2.11800e+01  1.98948e-01
  2.12000e+01  1.74089e-01
  2.12200e+01  1.45641e-01
  2.12400e+01  1.13882e-01
  2.12600e+01  6.82158e-02
  2.12800e+01  4.12522e-02
  2.13000e+01  6.94469e-02
  2.13200e+01  1.21587e-01
  2.13400e+01  1.44712e-01
  2.13600e+01  1.20118e-01
  2.13800e+01  4.43179e-02
  2.14000e+01 -5.59741e-02
  2.14200e+01 -1.15891e-01
  2.14400e+01 -1.11671e-01
  2.14600e+01 -8.39351e-02
  2.14800e+01 -5.09811e-02
  2.15000e+01  9.62526e-03
  2.15200e+01  9.01377e-02
  2.15400e+01  1.59087e-01
  2.15600e+01  2.13928e-01
  2.15800e+01  2.54973e-01
  2.16000e+01  2.63105e-01
  2.16200e+01  2.38743e-01
  2.16400e+01  1.96999e-01
  2.16600e+01  1.44013e-01
  2.16800e+01  1.12867e-01
  2.17000e+01  1.44579e-01
  2.17200e+01  2.06513e-01
  2.17400e+01  2.21478e-01
  2.17600e+01  1.55914e-01
  2.17800e+01  2.72346e-02
  2.18000e+01 -1.21265e-01
  2.18200e+01 -2.32754e-01
  2.18400e+01 -2.52270e-01
  2.18600e+01 -1.69868e-01
  2.18800e+01 -6.81021e-02
  2.19000e+01 -4.27247e-02
  2.19200e+01 -7.26970e-02
  2.19400e+01 -8.37941e-02
  2.19600e+01 -8.03325e-02
  2.19800e+01 -1.03096e-01
  2.20000e+01 -1.42249e-01
  2.20200e+01 -1.60725e-01
  2.20400e+01 -1.60052e-01
  2.20600e+01 -1.74695e-01
  2.20800e+01 -1.74814e-01
  2.21000e+01 -7.63637e-02
  2.21200e+01  7.89975e-02
  2.21400e+01  1.20145e-01
  2.21600e+01 -1.75330e-02
  2.21800e+01 -2.08582e-01
  2.22000e+01 -3.11198e-01
  2.22200e+01 -3.06631e-01
  2.22400e+01 -2.38932e-01
  2.22600e+01 -1.35791e-01
  2.22800e+01 -3.87355e-02
  2.23000e+01 -2.52882e-03
  2.23200e+01 -4.22439e-02
  2.23400e+01 -1.17117e-01
  2.23600e+01 -1.58450e-01
  2.23800e+01 -1.34831e-01
  2.24000e+01 -6.44797e-02
  2.24200e+01  2.82707e-02
  2.24400e+01  1.06643e-01
  2.24600e+01  1.37315e-01
  2.24800e+01  1.37683e-01
  2.25000e+01  1.43045e-01
  2.25200e+01  1.56104e-01
  2.25400e+01  1.47578e-01
  2.25600e+01  9.78710e-02
  2.25800e+01  4.38642e-02
  2.26000e+01  2.52338e-02
  2.26200e+01  1.33806e-02
  2.26400e+01 -1.65745e-02
  2.26600e+01 -3.01976e-02
  2.26800e+01 -1.23517e-02
  2.27000e+01 -2.32121e-03
  2.27200e+01 -3.01042e-02
  2.27400e+01 -7.86370e-02
  2.27600e+01 -1.12276e-01
  2.27800e+01 -1.15210e-01
  2.28000e+01 -9.48908e-02
  2.28200e+01 -6.10932e-02
  2.28400e+01 -1.07184e-02
  2.28600e+01  5.49202e-02
  2.28800e+01  1.04015e-01
  2.29000e+01  9.97799e-02
  2.29200e+01  2.93482e-02
  2.29400e+01 -1.03688e-01
  2.29600e+01 -2.48658e-01
  2.29800e+01 -3.02039e-01
  2.30000e+01 -2.25298e-01
  2.30200e+01 -1.13773e-01
  2.30400e+01 -7.52221e-02
  2.30600e+01 -1.00635e-01
  2.30800e+01 -9.76082e-02
  2.31000e+01 -1.42783e-02
  2.31200e+01  9.83091e-02
  2.31400e+01  1.59001e-01
  2.31600e+01  1.51828e-01
  2.31800e+01  1.14516e-01
  2.32000e+01  9.07428e-02
  2.32200e+01  1.02492e-01
  2.32400e+01  1.25201e-01
  2.32600e+01  1.16915e-01
  2.32800e+01  8.52769e-02
  2.33000e+01  8.37850e-02
  2.33200e+01  1.27551e-01
  2.33400e+01  1.66915e-01
  2.33600e+01  1.72208e-01
  2.33800e+01  1.62170e-01
  2.34000e+01  1.42660e-01
  2.34200e+01  1.13282e-01
  2.34400e+01  9.59688e-02
  2.34600e+01  9.53308e-02
  2.34800e+01  8.78946e-02
  2.35000e+01  5.96423e-02
  2.35200e+01  2.49475e-02
  2.35400e+01  2.11651e-02
  2.35600e+01  7.05567e-02
  2.35800e+01  1.45656e-01
  2.36000e+01  1.94121e-01
  2.36200e+01  1.81942e-01
  2.36400e+01  1.14929e-01
  2.36600e+01  3.32710e-02
  2.36800e+01 -3.16942e-02
  2.37000e+01 -8.40556e-02
  2.37200e+01 -1.30551e-01
  2.37400e+01 -1.51501e-01
  2.37600e+01 -1.21262e-01
  2.37800e+01 -4.50090e-02
  2.38000e+01  2.90407e-02
  2.38200e+01  4.04094e-02
  2.38400e+01 -2.68213e-02
  2.38600e+01 -1.22407e-01
  2.38800e+01 -1.74709e-01
  2.39000e+01 -1.51155e-01
  2.39200e+01 -8.19169e-02
  2.39400e+01 -2.47601e-02
  2.39600e+01  1.54736e-03
  2.39800e+01  9.39450e-03
  2.40000e+01 -1.14240e-02
  2.40200e+01 -5.76556e-02
  2.40400e+01 -8.38957e-02
  2.40600e+01 -7.35681e-02
  2.40800e+01 -6.02631e-02
  2.41000e+01 -7.47273e-02
  2.41200e+01 -1.10607e-01
  2.41400e+01 -1.13922e-01
  2.41600e+01 -3.71487e-02
  2.41800e+01  7.85824e-02
  2.42000e+01  1.39933e-01
  2.42200e+01  1.15419e-01
  2.42400e+01  6.13322e-02
  2.42600e+01  3.58002e-02
  2.42800e+01  3.15497e-02
  2.43000e+01  2.26967e-02
  2.43200e+01  2.00045e-02
  2.43400e+01  3.66121e-02
  2.43600e+01  6.23370e-02
  2.43800e+01  8.52849e-02
  2.44000e+01  9.33108e-02
  2.44200e+01  7.78567e-02
  2.44400e+01  5.19344e-02
  2.44600e+01  3.31232e-02
  2.44800e+01  1.41970e-02
  2.45000e+01 -2.91806e-02
  2.45200e+01 -1.02155e-01
  2.45400e+01 -1.67629e-01
  2.45600e+01 -1.79954e-01
  2.45800e+01 -1.46997e-01
  2.46000e+01 -1.16984e-01
  2.46200e+01 -1.07862e-01
  2.46400e+01 -1.02762e-01
  2.46600e+01 -8.39133e-02
  2.46800e+01 -3.88274e-02
  2.47000e+01  1.79078e-02
  2.47200e+01  3.88860e-02
  2.47400e+01  8.29829e-04
  2.47600e+01 -5.66525e-02
  2.47800e+01 -6.93557e-02
  2.48000e+01 -1.28038e-02
  2.48200e+01  8.16670e-02
  2.48400e+01  1.61321e-01
  2.48600e+01  1.91663e-01
  2.48800e+01  1.72546e-01
  2.49000e+01  1.24449e-01
  2.49200e+01  6.95528e-02
  2.49400e+01  1.83930e-02
  2.49600e+01 -3.56898e-02
  2.49800e+01 -9.99816e-02
  2.50000e+01 -1.68454e-01
  2.50200e+01 -2.17476e-01
  2.50400e+01 -2.10846e-01
  2.50600e+01 -1.38400e-01
  2.50800e+01 -4.16324e-02
  2.51000e+01  1.73316e-02
  2.51200e+01  6.89335e-03
  2.51400e+01 -5.10067e-02
  2.51600e+01 -1.06958e-01
  2.51800e+01 -1.21080e-01
  2.52000e+01 -8.59645e-02
  2.52200e+01 -4.24733e-02
  2.52400e+01 -3.81542e-02
  2.52600e+01 -5.73523e-02
  2.52800e+01 -5.01132e-02
  2.53000e+01 -1.89915e-02
  2.53200e+01 -5.64701e-03
  2.53400e+01 -3.38315e-03
  2.53600e+01  3.60157e-02
  2.53800e+01  1.09937e-01
  2.54000e+01  1.61369e-01
  2.54200e+01  1.66009e-01
  2.54400e+01  1.56763e-01
  2.54600e+01  1.67022e-01
  2.54800e+01  1.89018e-01
  2.55000e+01  1.88039e-01
  2.55200e+01  1.45698e-01
  2.55400e+01  8.60464e-02
  2.55600e+01  5.14170e-02
  2.55800e+01  5.43469e-02
  2.56000e+01  7.14400e-02
  2.56200e+01  7.80351e-02
  2.56400e+01  7.50268e-02
  2.56600e+01  8.89059e-02
  2.56800e+01  1.34887e-01
  2.57000e+01  1.87123e-01
  2.57200e+01  2.03669e-01
  2.57400e+01  1.54430e-01
  2.57600e+01  4.15915e-02
  2.57800e+01 -7.81242e-02
  2.58000e+01 -1.31678e-01
  2.58200e+01 -9.42610e-02
  2.58400e+01 -2.74068e-03
  2.58600e+01  7.33391e-02
  2.58800e+01  8.73100e-02
  2.59000e+01  5.19779e-02
  2.59200e+01  5.37990e-03
  2.59400e+01 -4.07980e-02
  2.59600e+01 -9.31770e-02
  2.59800e+01 -1.41003e-01
  2.60000e+01 -1.60254e-01
  2.60200e+01 -1.40060e-01
  2.60400e+01 -9.80786e-02
  2.60600e+01 -7.56354e-02
  2.60800e+01 -9.12266e-02
  2.61000e+01 -1.07124e-01
  2.61200e+01 -8.91902e-02
  2.61400e+01 -7.14251e-02
  2.61600e+01 -1.01632e-01
  2.61800e+01 -1.57495e-01
  2.62000e+01 -1.71700e-01
  2.62200e+01 -1.21822e-01
  2.62400e+01 -5.85974e-02
  2.62600e+01 -3.44616e-02
  2.62800e+01 -4.09407e-02
  2.63000e+01 -4.46250e-02
  2.63200e+01 -3.22621e-02
  2.63400e+01 -8.89400e-03
  2.63600e+01  9.88204e-03
  2.63800e+01  1.70528e-02
  2.64000e+01  1.09498e-02
  2.64200e+01 -2.83971e-02
  2.64400e+01 -9.36314e-02
  2.64600e+01 -1.20399e-01
  2.64800e+01 -8.07424e-02
  2.65000e+01 -2.96930e-02
  2.65200e+01 -8.03290e-03
  2.65400e+01  6.67268e-03
  2.65600e+01  3.27361e-02
  2.65800e+01  4.43739e-02
  2.66000e+01  1.59253e-02
  2.66200e+01 -1.75056e-02
  2.66400e+01  6.20764e-03
  2.66600e+01  7.40479e-02
  2.66800e+01  1.20882e-01
  2.67000e+01  1.31995e-01
  2.67200e+01  1.17018e-01
  2.67400e+01  5.96249e-02
  2.67600e+01 -2.39339e-02
  2.67800e+01 -6.81969e-02
  2.68000e+01 -3.14368e-02
  2.68200e+01  6.85731e-02
  2.68400e+01  1.75387e-01
  2.68600e+01  2.35627e-01
  2.68800e+01  2.28573e-01
  2.69000e+01  1.66179e-01
  2.69200e+01  9.27284e-02
  2.69400e+01  5.35550e-02
  2.69600e+01  5.01768e-02
  2.69800e+01  5.86869e-02
  2.70000e+01  5.41180e-02
  2.70200e+01  2.03868e-02
  2.70400e+01 -2.49927e-02
  2.70600e+01 -5.20538e-02
  2.70800e+01 -5.31223e-02
  2.71000e+01 -3.64102e-02
  2.71200e+01 -1.89372e-02
  2.71400e+01 -1.81570e-02
  2.71600e+01 -3.75382e-02
  2.71800e+01 -6.49868e-02
  2.72000e+01 -8.50072e-02
  2.72200e+01 -9.34860e-02
  2.72400e+01 -8.97368e-02
  2.72600e+01 -7.20466e-02
  2.72800e+01 -5.61619e-02
  2.73000e+01 -6.08861e-02
  2.73200e+01 -7.22710e-02
  2.73400e+01 -5.44856e-02
  2.73600e+01  4.45709e-03
  2.73800e+01  6.78421e-02
  2.74000e+01  8.34634e-02
  2.74200e+01  5.40953e-02
  2.74400e+01  4.39689e-02
  2.74600e+01  8.91107e-02
  2.74800e+01  1.42761e-01
  2.75000e+01  1.38119e-01
  2.75200e+01  6.90055e-02
  2.75400e+01 -1.58166e-02
  2.75600e+01 -7.96557e-02
  2.75800e+01 -1.26881e-01
  2.76000e+01 -1.59653e-01
  2.76200e+01 -1.56938e-01
  2.76400e+01 -1.20054e-01
  2.76600e+01 -9.28437e-02
  2.76800e+01 -1.16198e-01
  2.77000e+01 -1.71063e-01
  2.77200e+01 -1.84739e-01
  2.77400e+01 -1.22409e-01
  2.77600e+01 -3.34332e-02
  2.77800e+01  2.51967e-02
  2.78000e+01  5.41269e-02
  2.78200e+01  7.95583e-02
  2.78400e+01  9.16779e-02
  2.78600e+01  5.16886e-02
  2.78800e+01 -2.61584e-02
  2.79000e+01 -6.51264e-02
  2.79200e+01 -3.30612e-02
  2.79400e+01  2.75165e-02
  2.79600e+01  8.84255e-02
  2.79800e+01  1.54660e-01
  2.80000e+01  2.10357e-01
  2.80200e+01  2.22105e-01
  2.80400e+01  1.69865e-01
  2.80600e+01  7.25455e-02
  2.80800e+01 -4.78220e-03
  2.81000e+01 -2.05877e-02
  2.81200e+01 -4.21740e-03
  2.81400e+01  8.93724e-03
  2.81600e+01  2.19234e-02
  2.81800e+01  3.63115e-02
  2.82000e+01  2.84384e-02
  2.82200e+01 -1.57482e-02
  2.82400e+01 -6.50059e-02
  2.82600e+01 -6.64338e-02
  2.82800e+01 -7.02268e-03
  2.83000e+01  6.62723e-02
  2.83200e+01  8.55687e-02
  2.83400e+01  2.71510e-02
  2.83600e+01 -5.27847e-02
  2.83800e+01 -8.40583e-02
  2.84000e+01 -7.01195e-02
  2.84200e+01 -6.33400e-02
  2.84400e+01 -9.11391e-02
  2.84600e+01 -1.28004e-01
  2.84800e+01 -1.30257e-01
  2.85000e+01 -1.01254e-01
  2.85200e+01 -8.05595e-02
  2.85400e+01 -8.29377e-02
  2.85600e+01 -1.00462e-01
  2.85800e+01 -1.18726e-01
  2.86000e+01 -1.11239e-01
  2.86200e+01 -6.83883e-02
  2.86400e+01 -2.18735e-02
  2.86600e+01 -1.68461e-03
  2.86800e+01  8.53540e-03
  2.87000e+01  3.61111e-02
  2.87200e+01  7.30227e-02
  2.87400e+01  9.89680e-02
  2.87600e+01  1.09345e-01
  2.87800e+01  1.08924e-01
  2.88000e+01  1.01992e-01
  2.88200e+01  7.45445e-02
  2.88400e+01  1.48056e-02
  2.88600e+01 -3.34557e-02
  2.88800e+01 -2.03418e-02
  2.89000e+01  2.98439e-02
  2.89200e+01  6.88846e-02
  2.89400e+01  7.64200e-02
  2.89600e+01  3.71715e-02
  2.89800e+01 -3.12584e-02
  2.90000e+01 -5.95836e-02
  2.90200e+01 -9.86708e-03
  2.90400e+01  6.90124e-02
  2.90600e+01  1.10558e-01
  2.90800e+01  1.15431e-01
  2.91000e+01  1.22362e-01
  2.91200e+01  1.34274e-01
  2.91400e+01  1.26500e-01
  2.91600e+01  9.24844e-02
  2.91800e+01  4.67379e-02
  2.92000e+01  8.44576e-04
  2.92200e+01 -4.42483e-02
  2.92400e+01 -7.78493e-02
  2.92600e+01 -7.48105e-02
  2.92800e+01 -2.93671e-02
  2.93000e+01  2.59721e-02
  2.93200e+01  5.37236e-02
  2.93400e+01  5.22669e-02
  2.93600e+01  4.22539e-02
  2.93800e+01  2.60778e-02
  2.94000e+01 -5.84129e-03
  2.94200e+01 -4.36922e-02
  2.94400e+01 -6.77678e-02
  2.94600e+01 -7.47970e-02
  2.94800e+01 -7.50155e-02
  2.95000e+01 -7.64559e-02
  2.95200e+01 -7.75551e-02
  2.95400e+01 -7.57718e-02
  2.95600e+01 -7.91108e-02
  2.95800e+01 -8.95127e-02
  2.96000e+01 -9.01911e-02
  2.96200e+01 -6.90146e-02
  2.96400e+01 -3.41618e-02
  2.96600e+01 -1.72903e-03
  2.96800e+01  2.35056e-02
  2.97000e+01  4.98633e-02
  2.97200e+01  7.22379e-02
  2.97400e+01  6.60976e-02
  2.97600e+01  2.74414e-02
  2.97800e+01 -1.20495e-02
  2.98000e+01 -2.62141e-02
  2.98200e+01 -2.30549e-02
  2.98400e+01 -2.18687e-02
  2.98600e+01 -2.41802e-02
  2.98800e+01 -1.82681e-02
  2.99000e+01 -5.03396e-04
  2.99200e+01  1.37483e-02
  2.99400e+01  1.87362e-03
  2.99600e+01 -3.33303e-02
  2.99800e+01 -5.55116e-02
  3.00000e+01 -3.75032e-02
  3.00200e+01  7.98785e-03
  3.00400e+01  4.91233e-02
  3.00600e+01  6.59574e-02
  3.00800e+01  5.98455e-02
  3.01000e+01  4.52104e-02
  3.01200e+01  3.56188e-02
  3.01400e+01  3.19164e-02
  3.01600e+01  2.59839e-02
  3.01800e+01  1.65857e-02
  3.02000e+01  5.74034e-03
  3.02200e+01 -7.63080e-03
  3.02400e+01 -1.41358e-02
  3.02600e+01 -3.78997e-03
  3.02800e+01  5.77686e-03
  3.03000e+01 -1.75819e-02
  3.03200e+01 -7.60475e-02
  3.03400e+01 -1.27002e-01
  3.03600e+01 -1.28090e-01
  3.03800e+01 -8.71960e-02
  3.04000e+01 -3.78550e-02
  3.04200e+01  7.86777e-03
  3.04400e+01  4.33944e-02
  3.04600e+01  5.02962e-02
  3.04800e+01  3.20714e-02
  3.05000e+01  2.78812e-02
  3.05200e+01  6.81607e-02
  3.05400e+01  1.28403e-01
  3.05600e+01  1.54098e-01
  3.05800e+01  1.33391e-01
  3.06000e+01  1.04386e-01
  3.06200e+01  9.59830e-02
  3.06400e+01  1.01609e-01
  3.06600e+01  1.00709e-01
  3.06800e+01  8.62112e-02
  3.07000e+01  6.62515e-02
  3.07200e+01  4.42289e-02
  3.07400e+01  2.01082e-02
  3.07600e+01 -4.73041e-04
  3.07800e+01 -1.69790e-02
  3.08000e+01 -3.25475e-02
  3.08200e+01 -4.38395e-02
  3.08400e+01 -4.78583e-02
  3.08600e+01 -4.79676e-02
  3.08800e+01 -4.77345e-02
  3.09000e+01 -4.35066e-02
  3.09200e+01 -3.01139e-02
  3.09400e+01 -1.03911e-02
  3.09600e+01  1.31615e-02
  3.09800e+01  3.79013e-02
  3.10000e+01  4.46633e-02
  3.10200e+01  1.85191e-02
  3.10400e+01 -1.96757e-02
  3.10600e+01 -4.54764e-02
  3.10800e+01 -6.91132e-02
  3.11000e+01 -9.77298e-02
  3.11200e+01 -1.05013e-01
  3.11400e+01 -8.07075e-02
  3.11600e+01 -5.37147e-02
  3.11800e+01 -4.41884e-02
  3.12000e+01 -4.76142e-02
  3.12200e+01 -5.17555e-02
  3.12400e+01 -3.62863e-02
  3.12600e+01  5.34018e-03
  3.12800e+01  4.54078e-02
  3.13000e+01  5.73924e-02
  3.13200e+01  4.79399e-02
  3.13400e+01  4.14783e-02
  3.13600e+01  5.45906e-02
  3.13800e+01  7.93338e-02
  3.14000e+01  8.72774e-02
  3.14200e+01  6.33560e-02
  3.14400e+01  2.29830e-02
  3.14600e+01 -1.20010e-02
  3.14800e+01 -3.30954e-02
  3.15000e+01 -4.27471e-02
  3.15200e+01 -4.77436e-02
  3.15400e+01 -5.51012e-02
  3.15600e+01 -7.06616e-02
  3.15800e+01 -9.22562e-02
  3.16000e+01 -1.09015e-01
  3.16200e+01 -1.16958e-01
  3.16400e+01 -1.19513e-01
  3.16600e+01 -1.18050e-01
  3.16800e+01 -1.17692e-01
  3.17000e+01 -1.22217e-01
  3.17200e+01 -1.25561e-01
  3.17400e+01 -1.24930e-01
  3.17600e+01 -1.21631e-01
  3.17800e+01 -1.13121e-01
  3.18000e+01 -1.04643e-01
  3.18200e+01 -1.08329e-01
  3.18400e+01 -1.22452e-01
  3.18600e+01 -1.26443e-01
  3.18800e+01 -1.00585e-01
  3.19000e+01 -5.18764e-02
  3.19200e+01 -7.72973e-03
  3.19400e+01  1.93975e-02
  3.19600e+01  3.83555e-02
  3.19800e+01  5.37351e-02
  3.20000e+01  5.76959e-02
  3.20200e+01  5.09336e-02
  3.20400e+01  4.73781e-02
  3.20600e+01  4.51310e-02
  3.20800e+01  3.11255e-02
  3.21000e+01  1.66912e-02
  3.21200e+01  2.30334e-02
  3.21400e+01  4.81102e-02
  3.21600e+01  7.81138e-02
  3.21800e+01  1.14002e-01
  3.22000e+01  1.61847e-01
  3.22200e+01  1.98681e-01
  3.22400e+01  1.87334e-01
  3.22600e+01  1.30381e-01
  3.22800e+01  6.79077e-02
  3.23000e+01  2.78765e-02
  3.23200e+01  8.52482e-03
  3.23400e+01 -2.38114e-03
  3.23600e+01 -1.34683e-02
  3.23800e+01 -2.88273e-02
  3.24000e+01 -4.85391e-02
  3.24200e+01 -6.80572e-02
  3.24400e+01 -6.86297e-02
  3.24600e+01 -2.53733e-02
  3.24800e+01  4.73227e-02
  3.25000e+01  9.45981e-02
  3.25200e+01  9.16586e-02
  3.25400e+01  7.03717e-02
  3.25600e+01  6.77997e-02
  3.25800e+01  8.89972e-02
  3.26000e+01  1.16621e-01
  3.26200e+01  1.31901e-01
  3.26400e+01  1.24253e-01
  3.26600e+01  9.20521e-02
  3.26800e+01  5.48849e-02
  3.27000e+01  5.08301e-02
  3.27200e+01  8.59767e-02
  3.27400e+01  1.19552e-01
  3.27600e+01  1.28838e-01
  3.27800e+01  1.31004e-01
  3.28000e+01  1.29110e-01
  3.28200e+01  1.06109e-01
  3.28400e+01  6.75217e-02
  3.28600e+01  3.55716e-02
  3.28800e+01  1.59494e-02
  3.29000e+01 -1.87517e-03
  3.29200e+01 -2.32675e-02
  3.29400e+01 -3.76460e-02
  3.29600e+01 -2.83672e-02
  3.29800e+01  6.22182e-03
  3.30000e+01  4.30875e-02
  3.30200e+01  5.52803e-02
  3.30400e+01  4.09806e-02
  3.30600e+01  1.67875e-02
  3.30800e+01 -7.33479e-03
  3.31000e+01 -2.74655e-02
  3.31200e+01 -3.55270e-02
  3.31400e+01 -3.04382e-02
  3.31600e+01 -2.65559e-02
  3.31800e+01 -3.50682e-02
  3.32000e+01 -5.24344e-02
  3.32200e+01 -7.08133e-02
  3.32400e+01 -8.37425e-02
  3.32600e+01 -8.99797e-02
  3.32800e+01 -9.60950e-02
  3.33000e+01 -1.06242e-01
  3.33200e+01 -1.17704e-01
  3.33400e+01 -1.24897e-01
  3.33600e+01 -1.19546e-01
  3.33800e+01 -9.87318e-02
  3.34000e+01 -7.42357e-02
  3.34200e+01 -5.98448e-02
  3.34400e+01 -5.36942e-02
  3.34600e+01 -4.86452e-02
  3.34800e+01 -4.82440e-02
  3.35000e+01 -5.29847e-02
  3.35200e+01 -5.20933e-02
  3.35400e+01 -4.20251e-02
  3.35600e+01 -2.62021e-02
  3.35800e+01 -2.45670e-03
  3.36000e+01  2.52586e-02
  3.36200e+01  4.12830e-02
  3.36400e+01  3.72736e-02
  3.36600e+01  2.18684e-02
  3.36800e+01  6.51278e-03
  3.37000e+01 -8.33112e-03
  3.37200e+01 -2.20682e-02
  3.37400e+01 -2.65995e-02
  3.37600e+01 -2.86951e-02
  3.37800e+01 -4.73362e-02
  3.38000e+01 -7.62210e-02
  3.38200e+01 -8.65661e-02
  3.38400e+01 -6.76370e-02
  3.38600e+01 -3.70774e-02
  3.38800e+01 -1.40369e-02
  3.39000e+01 -1.68140e-04
  3.39200e+01  8.21811e-03
  3.39400e+01  6.73674e-03
  3.39600e+01 -4.89399e-03
  3.39800e+01 -1.29769e-02
  3.40000e+01 -5.90942e-03
  3.40200e+01  9.62094e-03
  3.40400e+01  1.59404e-02
  3.40600e+01  7.56753e-03
  3.40800e+01  5.21663e-03
  3.41000e+01  3.09479e-02
  3.41200e+01  7.15198e-02
  3.41400e+01  9.41283e-02
  3.41600e+01  8.93011e-02
  3.41800e+01  7.65230e-02
  3.42000e+01  7.82219e-02
  3.42200e+01  9.11797e-02
  3.42400e+01  8.92962e-02
  3.42600e+01  6.66130e-02
  3.42800e+01  4.68780e-02
  3.43000e+01  3.73200e-02
  3.43200e+01  1.77114e-02
  3.43400e+01 -1.93351e-02
  3.43600e+01 -5.45462e-02
  3.43800e+01 -6.87277e-02
  3.44000e+01 -6.47188e-02
  3.44200e+01 -5.88048e-02
  3.44400e+01 -5.84728e-02
  3.44600e+01 -5.73991e-02
  3.44800e+01 -4.67133e-02
  3.45000e+01 -2.76818e-02
  3.45200e+01 -1.39236e-02
  3.45400e+01 -1.71523e-02
  3.45600e+01 -3.70494e-02
  3.45800e+01 -6.43859e-02
  3.46000e+01 -8.54797e-02
  3.46200e+01 -9.25332e-02
  3.46400e+01 -9.02798e-02
  3.46600e+01 -8.59384e-02
  3.46800e+01 -8.28028e-02
  3.47000e+01 -8.06254e-02
  3.47200e+01 -7.49319e-02
  3.47400e+01 -6.23168e-02
  3.47600e+01 -3.97115e-02
  3.47800e+01 -3.50456e-03
  3.48000e+01  3.76252e-02
  3.48200e+01  6.80845e-02
  3.48400e+01  8.53803e-02
  3.48600e+01  9.07922e-02
  3.48800e+01  7.48990e-02
  3.49000e+01  3.88753e-02
  3.49200e+01  8.51163e-03
  3.49400e+01  3.99979e-03
  3.49600e+01  1.88306e-02
  3.49800e+01  3.67554e-02
  3.50000e+01  4.95622e-02
  3.50200e+01  5.96450e-02
  3.50400e+01  7.00496e-02
  3.50600e+01  7.67910e-02
  3.50800e+01  7.77631e-02
  3.51000e+01  7.61306e-02
  3.51200e+01  7.38303e-02
  3.51400e+01  7.06985e-02
  3.51600e+01  6.56294e-02
  3.51800e+01  5.90953e-02
  3.52000e+01  4.99184e-02
  3.52200e+01  2.95125e-02
  3.52400e+01 -3.06331e-03
  3.52600e+01 -2.94319e-02
  3.52800e+01 -3.51863e-02
  3.53000e+01 -2.84654e-02
  3.53200e+01 -2.40731e-02
  3.53400e+01 -2.42684e-02
  3.53600e+01 -2.12572e-02
  3.53800e+01 -1.53817e-02
  3.54000e+01 -1.80429e-02
  3.54200e+01 -2.80022e-02
  3.54400e+01 -2.53235e-02
  3.54600e+01  2.54953e-03
  3.54800e+01  4.27160e-02
  3.55000e+01  6.58577e-02
  3.55200e+01  5.30298e-02
  3.55400e+01  1.53788e-02
  3.55600e+01 -1.82376e-02
  3.55800e+01 -3.08673e-02
  3.56000e+01 -2.48033e-02
  3.56200e+01 -4.89673e-03
  3.56400e+01  2.58219e-02
  3.56600e+01  5.63660e-02
  3.56800e+01  7.09214e-02
  3.57000e+01  6.31754e-02
  3.57200e+01  4.51026e-02
  3.57400e+01  3.27605e-02
  3.57600e+01  2.53925e-02
  3.57800e+01  1.68930e-02
  3.58000e+01  9.76125e-03
  3.58200e+01  5.26841e-03
  3.58400e+01  1.77385e-03
  3.58600e+01 -4.79507e-03
  3.58800e+01 -2.36116e-02
  3.59000e+01 -5.30621e-02
  3.59200e+01 -7.22513e-02
  3.59400e+01 -6.54120e-02
  3.59600e+01 -4.10612e-02
  3.59800e+01 -1.64972e-02
  3.60000e+01 -8.97974e-04
  3.60200e+01  4.01595e-03
  3.60400e+01  3.16244e-04
  3.60600e+01 -9.88204e-03
  3.60800e+01 -1.94202e-02
  3.61000e+01 -1.79275e-02
  3.61200e+01 -1.23960e-02
  3.61400e+01 -1.81800e-02
  3.61600e+01 -2.89131e-02
  3.61800e+01 -2.60374e-02
  3.62000e+01 -9.36163e-03
  3.62200e+01 -7.28186e-04
  3.62400e+01 -1.73543e-02
  3.62600e+01 -4.70872e-02
  3.62800e+01 -6.22870e-02
  3.63000e+01 -5.41805e-02
  3.63200e+01 -3.83947e-02
  3.63400e+01 -2.91599e-02
  3.63600e+01 -2.17396e-02
  3.63800e+01 -9.89296e-03
  3.64000e+01 -6.99569e-03
  3.64200e+01 -2.65138e-02
  3.64400e+01 -5.24741e-02
  3.64600e+01 -5.63677e-02
  3.64800e+01 -3.97421e-02
  3.65000e+01 -2.88706e-02
  3.65200e+01 -2.99858e-02
  3.65400e+01 -3.01479e-02
  3.65600e+01 -2.62753e-02
  3.65800e+01 -1.77303e-02
  3.66000e+01  2.33558e-03
  3.66200e+01  3.05920e-02
  3.66400e+01  4.55075e-02
  3.66600e+01  2.95457e-02
  3.66800e+01 -1.39313e-05
  3.67000e+01 -9.38948e-03
  3.67200e+01  5.52260e-03
  3.67400e+01  2.43798e-02
  3.67600e+01  3.61512e-02
  3.67800e+01  4.27845e-02
  3.68000e+01  4.44812e-02
  3.68200e+01  3.85346e-02
  3.68400e+01  3.18227e-02
  3.68600e+01  3.56455e-02
  3.68800e+01  4.70173e-02
  3.69000e+01  5.42924e-02
  3.69200e+01  5.17083e-02
  3.69400e+01  3.82021e-02
  3.69600e+01  1.55492e-02
  3.69800e+01 -8.53036e-03
  3.70000e+01 -2.14444e-02
  3.70200e+01 -2.03413e-02
  3.70400e+01 -1.90002e-02
  3.70600e+01 -2.42106e-02
  3.70800e+01 -2.80310e-02
  3.71000e+01 -2.65842e-02
  3.71200e+01 -1.97328e-02
  3.71400e+01 -8.94655e-03
  3.71600e+01  1.85037e-03
  3.71800e+01  1.81390e-02
  3.72000e+01  4.34526e-02
  3.72200e+01  6.46640e-02
  3.72400e+01  7.02288e-02
  3.72600e+01  6.13869e-02
  3.72800e+01  4.53914e-02
  3.73000e+01  2.84547e-02
  3.73200e+01  9.50047e-03
  3.73400e+01 -1.11288e-02
  3.73600e+01 -2.30540e-02
  3.73800e+01 -1.89208e-02
  3.74000e+01 -4.72141e-03
  3.74200e+01  5.68419e-03
  3.74400e+01 -4.30946e-04
  3.74600e+01 -2.53730e-02
  3.74800e+01 -5.55101e-02
  3.75000e+01 -6.87082e-02
  3.75200e+01 -5.30698e-02
  3.75400e+01 -2.06652e-02
  3.75600e+01  2.91941e-03
  3.75800e+01  8.08775e-03
  3.76000e+01  9.86254e-03
  3.76200e+01  1.91296e-02
  3.76400e+01  2.56754e-02
  3.76600e+01  2.29173e-02
  3.76800e+01  2.24117e-02
  3.77000e+01  2.94405e-02
  3.77200e+01  2.75809e-02
  3.77400e+01 -1.71411e-03
  3.77600e+01 -4.89950e-02
  3.77800e+01 -7.69346e-02
  3.78000e+01 -6.44843e-02
  3.78200e+01 -3.16983e-02
  3.78400e+01 -4.82223e-03
  3.78600e+01  1.35792e-02
  3.78800e+01  2.67576e-02
  3.79000e+01  2.69629e-02
  3.79200e+01  1.06824e-02
  3.79400e+01 -9.60831e-03
  3.79600e+01 -1.88557e-02
  3.79800e+01 -1.87871e-02
  3.80000e+01 -2.03858e-02
  3.80200e+01 -1.58455e-02
  3.80400e+01  6.21511e-03
  3.80600e+01  2.84010e-02
  3.80800e+01  3.23503e-02
  3.81000e+01  2.59069e-02
  3.81200e+01  1.98905e-02
  3.81400e+01  1.63075e-02
  3.81600e+01  1.76148e-02
  3.81800e+01  2.19651e-02
  3.82000e+01  2.09469e-02
  3.82200e+01  1.62585e-02
  3.82400e+01  1.79565e-02
  3.82600e+01  2.00127e-02
  3.82800e+01  7.79960e-03
  3.83000e+01 -1.36625e-02
  3.83200e+01 -2.53620e-02
  3.83400e+01 -1.86240e-02
  3.83600e+01  4.47177e-04
  3.83800e+01  1.99080e-02
  3.84000e+01  3.13062e-02
  3.84200e+01  3.94761e-02
  3.84400e+01  5.53132e-02
  3.84600e+01  7.59792e-02
  3.84800e+01  8.82860e-02
  3.85000e+01  8.69526e-02
  3.85200e+01  7.51635e-02
  3.85400e+01  5.46433e-02
  3.85600e+01  2.82924e-02
  3.85800e+01  1.94935e-03
  3.86000e+01 -2.18437e-02
  3.86200e+01 -3.38384e-02
  3.86400e+01 -2.26077e-02
  3.86600e+01  1.32122e-03
  3.86800e+01  2.12300e-02
  3.87000e+01  3.05913e-02
  3.87200e+01  2.12679e-02
  3.87400e+01 -4.78850e-03
  3.87600e+01 -3.23988e-02
  3.87800e+01 -5.39998e-02
  3.88000e+01 -6.48461e-02
  3.88200e+01 -5.49162e-02
  3.88400e+01 -2.29617e-02
  3.88600e+01  1.44625e-02
  3.88800e+01  3.62699e-02
  3.89000e+01  4.01260e-02
  3.89200e+01  3.96621e-02
  3.89400e+01  4.02109e-02
  3.89600e+01  3.91465e-02
  3.89800e+01  3.74461e-02
  3.90000e+01  3.30107e-02
  3.90200e+01  2.24582e-02
  3.90400e+01  9.66226e-03
  3.90600e+01 -3.94176e-03
  3.90800e+01 -2.03148e-02
  3.91000e+01 -3.34794e-02
  3.91200e+01 -3.82319e-02
  3.91400e+01 -4.17132e-02
  3.91600e+01 -5.27708e-02
  3.91800e+01 -6.79233e-02
  3.92000e+01 -7.77588e-02
  3.92200e+01 -8.20131e-02
  3.92400e+01 -8.65248e-02
  3.92600e+01 -9.11737e-02
  3.92800e+01 -8.74222e-02
  3.93000e+01 -6.72505e-02
  3.93200e+01 -3.87501e-02
  3.93400e+01 -2.18710e-02
  3.93600e+01 -2.62239e-02
  3.93800e+01 -4.78050e-02
  3.94000e+01 -7.50215e-02
  3.94200e+01 -9.16175e-02
  3.94400e+01 -9.14309e-02
  3.94600e+01 -8.15446e-02
  3.94800e+01 -6.59359e-02
  3.95000e+01 -4.60853e-02
  3.95200e+01 -3.10072e-02
  3.95400e+01 -2.83584e-02
  3.95600e+01 -3.18251e-02
  3.95800e+01 -2.95765e-02
  3.96000e+01 -2.08830e-02
  3.96200e+01 -1.27706e-02
  3.96400e+01 -1.02105e-02
  3.96600e+01 -1.46967e-02
  3.96800e+01 -1.78314e-02
  3.97000e+01 -7.17620e-03
  3.97200e+01  1.39374e-02
  3.97400e+01  3.13554e-02
  3.97600e+01  3.89945e-02
  3.97800e+01  3.99188e-02
  3.98000e+01  3.88816e-02
  3.98200e+01  3.79590e-02
  3.98400e+01  3.78935e-02
  3.98600e+01  4.25665e-02
  3.98800e+01  5.32876e-02
  3.99000e+01  6.32634e-02
  3.99200e+01  6.63886e-02
  3.99400e+01  6.27326e-02
  3.99600e+01  5.58333e-02
  3.99800e+01  4.99025e-02
  4.00000e+01  4.51833e-02
  4.00200e+01  4.13762e-02
  4.00400e+01  4.30533e-02
  4.00600e+01  4.88843e-02
  4.00800e+01  4.92043e-02
  4.01000e+01  4.29139e-02
  4.01200e+01  3.44490e-02
  4.01400e+01  1.95837e-02
  4.01600e+01 -1.99338e-03
  4.01800e+01 -1.79223e-02
  4.02000e+01 -2.04264e-02
  4.02200e+01 -1.59660e-02
  4.02400e+01 -1.71146e-02
  4.02600e+01 -2.88822e-02
  4.02800e+01 -4.26461e-02
  4.03000e+01 -4.97001e-02
  4.03200e+01 -5.40816e-02
  4.03400e+01 -6.10091e-02
  4.03600e+01 -6.42123e-02
  4.03800e+01 -5.75713e-02
  4.04000e+01 -4.58905e-02
  4.04200e+01 -3.81709e-02
  4.04400e+01 -3.79559e-02
  4.04600e+01 -3.37628e-02
  4.04800e+01 -1.10895e-02
  4.05000e+01  2.05840e-02
  4.05200e+01  4.17698e-02
  4.05400e+01  5.00953e-02
  4.05600e+01  5.05030e-02
  4.05800e+01  4.46691e-02
  4.06000e+01  3.69003e-02
  4.06200e+01  3.52195e-02
  4.06400e+01  4.34179e-02
  4.06600e+01  5.19463e-02
  4.06800e+01  4.76703e-02
  4.07000e+01  3.46267e-02
  4.07200e+01  2.89990e-02
  4.07400e+01  3.44706e-02
  4.07600e+01  3.99295e-02
  4.07800e+01  4.00039e-02
  4.08000e+01  3.80243e-02
  4.08200e+01  3.55676e-02
  4.08400e+01  3.46062e-02
  4.08600e+01  3.39170e-02
  4.08800e+01  2.41784e-02
  4.09000e+01  4.55445e-03
  4.09200e+01 -1.07272e-02
  4.09400e+01 -1.29333e-02
  4.09600e+01 -9.84895e-03
  4.09800e+01 -1.05427e-02
  4.10000e+01 -1.13777e-02
  4.10200e+01 -7.24199e-03
  4.10400e+01 -5.00159e-03
  4.10600e+01 -1.14193e-02
  4.10800e+01 -2.16258e-02
  4.11000e+01 -2.69371e-02
  4.11200e+01 -2.24054e-02
  4.11400e+01 -1.15616e-02
  4.11600e+01 -2.53963e-03
  4.11800e+01  5.31742e-03
  4.12000e+01  1.67300e-02
  4.12200e+01  3.04144e-02
  4.12400e+01  4.28258e-02
  4.12600e+01  4.83003e-02
  4.12800e+01  4.24098e-02
  4.13000e+01  2.78299e-02
  4.13200e+01  7.34953e-03
  4.13400e+01 -1.52277e-02
  4.13600e+01 -2.85029e-02
  4.13800e+01 -2.94280e-02
  4.14000e+01 -3.21581e-02
  4.14200e+01 -4.33206e-02
  4.14400e+01 -5.35535e-02
  4.14600e+01 -5.54171e-02
  4.14800e+01 -4.46977e-02
  4.15000e+01 -2.40861e-02
  4.15200e+01 -9.82102e-03
  4.15400e+01 -9.57849e-03
  4.15600e+01 -1.45175e-02
  4.15800e+01 -2.04878e-02
  4.16000e+01 -3.03932e-02
  4.16200e+01 -3.99213e-02
  4.16400e+01 -3.82962e-02
  4.16600e+01 -2.55971e-02
  4.16800e+01 -1.54957e-02
  4.17000e+01 -1.47030e-02
  4.17200e+01 -1.75247e-02
  4.17400e+01 -1.75497e-02
  4.17600e+01 -1.04542e-02
  4.17800e+01  4.21613e-03
  4.18000e+01  2.23235e-02
  4.18200e+01  4.07205e-02
  4.18400e+01  5.47830e-02
  4.18600e+01  5.63892e-02
  4.18800e+01  4.35739e-02
  4.19000e+01  2.50306e-02
  4.19200e+01  1.26969e-02
  4.19400e+01  1.24927e-02
  4.19600e+01  2.42717e-02
  4.19800e+01  4.53966e-02
  4.20000e+01  6.48882e-02
  4.20200e+01  6.75049e-02
  4.20400e+01  5.11053e-02
  4.20600e+01  2.70732e-02
  4.20800e+01  7.77883e-03
  4.21000e+01 -1.20611e-04
  4.21200e+01  3.18944e-03
  4.21400e+01  9.17804e-03
  4.21600e+01  5.01733e-03
  4.21800e+01 -9.93347e-03
  4.22000e+01 -2.28644e-02
  4.22200e+01 -2.73581e-02
  4.22400e+01 -2.90039e-02
  4.22600e+01 -3.52312e-02
  4.22800e+01 -4.54067e-02
  4.23000e+01 -5.20372e-02
  4.23200e+01 -5.56080e-02
  4.23400e+01 -6.27231e-02
  4.23600e+01 -6.71696e-02
  4.23800e+01 -5.82505e-02
  4.24000e+01 -4.24978e-02
  4.24200e+01 -3.28564e-02
  4.24400e+01 -3.12655e-02
  4.24600e+01 -3.44736e-02
  4.24800e+01 -3.74512e-02
  4.25000e+01 -3.32501e-02
  4.25200e+01 -2.17694e-02
  4.25400e+01 -9.77626e-03
  4.25600e+01 -2.03340e-03
  4.25800e+01  9.45757e-04
  4.26000e+01  1.46977e-03
  4.26200e+01  3.30429e-03
  4.26400e+01  6.59618e-03
  4.26600e+01  6.47674e-03
  4.26800e+01  1.76759e-03
  4.27000e+01  4.41286e-04
  4.27200e+01  9.65116e-03
  4.27400e+01  2.26020e-02
  4.27600e+01  2.78402e-02
  4.27800e+01  2.67364e-02
  4.28000e+01  2.42424e-02
  4.28200e+01  1.86125e-02
  4.28400e+01  1.04099e-02
  4.28600e+01  2.54287e-03
  4.28800e+01 -1.09945e-03
  4.29000e+01  6.70209e-03
  4.29200e+01  2.36608e-02
  4.29400e+01  3.78140e-02
  4.29600e+01  4.66898e-02
  4.29800e+01  5.33957e-02
  4.30000e+01  5.44494e-02
  4.30200e+01  4.92621e-02
  4.30400e+01  4.26328e-02
  4.30600e+01  3.69026e-02
  4.30800e+01  3.46122e-02
  4.31000e+01  3.70699e-02
  4.31200e+01  4.17513e-02
  4.31400e+01  4.78343e-02
  4.31600e+01  5.21612e-02
  4.31800e+01  4.75381e-02
  4.32000e+01  3.67909e-02
  4.32200e+01  2.95199e-02
  4.32400e+01  2.29721e-02
  4.32600e+01  1.25201e-02
  4.32800e+01  7.46650e-03
  4.33000e+01  1.28365e-02
  4.33200e+01  2.16550e-02
  4.33400e+01  2.66375e-02
  4.33600e+01  1.94456e-02
  4.33800e+01  5.46016e-04
  4.34000e+01 -1.45011e-02
  4.34200e+01 -1.75628e-02
  4.34400e+01 -1.59185e-02
  4.34600e+01 -1.88299e-02
  4.34800e+01 -2.88204e-02
  4.35000e+01 -3.95515e-02
  4.35200e+01 -4.34622e-02
  4.35400e+01 -3.92859e-02
  4.35600e+01 -3.13867e-02
  4.35800e+01 -2.83525e-02
  4.36000e+01 -3.54219e-02
  4.36200e+01 -4.33818e-02
  4.36400e+01 -3.78308e-02
  4.36600e+01 -2.07018e-02
  4.36800e+01 -5.46114e-03
  4.37000e+01  1.11194e-03
  4.37200e+01  1.64838e-03
  4.37400e+01  4.48518e-03
  4.37600e+01  1.00503e-02
  4.37800e+01  7.39764e-03
  4.38000e+01  2.81623e-04
  4.38200e+01  6.35851e-03
  4.38400e+01  2.54695e-02
  4.38600e+01  3.98408e-02
  4.38800e+01  3.72449e-02
  4.39000e+01  2.00402e-02
  4.39200e+01 -1.23327e-03
  4.39400e+01 -1.85058e-02
  4.39600e+01 -2.64183e-02
  4.39800e+01 -2.10056e-02
  4.40000e+01 -8.05392e-03
  4.40200e+01  1.05535e-03
  4.40400e+01  2.27538e-03
  4.40600e+01 -3.21077e-03
  4.40800e+01 -1.03804e-02
  4.41000e+01 -1.10696e-02
  4.41200e+01 -5.58451e-03
  4.41400e+01 -2.19140e-04
  4.41600e+01  2.68620e-04
  4.41800e+01 -8.25482e-03
  4.42000e+01 -1.83237e-02
  4.42200e+01 -1.60481e-02
  4.42400e+01 -5.71529e-03
  4.42600e+01 -3.87340e-03
  4.42800e+01 -1.49893e-02
  4.43000e+01 -2.45976e-02
  4.43200e+01 -1.94929e-02
  4.43400e+01 -9.65770e-03
  4.43600e+01 -9.98414e-03
  4.43800e+01 -1.90208e-02
  4.44000e+01 -3.14767e-02
  4.44200e+01 -4.44797e-02
  4.44400e+01 -5.26903e-02
  4.44600e+01 -5.00267e-02
  4.44800e+01 -3.40636e-02
  4.45000e+01 -1.41896e-02
  4.45200e+01 -4.52634e-03
  4.45400e+01 -4.80051e-03
  4.45600e+01 -6.41781e-03
  4.45800e+01 -8.39306e-03
  4.46000e+01 -1.22347e-02
  4.46200e+01 -1.46257e-02
  4.46400e+01 -1.45051e-02
  4.46600e+01 -1.75751e-02
  4.46800e+01 -2.78135e-02
  4.47000e+01 -4.05771e-02
  4.47200e+01 -4.72873e-02
  4.47400e+01 -4.59503e-02
  4.47600e+01 -4.35933e-02
  4.47800e+01 -4.38715e-02
  4.48000e+01 -4.49986e-02
  4.48200e+01 -5.12688e-02
  4.48400e+01 -6.30121e-02
  4.48600e+01 -6.57508e-02
  4.48800e+01 -5.07247e-02
  4.49000e+01 -2.92261e-02
  4.49200e+01 -1.94650e-02
  4.49400e+01 -2.75602e-02
  4.49600e+01 -3.92203e-02
  4.49800e+01 -3.84176e-02
  4.50000e+01 -2.85469e-02
  4.50200e+01 -1.67582e-02
  4.50400e+01 -2.55496e-03
  4.50600e+01  8.46940e-03
  4.50800e+01  1.31738e-02
  4.51000e+01  1.81006e-02
  4.51200e+01  2.13694e-02
  4.51400e+01  1.75504e-02
  4.51600e+01  1.25141e-02
  4.51800e+01  1.31935e-02
  4.52000e+01  1.83516e-02
  4.52200e+01  2.26246e-02
  4.52400e+01  2.38059e-02
  4.52600e+01  2.75808e-02
  4.52800e+01  3.88225e-02
  4.53000e+01  5.14407e-02
  4.53200e+01  5.81013e-02
  4.53400e+01  6.02268e-02
  4.53600e+01  6.05831e-02
  4.53800e+01  5.89650e-02
  4.54000e+01  5.57787e-02
  4.54200e+01  5.14208e-02
  4.54400e+01  4.47329e-02
  4.54600e+01  3.63724e-02
  4.54800e+01  3.16628e-02
  4.55000e+01  3.32559e-02
  4.55200e+01  3.67107e-02
  4.55400e+01  3.77146e-02
  4.55600e+01  3.40739e-02
  4.55800e+01  2.76728e-02
  4.56000e+01  2.57560e-02
  4.56200e+01  2.85307e-02
  4.56400e+01  2.68715e-02
  4.56600e+01  1.75849e-02
  4.56800e+01  8.98132e-03
  4.57000e+01  8.10619e-03
  4.57200e+01  1.10034e-02
  4.57400e+01  1.37319e-02
  4.57600e+01  1.77754e-02
  4.57800e+01  2.12329e-02
  4.58000e+01  2.59411e-02
  4.58200e+01  3.67764e-02
  4.58400e+01  4.29542e-02
  4.58600e+01  3.46231e-02
  4.58800e+01  2.60038e-02
  4.59000e+01  2.97565e-02
  4.59200e+01  3.88146e-02
  4.59400e+01  4.46740e-02
  4.59600e+01  4.59783e-02
  4.59800e+01  4.47344e-02
  4.60000e+01  4.30514e-02
  4.60200e+01  4.22595e-02
  4.60400e+01  4.35340e-02
  4.60600e+01  4.37684e-02
  4.60800e+01  4.09369e-02
  4.61000e+01  3.73699e-02
  4.61200e+01  3.24107e-02
  4.61400e+01  2.83455e-02
  4.61600e+01  2.73982e-02
  4.61800e+01  2.27370e-02
  4.62000e+01  1.24194e-02
  4.62200e+01  3.09188e-04
  4.62400e+01 -1.32273e-02
  4.62600e+01 -2.33237e-02
  4.62800e+01 -2.40606e-02
  4.63000e+01 -1.75152e-02
  4.63200e+01 -8.10574e-03
  4.63400e+01 -2.20188e-04
  4.63600e+01  3.24722e-03
  4.63800e+01  4.65284e-03
  4.64000e+01  5.93389e-03
  4.64200e+01  6.17980e-03
  4.64400e+01  7.56129e-03
  4.64600e+01  1.32962e-02
  4.64800e+01  1.93834e-02
  4.65000e+01  1.65756e-02
  4.65200e+01  4.93105e-03
  4.65400e+01 -5.54187e-03
  4.65600e+01 -1.45063e-02
  4.65800e+01 -2.92159e-02
  4.66000e+01 -4.51971e-02
  4.66200e+01 -5.17633e-02
  4.66400e+01 -4.74816e-02
  4.66600e+01 -4.15205e-02
  4.66800e+01 -4.34875e-02
  4.67000e+01 -5.19185e-02
  4.67200e+01 -5.88214e-02
  4.67400e+01 -6.07001e-02
  4.67600e+01 -5.70884e-02
  4.67800e+01 -4.87401e-02
  4.68000e+01 -4.02150e-02
  4.68200e+01 -3.43335e-02
  4.68400e+01 -3.03228e-02
  4.68600e+01 -3.08969e-02
  4.68800e+01 -3.56974e-02
  4.69000e+01 -3.60016e-02
  4.69200e+01 -2.93986e-02
  4.69400e+01 -2.28093e-02
  4.69600e+01 -2.03404e-02
  4.69800e+01 -2.39850e-02
  4.70000e+01 -3.76853e-02
  4.70200e+01 -5.75193e-02
  4.70400e+01 -6.86339e-02
  4.70600e+01 -6.48858e-02
  4.70800e+01 -5.71099e-02
  4.71000e+01 -5.29973e-02
  4.71200e+01 -4.98204e-02
  4.71400e+01 -4.93495e-02
  4.71600e+01 -5.60736e-02
  4.71800e+01 -6.38755e-02
  4.72000e+01 -6.33284e-02
  4.72200e+01 -5.27572e-02
  4.72400e+01 -3.60218e-02
  4.72600e+01 -1.99685e-02
  4.72800e+01 -7.25500e-03
  4.73000e+01  6.22504e-03
  4.73200e+01  1.85740e-02
  4.73400e+01  2.26124e-02
  4.73600e+01  1.82622e-02
  4.73800e+01  1.24985e-02
  4.74000e+01  1.30479e-02
  4.74200e+01  2.02050e-02
  4.74400e+01  2.70363e-02
  4.74600e+01  3.09608e-02
  4.74800e+01  3.18445e-02
  4.75000e+01  2.68748e-02
  4.75200e+01  1.98183e-02
  4.75400e+01  1.73988e-02
  4.75600e+01  1.70393e-02
  4.75800e+01  1.50390e-02
  4.76000e+01  1.52133e-02
  4.76200e+01  2.09628e-02
  4.76400e+01  2.80822e-02
  4.76600e+01  3.02497e-02
  4.76800e+01  2.95760e-02
  4.77000e+01  2.92907e-02
  4.77200e+01  2.25027e-02
  4.77400e+01  7.89659e-03
  4.77600e+01 -2.86908e-03
  4.77800e+01 -5.43191e-03
  4.78000e+01 -5.27695e-03
  4.78200e+01 -3.39461e-03
  4.78400e+01  2.97037e-03
  4.78600e+01  1.41879e-02
  4.78800e+01  2.49756e-02
  4.79000e+01  2.49003e-02
  4.79200e+01  1.22735e-02
  4.79400e+01 -2.14268e-04
  4.79600e+01 -2.75627e-03
  4.79800e+01  1.51136e-03
  4.80000e+01  3.41649e-03
  4.80200e+01 -3.70493e-03
  4.80400e+01 -1.87367e-02
  4.80600e+01 -3.41556e-02
  4.80800e+01 -4.12506e-02
  4.81000e+01 -3.47264e-02
  4.81200e+01 -1.61128e-02
  4.81400e+01  6.37334e-03
  4.81600e+01  2.31703e-02
  4.81800e+01  3.36341e-02
  4.82000e+01  4.46519e-02
  4.82200e+01  5.56499e-02
  4.82400e+01  6.01352e-02
  4.82600e+01  5.80602e-02
  4.82800e+01  5.29475e-02
  4.83000e+01  4.69911e-02
  4.83200e+01  4.30877e-02
  4.83400e+01  4.06707e-02
  4.83600e+01  3.41070e-02
  4.83800e+01  2.32905e-02
  4.84000e+01  1.69416e-02
  4.84200e+01  2.08971e-02
  4.84400e+01  3.12730e-02
  4.84600e+01  4.18829e-02
  4.84800e+01  4.86895e-02
  4.85000e+01  4.53747e-02
  4.85200e+01  3.00683e-02
  4.85400e+01  1.39329e-02
  4.85600e+01  1.01116e-02
  4.85800e+01  1.98695e-02
  4.86000e+01  3.33180e-02
  4.86200e+01  4.07249e-02
  4.86400e+01  3.76692e-02
  4.86600e+01  2.27410e-02
  4.86800e+01  5.26947e-03
  4.87000e+01  1.90448e-03
  4.87200e+01  1.10497e-02
  4.87400e+01  1.33498e-02
  4.87600e+01  2.46578e-03
  4.87800e+01 -1.01506e-02
  4.88000e+01 -1.86215e-02
  4.88200e+01 -2.68524e-02
  4.88400e+01 -3.51719e-02
  4.88600e+01 -3.87808e-02
  4.88800e+01 -3.49622e-02
  4.89000e+01 -2.79323e-02
  4.89200e+01 -2.74300e-02
  4.89400e+01 -3.78671e-02
  4.89600e+01 -5.01336e-02
  4.89800e+01 -5.34075e-02
  4.90000e+01 -4.70130e-02
  4.90200e+01 -3.20158e-02
  4.90400e+01 -1.30290e-02
  4.90600e+01 -4.00430e-03
  4.90800e+01 -8.35861e-03
  4.91000e+01 -1.37837e-02
  4.91200e+01 -1.42781e-02
  4.91400e+01 -1.80469e-02
  4.91600e+01 -3.31710e-02
  4.91800e+01 -5.07987e-02
  4.92000e+01 -5.57240e-02
  4.92200e+01 -4.82228e-02
  4.92400e+01 -3.63630e-02
  4.92600e+01 -2.59448e-02
  4.92800e+01 -2.33949e-02
  4.93000e+01 -3.07180e-02
  4.93200e+01 -4.47702e-02
  4.93400e+01 -6.02332e-02
  4.93600e+01 -6.93376e-02
  4.93800e+01 -6.84289e-02
  4.94000e+01 -5.99916e-02
  4.94200e+01 -4.89126e-02
  4.94400e+01 -4.09034e-02
  4.94600e+01 -3.54910e-02
  4.94800e+01 -2.91972e-02
  4.95000e+01 -2.54262e-02
  4.95200e+01 -2.18765e-02
  4.95400e+01 -9.43923e-03
  4.95600e+01  6.87282e-03
  4.95800e+01  1.69532e-02
  4.96000e+01  1.88161e-02
  4.96200e+01  1.12860e-02
  4.96400e+01  2.52044e-03
  4.96600e+01  4.45624e-03
  4.96800e+01  1.10976e-02
  4.97000e+01  1.52775e-02
  4.97200e+01  2.24022e-02
  4.97400e+01  3.27992e-02
  4.97600e+01  4.07143e-02
  4.97800e+01  4.33456e-02
  4.98000e+01  4.13205e-02
  4.98200e+01  3.96838e-02
  4.98400e+01  4.13682e-02
  4.98600e+01  4.28583e-02
  4.98800e+01  4.33732e-02
  4.99000e+01  4.64781e-02
  4.99200e+01  4.93291e-02
  4.99400e+01  4.40897e-02
  4.99600e+01  3.30580e-02
  4.99800e+01  2.60867e-02
  5.00000e+01  2.21548e-02
  5.00200e+01  1.42108e-02
  5.00400e+01  6.52982e-03
  5.00600e+01  5.30167e-03
  5.00800e+01  5.63555e-03
  5.01000e+01  3.67061e-03
  5.01200e+01  5.25509e-03
  5.01400e+01  1.65449e-02
  5.01600e+01  3.23992e-02
  5.01800e+01  3.91271e-02
  5.02000e+01  3.60458e-02
  5.02200e+01  3.70080e-02
  5.02400e+01  4.31021e-02
  5.02600e+01  4.15263e-02
  5.02800e+01  2.99197e-02
  5.03000e+01  1.85958e-02
  5.03200e+01  1.33417e-02
  5.03400e+01  1.23646e-02
  5.03600e+01  1.66059e-02
  5.03800e+01  2.56321e-02
  5.04000e+01  3.20104e-02
  5.04200e+01  3.24344e-02
  5.04400e+01  2.84654e-02
  5.04600e+01  1.99239e-02
  5.04800e+01  9.61968e-03
  5.05000e+01  1.49663e-03
  5.05200e+01 -3.69119e-03
  5.05400e+01 -4.81088e-03
  5.05600e+01 -1.72216e-03
  5.05800e+01  1.25919e-03
  5.06000e+01 -9.82154e-04
  5.06200e+01 -4.00194e-03
  5.06400e+01  1.72067e-03
  5.06600e+01  9.56541e-03
  5.06800e+01  6.52293e-03
  5.07000e+01 -2.50428e-03
  5.07200e+01 -7.74175e-03
  5.07400e+01 -9.75726e-03
  5.07600e+01 -1.01091e-02
  5.07800e+01 -9.21164e-03
  5.08000e+01 -1.19925e-02
  5.08200e+01 -2.01184e-02
  5.08400e+01 -2.50785e-02
  5.08600e+01 -2.12252e-02
  5.08800e+01 -1.47367e-02
  5.09000e+01 -1.16037e-02
  5.09200e+01 -1.04776e-02
  5.09400e+01 -8.18632e-03
  5.09600e+01 -2.89236e-03
  5.09800e+01  1.73747e-03
  5.10000e+01 -1.69676e-03
  5.10200e+01 -9.62824e-03
  5.10400e+01 -1.26071e-02
  5.10600e+01 -1.41607e-02
  5.10800e+01 -2.08047e-02
  5.11000e+01 -2.85792e-02
  5.11200e+01 -3.32604e-02
  5.11400e+01 -3.51315e-02
  5.11600e+01 -3.24440e-02
  5.11800e+01 -2.50336e-02
  5.12000e+01 -2.14901e-02
  5.12200e+01 -2.93091e-02
  5.12400e+01 -4.24574e-02
  5.12600e+01 -4.77012e-02
  5.12800e+01 -3.97553e-02
  5.13000e+01 -2.84077e-02
  5.13200e+01 -2.40925e-02
  5.13400e+01 -2.09360e-02
  5.13600e+01 -1.26459e-02
  5.13800e+01 -1.10055e-02
  5.14000e+01 -2.55031e-02
  5.14200e+01 -4.23995e-02
  5.14400e+01 -4.40142e-02
  5.14600e+01 -3.07131e-02
  5.14800e+01 -1.46042e-02
  5.15000e+01 -9.01323e-03
  5.15200e+01 -1.94572e-02
  5.15400e+01 -3.64332e-02
  5.15600e+01 -4.68748e-02
  5.15800e+01 -4.79910e-02
  5.16000e+01 -4.23749e-02
  5.16200e+01 -2.95789e-02
  5.16400e+01 -1.28521e-02
  5.16600e+01 -4.50776e-03
  5.16800e+01 -9.30665e-03
  5.17000e+01 -1.58482e-02
  5.17200e+01 -1.60764e-02
  5.17400e+01 -1.36318e-02
  5.17600e+01 -1.11204e-02
  5.17800e+01 -9.94636e-03
  5.18000e+01 -1.46061e-02
  5.18200e+01 -2.04715e-02
  5.18400e+01 -1.26511e-02
  5.18600e+01  1.03261e-02
  5.18800e+01  2.88509e-02
  5.19000e+01  3.03527e-02
  5.19200e+01  2.69466e-02
  5.19400e+01  2.97002e-02
  5.19600e+01  3.07478e-02
  5.19800e+01  2.69008e-02
  5.20000e+01  2.82816e-02
  5.20200e+01  3.55432e-02
  5.20400e+01  3.75576e-02
  5.20600e+01  3.26876e-02
  5.20800e+01  3.18446e-02
  5.21000e+01  3.76707e-02
  5.21200e+01  4.18720e-02
  5.21400e+01  4.41964e-02
  5.21600e+01  5.02278e-02
  5.21800e+01  5.87172e-02
  5.22000e+01  6.29644e-02
  5.22200e+01  5.75647e-02
  5.22400e+01  4.71624e-02
  5.22600e+01  4.21995e-02
  5.22800e+01  4.52885e-02
  5.23000e+01  5.15889e-02
  5.23200e+01  5.35430e-02
  5.23400e+01  4.74508e-02
  5.23600e+01  3.99889e-02
  5.23800e+01  3.82243e-02
  5.24000e+01  4.27744e-02
  5.24200e+01  5.36818e-02
  5.24400e+01  6.55249e-02
  5.24600e+01  6.46083e-02
  5.24800e+01  4.54012e-02
  5.25000e+01  2.02663e-02
  5.25200e+01  5.67231e-03
  5.25400e+01  3.95239e-03
  5.25600e+01  5.11943e-03
  5.25800e+01  1.91990e-03
  5.26000e+01 -4.07926e-03
  5.26200e+01 -6.27321e-03
  5.26400e+01 -5.03879e-03
  5.26600e+01 -8.65134e-03
  5.26800e+01 -1.47644e-02
  5.27000e+01 -1.60347e-02
  5.27200e+01 -1.61701e-02
  5.27400e+01 -1.88505e-02
  5.27600e+01 -2.15237e-02
  5.27800e+01 -2.07019e-02
  5.28000e+01 -1.62970e-02
  5.28200e+01 -1.57929e-02
  5.28400e+01 -2.39906e-02
  5.28600e+01 -3.44126e-02
  5.28800e+01 -3.76606e-02
  5.29000e+01 -3.18013e-02
  5.29200e+01 -2.42966e-02
  5.29400e+01 -2.15794e-02
  5.29600e+01 -2.31931e-02
  5.29800e+01 -2.94422e-02
  5.30000e+01 -4.12614e-02
  5.30200e+01 -5.19138e-02
  5.30400e+01 -5.31667e-02
  5.30600e+01 -4.76775e-02
  5.30800e+01 -4.10940e-02
  5.31000e+01 -3.24109e-02
  5.31200e+01 -2.21546e-02
  5.31400e+01 -1.47673e-02
  5.31600e+01 -1.20577e-02
  5.31800e+01 -1.28084e-02
  5.32000e+01 -1.73724e-02
  5.32200e+01 -2.75961e-02
  5.32400e+01 -3.73630e-02
  5.32600e+01 -3.49704e-02
  5.32800e+01 -2.10271e-02
  5.33000e+01 -7.82435e-03
  5.33200e+01 -2.57411e-03
  5.33400e+01 -3.95244e-03
  5.33600e+01 -6.12414e-03
  5.33800e+01 -2.94534e-03
  5.34000e+01  2.97643e-03
  5.34200e+01  2.06299e-03
  5.34400e+01 -9.89800e-03
  5.34600e+01 -2.46712e-02
  5.34800e+01 -2.59322e-02
  5.35000e+01 -1.08823e-02
  5.35200e+01  5.04192e-03
  5.35400e+01  1.30136e-02
  5.35600e+01  1.33244e-02
  5.35800e+01  7.38381e-03
  5.36000e+01  2.49003e-03
  5.36200e+01 -2.53782e-03
  5.36400e+01 -1.75348e-02
  5.36600e+01 -3.06110e-02
  5.36800e+01 -2.07452e-02
  5.37000e+01  1.70820e-03
  5.37200e+01  8.69570e-03
  5.37400e+01 -3.92308e-03
  5.37600e+01 -1.55597e-02
  5.37800e+01 -1.27987e-02
  5.38000e+01 -5.71503e-03
  5.38200e+01 -8.45715e-03
  5.38400e+01 -1.87348e-02
  5.38600e+01 -2.58287e-02
  5.38800e+01 -2.35635e-02
  5.39000e+01 -1.41540e-02
  5.39200e+01 -5.04495e-03
  5.39400e+01  4.18387e-04
  5.39600e+01  2.76695e-03
  5.39800e+01  2.65255e-03
  5.40000e+01  2.70324e-03
  5.40200e+01  5.63925e-03
  5.40400e+01  1.33564e-02
  5.40600e+01  2.41179e-02
  5.40800e+01  2.98280e-02
  5.41000e+01  2.84101e-02
  5.41200e+01  2.83759e-02
  5.41400e+01  3.02372e-02
  5.41600e+01  2.17481e-02
  5.41800e+01 -1.02538e-03
  5.42000e+01 -2.29772e-02
  5.42200e+01 -2.57543e-02
  5.42400e+01 -7.95755e-03
  5.42600e+01  1.65801e-02
  5.42800e+01  3.62283e-02
  5.43000e+01  4.77535e-02
  5.43200e+01  5.15129e-02
  5.43400e+01  4.73217e-02
  5.43600e+01  3.46249e-02
  5.43800e+01  1.73513e-02
  5.44000e+01  4.27788e-03
  5.44200e+01  6.70626e-03
  5.44400e+01  2.81931e-02
  5.44600e+01  5.04122e-02
  5.44800e+01  5.27881e-02
  5.45000e+01  4.11358e-02
  5.45200e+01  3.66787e-02
  5.45400e+01  4.69987e-02
  5.45600e+01  5.44886e-02
  5.45800e+01  4.14556e-02
  5.46000e+01  1.80804e-02
  5.46200e+01  6.39127e-03
  5.46400e+01  1.32840e-02
  5.46600e+01  2.50255e-02
  5.46800e+01  2.42308e-02
  5.47000e+01  1.25950e-02
  5.47200e+01 -1.93904e-04
  5.47400e+01 -1.12483e-02
  5.47600e+01 -1.40362e-02
  5.47800e+01 -7.85250e-03
  5.48000e+01 -7.51186e-03
  5.48200e+01 -1.79703e-02
  5.48400e+01 -2.65340e-02
  5.48600e+01 -2.54147e-02
  5.48800e+01 -1.74602e-02
  5.49000e+01 -7.90545e-03
  5.49200e+01 -4.61812e-03
  5.49400e+01 -1.42829e-02
  5.49600e+01 -2.91604e-02
  5.49800e+01 -3.21103e-02
  5.50000e+01 -2.02891e-02
  5.50200e+01 -4.31296e-03
  5.50400e+01  9.85603e-03
  5.50600e+01  1.74464e-02
  5.50800e+01  1.16657e-02
  5.51000e+01 -2.77467e-03
  5.51200e+01 -1.21200e-02
  5.51400e+01 -1.47403e-02
  5.51600e+01 -2.14516e-02
  5.51800e+01 -3.13233e-02
  5.52000e+01 -3.01463e-02
  5.52200e+01 -1.57619e-02
  5.52400e+01 -2.92553e-03
  5.52600e+01 -1.95083e-03
  5.52800e+01 -7.71412e-03
  5.53000e+01 -1.23434e-02
  5.53200e+01 -1.49562e-02
  5.53400e+01 -1.50956e-02
  5.53600e+01 -1.13204e-02
  5.53800e+01 -7.35967e-03
  5.54000e+01 -8.76621e-03
  5.54200e+01 -1.48752e-02
  5.54400e+01 -2.06134e-02
  5.54600e+01 -2.25379e-02
  5.54800e+01 -2.01618e-02
  5.55000e+01 -1.54120e-02
  5.55200e+01 -7.86828e-03
  5.55400e+01  3.92218e-03
  5.55600e+01  1.34262e-02
  5.55800e+01  1.44775e-02
  5.56000e+01  1.13516e-02
  5.56200e+01  9.40843e-03
  5.56400e+01  8.00144e-03
  5.56600e+01  3.82493e-03
  5.56800e+01 -2.68460e-03
  5.57000e+01 -7.25798e-03
  5.57200e+01 -8.89725e-03
  5.57400e+01 -9.81185e-03
  5.57600e+01 -1.36516e-02
  5.57800e+01 -2.36323e-02
  5.58000e+01 -3.51633e-02
  5.58200e+01 -4.13211e-02
  5.58400e+01 -4.17191e-02
  5.58600e+01 -3.29543e-02
  5.58800e+01 -9.28695e-03
  5.59000e+01  1.87816e-02
  5.59200e+01  3.07929e-02
  5.59400e+01  2.19078e-02
  5.59600e+01  6.25681e-03
  5.59800e+01  3.71359e-04
  5.60000e+01  7.25427e-03
  5.60200e+01  1.41804e-02
  5.60400e+01  1.00178e-02
  5.60600e+01 -4.47520e-04
  5.60800e+01 -5.61735e-03
  5.61000e+01 -1.80838e-03
  5.61200e+01  5.22268e-03
  5.61400e+01  7.95446e-03
  5.61600e+01  6.69486e-03
  5.61800e+01  6.50983e-03
  5.62000e+01  2.71808e-03
  5.62200e+01 -1.22801e-02
  5.62400e+01 -2.83364e-02
  5.62600e+01 -2.65262e-02
  5.62800e+01 -6.29879e-03
  5.63000e+01  1.49474e-02
  5.63200e+01  2.52736e-02
  5.63400e+01  2.54765e-02
  5.63600e+01  2.04891e-02
  5.63800e+01  1.62920e-02
  5.64000e+01  1.63019e-02
  5.64200e+01  1.86725e-02
  5.64400e+01  2.45051e-02
  5.64600e+01  3.56453e-02
  5.64800e+01  4.25255e-02
  5.65000e+01  3.64435e-02
  5.65200e+01  2.59848e-02
  5.65400e+01  2.43785e-02
  5.65600e+01  3.27413e-02
  5.65800e+01  3.88565e-02
  5.66000e+01  3.32304e-02
  5.66200e+01  2.49661e-02
  5.66400e+01  2.31500e-02
  5.66600e+01  2.15030e-02
  5.66800e+01  1.71059e-02
  5.67000e+01  1.20834e-02
  5.67200e+01  4.29284e-03
  5.67400e+01 -3.16506e-03
  5.67600e+01 -6.10979e-03
  5.67800e+01 -9.84969e-03
  5.68000e+01 -1.80208e-02
  5.68200e+01 -2.51776e-02
  5.68400e+01 -2.66362e-02
  5.68600e+01 -2.39627e-02
  5.68800e+01 -2.01981e-02
  5.69000e+01 -1.55919e-02
  5.69200e+01 -7.46414e-03
  5.69400e+01  3.77481e-03
  5.69600e+01  9.80481e-03
  5.69800e+01  3.07729e-03
  5.70000e+01 -1.32635e-02
  5.70200e+01 -2.85392e-02
  5.70400e+01 -3.28758e-02
  5.70600e+01 -2.67187e-02
  5.70800e+01 -2.08115e-02
  5.71000e+01 -2.09831e-02
  5.71200e+01 -2.33206e-02
  5.71400e+01 -2.50377e-02
  5.71600e+01 -2.84893e-02
  5.71800e+01 -3.29853e-02
  5.72000e+01 -3.48370e-02
  5.72200e+01 -3.28021e-02
  5.72400e+01 -2.44406e-02
  5.72600e+01 -1.06367e-02
  5.72800e+01 -8.46379e-04
  5.73000e+01 -2.34263e-04
  5.73200e+01 -4.83762e-03
  5.73400e+01 -8.12876e-03
  5.73600e+01 -5.08832e-03
  5.73800e+01  5.77912e-04
  5.74000e+01  1.74948e-03
  5.74200e+01  2.29429e-04
  5.74400e+01  2.14563e-03
  5.74600e+01  1.14053e-02
  5.74800e+01  2.45246e-02
  5.75000e+01  2.82555e-02
  5.75200e+01  1.84584e-02
  5.75400e+01  8.59896e-03
  5.75600e+01  5.92616e-03
  5.75800e+01  2.62002e-03
  5.76000e+01 -3.46583e-03
  5.76200e+01 -4.35809e-03
  5.76400e+01 -6.28160e-04
  5.76600e+01 -1.03763e-03
  5.76800e+01 -5.81138e-03
  5.77000e+01 -9.66437e-03
  5.77200e+01 -1.11776e-02
  5.77400e+01 -8.46810e-03
  5.77600e+01 -1.35682e-03
  5.77800e+01  3.12622e-03
  5.78000e+01  2.53110e-03
  5.78200e+01  2.60250e-03
  5.78400e+01  2.14638e-03
  5.78600e+01 -2.67618e-03
  5.78800e+01 -5.89223e-03
  5.79000e+01 -3.13753e-03
  5.79200e+01  1.14034e-03
  5.79400e+01  3.55328e-03
  5.79600e+01  4.99738e-03
  5.79800e+01  5.43748e-03
  5.80000e+01  2.17954e-03
  5.80200e+01 -3.30370e-03
  5.80400e+01 -3.83693e-03
  5.80600e+01  2.45793e-03
  5.80800e+01  9.57412e-03
  5.81000e+01  1.19569e-02
  5.81200e+01  9.53415e-03
  5.81400e+01  6.62278e-03
  5.81600e+01  5.30260e-03
  5.81800e+01  4.07781e-03
  5.82000e+01  3.04991e-03
  5.82200e+01  2.62842e-03
  5.82400e+01  2.60684e-03
  5.82600e+01  4.60134e-03
  5.82800e+01  8.62187e-03
  5.83000e+01  1.20635e-02
  5.83200e+01  1.38111e-02
  5.83400e+01  1.42059e-02
  5.83600e+01  1.40532e-02
  5.83800e+01  1.41263e-02
  5.84000e+01  1.32669e-02
  5.84200e+01  1.04968e-02
  5.84400e+01  7.70080e-03
  5.84600e+01  6.28578e-03
  5.84800e+01  4.50607e-03
  5.85000e+01  1.32701e-03
  5.85200e+01 -6.38777e-04
  5.85400e+01  2.84911e-04
  5.85600e+01  1.77590e-03
  5.85800e+01  1.68347e-03
  5.86000e+01  3.36644e-04
  5.86200e+01 -8.67435e-04
  5.86400e+01 -1.24163e-03
  5.86600e+01 -2.01015e-03
  5.86800e+01 -3.47574e-03
  5.87000e+01 -3.80522e-03
  5.87200e+01 -3.01993e-03
  5.87400e+01 -2.85529e-03
  5.87600e+01 -3.33982e-03
  5.87800e+01 -3.51720e-03
  5.88000e+01 -3.42991e-03
  5.88200e+01 -3.59119e-03
  5.88400e+01 -3.94515e-03
  5.88600e+01 -4.17041e-03
  5.88800e+01 -4.00581e-03
  5.89000e+01 -3.20826e-03
  5.89200e+01 -2.10501e-03
  5.89400e+01 -1.49492e-03
  5.89600e+01 -1.71337e-03
  5.89800e+01 -2.42457e-03
  5.90000e+01 -3.01614e-03
  5.90200e+01 -3.06848e-03
  5.90400e+01 -2.68246e-03
  5.90600e+01 -2.27441e-03
  5.90800e+01 -2.08054e-03
  5.91000e+01 -1.98602e-03
  5.91200e+01 -1.81816e-03
  5.91400e+01 -1.60537e-03
  5.91600e+01 -1.42581e-03
  5.91800e+01 -1.19656e-03
  5.92000e+01 -8.55499e-04
  5.92200e+01 -5.67217e-04
  5.92400e+01 -4.68639e-04
  5.92600e+01 -4.55489e-04
  5.92800e+01 -3.94043e-04
  5.93000e+01 -3.06046e-04
  5.93200e+01 -2.80838e-04
  5.93400e+01 -3.42055e-04
  5.93600e+01 -4.32224e-04
  5.93800e+01 -4.54872e-04
  5.94000e+01 -3.68582e-04
  5.94200e+01 -2.71750e-04
  5.94400e+01 -2.56190e-04
  5.94600e+01 -2.58348e-04
  5.94800e+01 -2.14018e-04
  5.95000e+01 -1.68638e-04
  5.95200e+01 -1.48589e-04
  5.95400e+01 -1.16736e-04
  5.95600e+01 -5.88819e-05
  5.95800e+01  8.10841e-07
  5.96000e+01  4.26687e-05
  5.96200e+01  6.73861e-05
  5.96400e+01  8.24279e-05
  5.96600e+01  9.16629e-05
  5.96800e+01  1.01648e-04
  5.97000e+01  1.15844e-04
  5.97200e+01  1.28299e-04
  5.97400e+01  1.36923e-04
  5.97600e+01  1.44106e-04
  5.97800e+01  1.48594e-04
  5.98000e+01  1.49477e-04
  5.98200e+01  1.48110e-04
  5.98400e+01  1.45092e-04
  5.98600e+01  1.39968e-04
  5.98800e+01  1.32737e-04
  5.99000e+01  1.23519e-04
  5.99200e+01  1.12784e-04
  5.99400e+01  1.00805e-04
  5.99600e+01  8.77126e-05
  5.99800e+01  7.38155e-05
