  0.00000e+00  0.00000e+00
  2.00000e-02  2.20300e-02
  4.00000e-02  1.46234e-02
  6.00000e-02  1.43934e-02
  8.00000e-02  1.40144e-02
  1.00000e-01  1.34704e-02
  1.20000e-01  1.27756e-02
  1.40000e-01  1.19206e-02
  1.60000e-01  1.08854e-02
  1.80000e-01  9.66476e-03
  2.00000e-01  8.19096e-03
  2.20000e-01  6.28713e-03
  2.40000e-01  3.98692e-03
  2.60000e-01  1.70948e-03
  2.80000e-01  5.15608e-05
  3.00000e-01 -1.30573e-03
  3.20000e-01 -3.50461e-03
  3.40000e-01 -6.09190e-03
  3.60000e-01 -8.49184e-03
  3.80000e-01 -1.25683e-02
  4.00000e-01 -1.78079e-02
  4.20000e-01 -2.08739e-02
  4.40000e-01 -2.43235e-02
  4.60000e-01 -3.13018e-02
  4.80000e-01 -3.73856e-02
  5.00000e-01 -3.91280e-02
  5.20000e-01 -3.43493e-02
  5.40000e-01 -2.91456e-02
  5.60000e-01 -4.17549e-02
  5.80000e-01 -6.14035e-02
  6.00000e-01 -4.87674e-02
  6.20000e-01  2.78131e-04
  6.40000e-01  5.38809e-02
  6.60000e-01  9.14612e-02
  6.80000e-01  8.79290e-02
  7.00000e-01  1.82017e-02
  7.20000e-01 -6.42573e-02
  7.40000e-01 -1.00534e-01
  7.60000e-01 -1.22395e-01
  7.80000e-01 -1.15994e-01
  8.00000e-01 -4.19766e-02
  8.20000e-01  2.42692e-02
  8.40000e-01  4.11300e-02
  8.60000e-01  4.44771e-02
  8.80000e-01  1.06536e-02
  9.00000e-01 -5.83513e-02
  9.20000e-01 -9.29187e-02
  9.40000e-01 -9.72193e-02
  9.60000e-01 -1.16367e-01
  9.80000e-01 -9.85805e-02
  1.00000e+00 -1.00670e-02
  1.02000e+00  2.41195e-02
  1.04000e+00 -4.59891e-02
  1.06000e+00 -7.13841e-02
  1.08000e+00 -1.99342e-02
  1.10000e+00  1.01561e-02
  1.12000e+00  1.76547e-02
  1.14000e+00  3.87159e-04
  1.16000e+00 -6.18781e-02
  1.18000e+00 -9.39224e-02
  1.20000e+00 -5.26325e-02
  1.22000e+00 -1.79851e-02
  1.24000e+00 -3.40263e-02
  1.26000e+00 -4.94980e-02
  1.28000e+00 -4.15398e-02
  1.30000e+00 -5.97838e-02
  1.32000e+00 -9.35152e-02
  1.34000e+00 -8.35414e-02
  1.36000e+00 -6.73644e-02
  1.38000e+00 -8.02310e-02
  1.40000e+00 -7.30787e-02
  1.42000e+00 -3.34649e-02
  1.44000e+00  2.11966e-03
  1.46000e+00  3.60948e-02
  1.48000e+00  1.06591e-01
  1.50000e+00  1.39554e-01
  1.52000e+00  1.07959e-02
  1.54000e+00 -1.42680e-01
  1.56000e+00 -1.06574e-01
  1.58000e+00  5.41699e-02
  1.60000e+00  1.85580e-01
  1.62000e+00  2.25843e-01
  1.64000e+00  1.83813e-01
  1.66000e+00  1.61122e-01
  1.68000e+00  2.32539e-01
  1.70000e+00  3.35441e-01
  1.72000e+00  3.65782e-01
  1.74000e+00  3.35484e-01
  1.76000e+00  3.14043e-01
  1.78000e+00  2.17976e-01
  1.80000e+00 -4.07829e-02
  1.82000e+00 -3.22548e-01
  1.84000e+00 -4.29251e-01
  1.86000e+00 -2.81859e-01
  1.88000e+00  1.50671e-02
  1.90000e+00  2.20799e-01
  1.92000e+00  2.69562e-01
  1.94000e+00  2.67459e-01
  1.96000e+00  1.67561e-01
  1.98000e+00 -1.07070e-01
  2.00000e+00 -4.24487e-01
  2.02000e+00 -5.61481e-01
  2.04000e+00 -3.63677e-01
  2.06000e+00  7.29957e-02
  2.08000e+00  4.09662e-01
  2.10000e+00  4.56904e-01
  2.12000e+00  2.99833e-01
  2.14000e+00  7.85109e-02
  2.16000e+00 -9.40578e-02
  2.18000e+00 -1.79266e-01
  2.20000e+00 -2.24078e-01
  2.22000e+00 -2.45678e-01
  2.24000e+00 -1.86347e-01
  2.26000e+00 -3.76884e-03
  2.28000e+00  1.83963e-01
  2.30000e+00  2.09019e-01
  2.32000e+00  1.47396e-01
  2.34000e+00  1.51252e-01
  2.36000e+00  1.37042e-01
  2.38000e+00 -5.56123e-04
  2.40000e+00 -1.59383e-01
  2.42000e+00 -1.93899e-01
  2.44000e+00 -8.00274e-02
  2.46000e+00  1.14229e-01
  2.48000e+00  3.23388e-01
  2.50000e+00  5.10275e-01
  2.52000e+00  6.57208e-01
  2.54000e+00  8.01346e-01
  2.56000e+00  1.00571e+00
  2.58000e+00  1.28303e+00
  2.60000e+00  1.60215e+00
  2.62000e+00  1.91022e+00
  2.64000e+00  2.13537e+00
  2.66000e+00  2.23799e+00
  2.68000e+00  2.24567e+00
  2.70000e+00  2.19145e+00
  2.72000e+00  2.05103e+00
  2.74000e+00  1.75504e+00
  2.76000e+00  1.23450e+00
  2.78000e+00  5.09355e-01
  2.80000e+00 -2.47039e-01
  2.82000e+00 -8.23931e-01
  2.84000e+00 -1.16457e+00
  2.86000e+00 -1.37705e+00
  2.88000e+00 -1.57656e+00
  2.90000e+00 -1.81223e+00
  2.92000e+00 -2.14248e+00
  2.94000e+00 -2.62676e+00
  2.96000e+00 -3.18724e+00
  2.98000e+00 -3.60313e+00
  3.00000e+00 -3.72245e+00
  3.02000e+00 -3.60004e+00
  3.04000e+00 -3.36169e+00
  3.06000e+00 -3.06754e+00
  3.08000e+00 -2.76149e+00
  3.10000e+00 -2.52009e+00
  3.12000e+00 -2.47616e+00
  3.14000e+00 -2.74390e+00
  3.16000e+00 -3.17702e+00
  3.18000e+00 -3.36218e+00
  3.20000e+00 -2.89294e+00
  3.22000e+00 -1.67489e+00
  3.24000e+00 -2.44803e-01
  3.26000e+00  6.33149e-01
  3.28000e+00  1.12014e+00
  3.30000e+00  2.18395e+00
  3.32000e+00  3.98577e+00
  3.34000e+00  5.45114e+00
  3.36000e+00  5.74979e+00
  3.38000e+00  5.30881e+00
  3.40000e+00  4.82488e+00
  3.42000e+00  3.98115e+00
  3.44000e+00  2.33499e+00
  3.46000e+00  7.97422e-01
  3.48000e+00  4.31231e-01
  3.50000e+00  6.99926e-01
  3.52000e+00  6.61971e-01
  3.54000e+00  4.43771e-01
  3.56000e+00  3.05946e-01
  3.58000e+00 -3.71410e-02
  3.60000e+00 -6.64264e-01
  3.62000e+00 -1.33552e+00
  3.64000e+00 -1.90977e+00
  3.66000e+00 -2.22531e+00
  3.68000e+00 -2.10948e+00
  3.70000e+00 -1.59368e+00
  3.72000e+00 -8.16872e-01
  3.74000e+00  2.76264e-02
  3.76000e+00  6.94317e-01
  3.78000e+00  1.05256e+00
  3.80000e+00  1.09226e+00
  3.82000e+00  8.65276e-01
  3.84000e+00  5.66889e-01
  3.86000e+00  3.99905e-01
  3.88000e+00  3.12281e-01
  3.90000e+00  1.09723e-01
  3.92000e+00 -2.46150e-01
  3.94000e+00 -6.17142e-01
  3.96000e+00 -8.57010e-01
  3.98000e+00 -9.03167e-01
  4.00000e+00 -7.88528e-01
  4.02000e+00 -6.34917e-01
  4.04000e+00 -5.93445e-01
  4.06000e+00 -6.78255e-01
  4.08000e+00 -6.41974e-01
  4.10000e+00 -2.44267e-01
  4.12000e+00  3.24777e-01
  4.14000e+00  6.65486e-01
  4.16000e+00  7.74920e-01
  4.18000e+00  9.30213e-01
  4.20000e+00  1.09504e+00
  4.22000e+00  1.04959e+00
  4.24000e+00  9.24560e-01
  4.26000e+00  9.58886e-01
  4.28000e+00  1.02472e+00
  4.30000e+00  9.60745e-01
  4.32000e+00  8.97000e-01
  4.34000e+00  8.49507e-01
  4.36000e+00  5.89896e-01
  4.38000e+00  1.27484e-01
  4.40000e+00 -2.88307e-01
  4.42000e+00 -6.77479e-01
  4.44000e+00 -1.20140e+00
  4.46000e+00 -1.63633e+00
  4.48000e+00 -1.65500e+00
  4.50000e+00 -1.36726e+00
  4.52000e+00 -1.01451e+00
  4.54000e+00 -6.19925e-01
  4.56000e+00 -2.52812e-01
  4.58000e+00 -5.13420e-02
  4.60000e+00  3.52350e-02
  4.62000e+00  1.02387e-01
  4.64000e+00  9.32689e-02
  4.66000e+00 -3.16747e-02
  4.68000e+00 -1.55548e-01
  4.70000e+00 -1.60125e-01
  4.72000e+00 -7.63145e-02
  4.74000e+00  9.97844e-03
  4.76000e+00  9.08859e-02
  4.78000e+00  2.04913e-01
  4.80000e+00  3.75555e-01
  4.82000e+00  6.04873e-01
  4.84000e+00  8.44088e-01
  4.86000e+00  1.00391e+00
  4.88000e+00  1.05435e+00
  4.90000e+00  1.04476e+00
  4.92000e+00  9.97459e-01
  4.94000e+00  8.89440e-01
  4.96000e+00  7.65136e-01
  4.98000e+00  7.36800e-01
  5.00000e+00  8.15110e-01
  5.02000e+00  8.55800e-01
  5.04000e+00  7.29062e-01
  5.06000e+00  4.47331e-01
  5.08000e+00  1.00860e-01
  5.10000e+00 -2.79732e-01
  5.12000e+00 -7.33606e-01
  5.14000e+00 -1.19282e+00
  5.16000e+00 -1.45651e+00
  5.18000e+00 -1.44477e+00
  5.20000e+00 -1.24575e+00
  5.22000e+00 -9.37100e-01
  5.24000e+00 -6.20413e-01
  5.26000e+00 -4.68633e-01
  5.28000e+00 -5.69005e-01
  5.30000e+00 -8.49718e-01
  5.32000e+00 -1.14694e+00
  5.34000e+00 -1.29608e+00
  5.36000e+00 -1.20647e+00
  5.38000e+00 -8.79993e-01
  5.40000e+00 -4.56330e-01
  5.42000e+00 -1.62689e-01
  5.44000e+00 -5.93504e-02
  5.46000e+00 -2.20892e-02
  5.48000e+00 -1.95664e-02
  5.50000e+00 -9.95042e-02
  5.52000e+00 -1.68994e-01
  5.54000e+00 -9.84194e-02
  5.56000e+00  8.03182e-02
  5.58000e+00  2.85494e-01
  5.60000e+00  5.04948e-01
  5.62000e+00  6.79507e-01
  5.64000e+00  7.07810e-01
  5.66000e+00  6.33755e-01
  5.68000e+00  5.92439e-01
  5.70000e+00  6.00503e-01
  5.72000e+00  6.07057e-01
  5.74000e+00  6.18647e-01
  5.76000e+00  6.19066e-01
  5.78000e+00  5.38080e-01
  5.80000e+00  3.65218e-01
  5.82000e+00  1.60324e-01
  5.84000e+00 -1.99720e-02
  5.86000e+00 -1.32463e-01
  5.88000e+00 -1.47989e-01
  5.90000e+00 -8.86338e-02
  5.92000e+00 -3.34595e-02
  5.94000e+00 -3.68951e-02
  5.96000e+00 -5.72586e-02
  5.98000e+00 -3.51642e-02
  6.00000e+00  1.44231e-02
  6.02000e+00  7.02225e-02
  6.04000e+00  1.69041e-01
  6.06000e+00  3.28566e-01
  6.08000e+00  4.91358e-01
  6.10000e+00  5.99814e-01
  6.12000e+00  6.39661e-01
  6.14000e+00  5.58709e-01
  6.16000e+00  3.06888e-01
  6.18000e+00 -8.29521e-05
  6.20000e+00 -2.02947e-01
  6.22000e+00 -3.14019e-01
  6.24000e+00 -3.73046e-01
  6.26000e+00 -3.49179e-01
  6.28000e+00 -3.05006e-01
  6.30000e+00 -3.33571e-01
  6.32000e+00 -4.01280e-01
  6.34000e+00 -4.59380e-01
  6.36000e+00 -5.22675e-01
  6.38000e+00 -5.92610e-01
  6.40000e+00 -6.54725e-01
  6.42000e+00 -7.05515e-01
  6.44000e+00 -7.30119e-01
  6.46000e+00 -7.12938e-01
  6.48000e+00 -6.70225e-01
  6.50000e+00 -6.29512e-01
  6.52000e+00 -5.70341e-01
  6.54000e+00 -4.33341e-01
  6.56000e+00 -2.26148e-01
  6.58000e+00 -5.42468e-02
  6.60000e+00  6.54178e-03
  6.62000e+00 -9.87359e-03
  6.64000e+00 -4.66927e-02
  6.66000e+00 -8.47797e-02
  6.68000e+00 -8.28643e-02
  6.70000e+00  9.80732e-03
  6.72000e+00  1.66755e-01
  6.74000e+00  3.32962e-01
  6.76000e+00  5.14952e-01
  6.78000e+00  7.24522e-01
  6.80000e+00  8.97594e-01
  6.82000e+00  9.49721e-01
  6.84000e+00  8.92756e-01
  6.86000e+00  8.16296e-01
  6.88000e+00  7.67505e-01
  6.90000e+00  7.49136e-01
  6.92000e+00  7.63839e-01
  6.94000e+00  7.76384e-01
  6.96000e+00  7.37352e-01
  6.98000e+00  6.44581e-01
  7.00000e+00  5.15458e-01
  7.02000e+00  3.72000e-01
  7.04000e+00  2.52583e-01
  7.06000e+00  1.77959e-01
  7.08000e+00  1.45893e-01
  7.10000e+00  1.57404e-01
  7.12000e+00  2.05112e-01
  7.14000e+00  2.62915e-01
  7.16000e+00  3.04565e-01
  7.18000e+00  3.09113e-01
  7.20000e+00  2.50345e-01
  7.22000e+00  1.13200e-01
  7.24000e+00 -7.53127e-02
  7.26000e+00 -2.65329e-01
  7.28000e+00 -4.30549e-01
  7.30000e+00 -5.75551e-01
  7.32000e+00 -7.14170e-01
  7.34000e+00 -8.40381e-01
  7.36000e+00 -9.18267e-01
  7.38000e+00 -9.22335e-01
  7.40000e+00 -8.67765e-01
  7.42000e+00 -7.79103e-01
  7.44000e+00 -6.68266e-01
  7.46000e+00 -5.56003e-01
  7.48000e+00 -4.71442e-01
  7.50000e+00 -4.25963e-01
  7.52000e+00 -4.08432e-01
  7.54000e+00 -3.99353e-01
  7.56000e+00 -3.84372e-01
  7.58000e+00 -3.55400e-01
  7.60000e+00 -3.12671e-01
  7.62000e+00 -2.66180e-01
  7.64000e+00 -2.14591e-01
  7.66000e+00 -1.47185e-01
  7.68000e+00 -6.14921e-02
  7.70000e+00  5.23834e-02
  7.72000e+00  1.96058e-01
  7.74000e+00  3.39406e-01
  7.76000e+00  4.60382e-01
  7.78000e+00  5.52647e-01
  7.80000e+00  5.98956e-01
  7.82000e+00  5.96074e-01
  7.84000e+00  5.66136e-01
  7.86000e+00  5.30737e-01
  7.88000e+00  5.01035e-01
  7.90000e+00  4.66435e-01
  7.92000e+00  3.97369e-01
  7.94000e+00  2.86977e-01
  7.96000e+00  1.61951e-01
  7.98000e+00  4.29110e-02
  8.00000e+00 -5.70346e-02
  8.02000e+00 -1.09856e-01
  8.04000e+00 -1.19764e-01
  8.06000e+00 -1.43920e-01
  8.08000e+00 -2.08192e-01
  8.10000e+00 -2.85639e-01
  8.12000e+00 -3.63971e-01
  8.14000e+00 -4.52482e-01
  8.16000e+00 -5.47404e-01
  8.18000e+00 -6.23329e-01
  8.20000e+00 -6.57232e-01
  8.22000e+00 -6.61811e-01
  8.24000e+00 -6.59064e-01
  8.26000e+00 -6.31164e-01
  8.28000e+00 -5.36338e-01
  8.30000e+00 -3.62719e-01
  8.32000e+00 -1.51381e-01
  8.34000e+00  4.73562e-02
  8.36000e+00  2.16450e-01
  8.38000e+00  3.48264e-01
  8.40000e+00  4.34455e-01
  8.42000e+00  4.84445e-01
  8.44000e+00  5.12112e-01
  8.46000e+00  5.26065e-01
  8.48000e+00  5.35910e-01
  8.50000e+00  5.51011e-01
  8.52000e+00  5.74558e-01
  8.54000e+00  5.89670e-01
  8.56000e+00  5.70812e-01
  8.58000e+00  5.12526e-01
  8.60000e+00  4.22271e-01
  8.62000e+00  3.12862e-01
  8.64000e+00  2.08372e-01
  8.66000e+00  1.30949e-01
  8.68000e+00  9.66157e-02
  8.70000e+00  1.12925e-01
  8.72000e+00  1.59406e-01
  8.74000e+00  1.98420e-01
  8.76000e+00  2.08728e-01
  8.78000e+00  1.89967e-01
  8.80000e+00  1.53568e-01
  8.82000e+00  1.15902e-01
  8.84000e+00  7.81356e-02
  8.86000e+00  3.03012e-02
  8.88000e+00 -1.87114e-02
  8.90000e+00 -5.38835e-02
  8.92000e+00 -7.01746e-02
  8.94000e+00 -5.81391e-02
  8.96000e+00 -2.43831e-02
  8.98000e+00  3.63359e-04
  9.00000e+00 -1.23680e-03
  9.02000e+00 -3.05618e-02
  9.04000e+00 -8.69294e-02
  9.06000e+00 -1.61761e-01
  9.08000e+00 -2.41644e-01
  9.10000e+00 -3.15339e-01
  9.12000e+00 -3.77619e-01
  9.14000e+00 -4.26872e-01
  9.16000e+00 -4.54751e-01
  9.18000e+00 -4.45609e-01
  9.20000e+00 -3.90688e-01
  9.22000e+00 -3.11536e-01
  9.24000e+00 -2.54706e-01
  9.26000e+00 -2.35202e-01
  9.28000e+00 -2.17199e-01
  9.30000e+00 -1.74284e-01
  9.32000e+00 -1.18449e-01
  9.34000e+00 -6.57723e-02
  9.36000e+00 -2.78876e-02
  9.38000e+00 -2.44593e-02
  9.40000e+00 -6.59711e-02
  9.42000e+00 -1.37600e-01
  9.44000e+00 -2.12837e-01
  9.46000e+00 -2.76666e-01
  9.48000e+00 -3.28272e-01
  9.50000e+00 -3.60112e-01
  9.52000e+00 -3.56259e-01
  9.54000e+00 -3.09696e-01
  9.56000e+00 -2.09617e-01
  9.58000e+00 -4.25997e-02
  9.60000e+00  1.62504e-01
  9.62000e+00  3.50049e-01
  9.64000e+00  5.03685e-01
  9.66000e+00  6.28302e-01
  9.68000e+00  6.90523e-01
  9.70000e+00  6.43317e-01
  9.72000e+00  4.93790e-01
  9.74000e+00  3.13217e-01
  9.76000e+00  1.80760e-01
  9.78000e+00  1.13694e-01
  9.80000e+00  6.80892e-02
  9.82000e+00  2.12960e-02
  9.84000e+00 -7.04889e-03
  9.86000e+00 -1.88259e-02
  9.88000e+00 -3.06115e-02
  9.90000e+00 -3.54469e-02
  9.92000e+00 -4.08874e-02
  9.94000e+00 -7.60413e-02
  9.96000e+00 -1.40292e-01
  9.98000e+00 -2.10933e-01
  1.00000e+01 -2.79764e-01
  1.00200e+01 -3.43177e-01
  1.00400e+01 -3.86076e-01
  1.00600e+01 -3.96951e-01
  1.00800e+01 -3.87327e-01
  1.01000e+01 -3.75076e-01
  1.01200e+01 -3.50746e-01
  1.01400e+01 -2.80711e-01
  1.01600e+01 -1.37070e-01
  1.01800e+01  6.54721e-02
  1.02000e+01  2.61707e-01
  1.02200e+01  4.05895e-01
  1.02400e+01  5.05456e-01
  1.02600e+01  5.52610e-01
  1.02800e+01  5.24490e-01
  1.03000e+01  4.46523e-01
  1.03200e+01  3.54662e-01
  1.03400e+01  2.50829e-01
  1.03600e+01  1.46871e-01
  1.03800e+01  7.60519e-02
  1.04000e+01  6.56300e-02
  1.04200e+01  1.28479e-01
  1.04400e+01  2.34948e-01
  1.04600e+01  3.19589e-01
  1.04800e+01  3.46885e-01
  1.05000e+01  3.24920e-01
  1.05200e+01  2.72845e-01
  1.05400e+01  2.06025e-01
  1.05600e+01  1.31188e-01
  1.05800e+01  4.80198e-02
  1.06000e+01 -4.81424e-02
  1.06200e+01 -1.57570e-01
  1.06400e+01 -2.68325e-01
  1.06600e+01 -3.67526e-01
  1.06800e+01 -4.44164e-01
  1.07000e+01 -4.90074e-01
  1.07200e+01 -5.02994e-01
  1.07400e+01 -4.65216e-01
  1.07600e+01 -3.51563e-01
  1.07800e+01 -1.74512e-01
  1.08000e+01  9.99112e-03
  1.08200e+01  1.36678e-01
  1.08400e+01  1.75385e-01
  1.08600e+01  1.43509e-01
  1.08800e+01  6.41653e-02
  1.09000e+01 -3.42443e-02
  1.09200e+01 -9.51392e-02
  1.09400e+01 -1.00184e-01
  1.09600e+01 -9.14692e-02
  1.09800e+01 -8.03468e-02
  1.10000e+01 -4.87228e-02
  1.10200e+01 -2.07804e-02
  1.10400e+01 -2.24012e-02
  1.10600e+01 -2.98330e-02
  1.10800e+01 -2.19559e-02
  1.11000e+01 -1.04349e-02
  1.11200e+01  4.14036e-03
  1.11400e+01  3.47113e-02
  1.11600e+01  6.59504e-02
  1.11800e+01  7.78324e-02
  1.12000e+01  8.69928e-02
  1.12200e+01  9.42148e-02
  1.12400e+01  5.18426e-02
  1.12600e+01 -5.16517e-02
  1.12800e+01 -1.62629e-01
  1.13000e+01 -2.46280e-01
  1.13200e+01 -3.12406e-01
  1.13400e+01 -3.61594e-01
  1.13600e+01 -3.67408e-01
  1.13800e+01 -3.09269e-01
  1.14000e+01 -1.88101e-01
  1.14200e+01 -1.55344e-02
  1.14400e+01  1.81386e-01
  1.14600e+01  3.64158e-01
  1.14800e+01  5.05590e-01
  1.15000e+01  5.87862e-01
  1.15200e+01  5.98072e-01
  1.15400e+01  5.19132e-01
  1.15600e+01  3.02450e-01
  1.15800e+01 -6.44811e-02
  1.16000e+01 -4.52069e-01
  1.16200e+01 -6.96568e-01
  1.16400e+01 -7.74147e-01
  1.16600e+01 -7.14190e-01
  1.16800e+01 -4.80444e-01
  1.17000e+01 -1.05653e-01
  1.17200e+01  2.27217e-01
  1.17400e+01  3.76281e-01
  1.17600e+01  3.71331e-01
  1.17800e+01  2.99927e-01
  1.18000e+01  2.06564e-01
  1.18200e+01  1.25065e-01
  1.18400e+01  8.90606e-02
  1.18600e+01  9.20150e-02
  1.18800e+01  1.06182e-01
  1.19000e+01  1.26339e-01
  1.19200e+01  1.49577e-01
  1.19400e+01  1.63208e-01
  1.19600e+01  1.79612e-01
  1.19800e+01  2.19046e-01
  1.20000e+01  2.70353e-01
  1.20200e+01  3.17481e-01
  1.20400e+01  3.56483e-01
  1.20600e+01  3.75683e-01
  1.20800e+01  3.71485e-01
  1.21000e+01  3.53783e-01
  1.21200e+01  3.07378e-01
  1.21400e+01  1.91937e-01
  1.21600e+01 -7.51128e-03
  1.21800e+01 -2.40742e-01
  1.22000e+01 -4.13255e-01
  1.22200e+01 -4.66731e-01
  1.22400e+01 -4.14521e-01
  1.22600e+01 -2.99414e-01
  1.22800e+01 -1.74437e-01
  1.23000e+01 -9.03762e-02
  1.23200e+01 -5.27062e-02
  1.23400e+01 -4.69406e-02
  1.23600e+01 -8.68689e-02
  1.23800e+01 -1.71485e-01
  1.24000e+01 -2.62944e-01
  1.24200e+01 -3.38429e-01
  1.24400e+01 -3.87599e-01
  1.24600e+01 -3.79406e-01
  1.24800e+01 -3.05035e-01
  1.25000e+01 -2.19095e-01
  1.25200e+01 -1.84283e-01
  1.25400e+01 -2.07411e-01
  1.25600e+01 -2.48775e-01
  1.25800e+01 -2.59663e-01
  1.26000e+01 -2.12644e-01
  1.26200e+01 -1.16700e-01
  1.26400e+01  1.24543e-03
  1.26600e+01  1.25699e-01
  1.26800e+01  2.47899e-01
  1.27000e+01  3.41491e-01
  1.27200e+01  3.77158e-01
  1.27400e+01  3.58020e-01
  1.27600e+01  3.11853e-01
  1.27800e+01  2.64711e-01
  1.28000e+01  2.34544e-01
  1.28200e+01  2.25268e-01
  1.28400e+01  2.23271e-01
  1.28600e+01  2.14535e-01
  1.28800e+01  2.02467e-01
  1.29000e+01  1.97590e-01
  1.29200e+01  1.96097e-01
  1.29400e+01  1.87164e-01
  1.29600e+01  1.74590e-01
  1.29800e+01  1.69476e-01
  1.30000e+01  1.68780e-01
  1.30200e+01  1.55977e-01
  1.30400e+01  1.07380e-01
  1.30600e+01  6.67823e-03
  1.30800e+01 -1.19816e-01
  1.31000e+01 -2.20200e-01
  1.31200e+01 -2.65893e-01
  1.31400e+01 -2.38159e-01
  1.31600e+01 -1.39800e-01
  1.31800e+01 -3.25779e-02
  1.32000e+01  3.35227e-02
  1.32200e+01  7.27118e-02
  1.32400e+01  9.93845e-02
  1.32600e+01  1.05662e-01
  1.32800e+01  7.99665e-02
  1.33000e+01 -7.26012e-03
  1.33200e+01 -1.58460e-01
  1.33400e+01 -3.02919e-01
  1.33600e+01 -3.79069e-01
  1.33800e+01 -3.92450e-01
  1.34000e+01 -3.58637e-01
  1.34200e+01 -2.87090e-01
  1.34400e+01 -2.10294e-01
  1.34600e+01 -1.60255e-01
  1.34800e+01 -1.43015e-01
  1.35000e+01 -1.51739e-01
  1.35200e+01 -1.76401e-01
  1.35400e+01 -2.04950e-01
  1.35600e+01 -2.26736e-01
  1.35800e+01 -2.27220e-01
  1.36000e+01 -1.80938e-01
  1.36200e+01 -6.48359e-02
  1.36400e+01  1.05915e-01
  1.36600e+01  2.71634e-01
  1.36800e+01  3.82141e-01
  1.37000e+01  4.28614e-01
  1.37200e+01  4.16256e-01
  1.37400e+01  3.52082e-01
  1.37600e+01  2.57328e-01
  1.37800e+01  1.60859e-01
  1.38000e+01  7.98883e-02
  1.38200e+01  1.84557e-02
  1.38400e+01 -1.77753e-02
  1.38600e+01 -2.27054e-02
  1.38800e+01 -3.75372e-03
  1.39000e+01  2.11055e-02
  1.39200e+01  3.71790e-02
  1.39400e+01  3.35099e-02
  1.39600e+01  2.31438e-03
  1.39800e+01 -4.18037e-02
  1.40000e+01 -6.70831e-02
  1.40200e+01 -5.93263e-02
  1.40400e+01 -1.82468e-02
  1.40600e+01  5.27387e-02
  1.40800e+01  1.28601e-01
  1.41000e+01  1.78488e-01
  1.41200e+01  1.90104e-01
  1.41400e+01  1.56414e-01
  1.41600e+01  8.34231e-02
  1.41800e+01  1.24326e-02
  1.42000e+01 -8.55731e-03
  1.42200e+01  3.28383e-02
  1.42400e+01  1.08787e-01
  1.42600e+01  1.72639e-01
  1.42800e+01  1.86822e-01
  1.43000e+01  1.38317e-01
  1.43200e+01  4.44084e-02
  1.43400e+01 -5.29409e-02
  1.43600e+01 -1.21931e-01
  1.43800e+01 -1.68906e-01
  1.44000e+01 -2.15590e-01
  1.44200e+01 -2.52150e-01
  1.44400e+01 -2.39966e-01
  1.44600e+01 -1.63246e-01
  1.44800e+01 -4.46371e-02
  1.45000e+01  6.90737e-02
  1.45200e+01  1.28935e-01
  1.45400e+01  1.28403e-01
  1.45600e+01  9.20260e-02
  1.45800e+01  3.29353e-02
  1.46000e+01 -2.19082e-02
  1.46200e+01 -3.35582e-02
  1.46400e+01 -8.21323e-03
  1.46600e+01  1.35154e-02
  1.46800e+01  5.67781e-03
  1.47000e+01 -3.54183e-02
  1.47200e+01 -9.31095e-02
  1.47400e+01 -1.34994e-01
  1.47600e+01 -1.43203e-01
  1.47800e+01 -1.23873e-01
  1.48000e+01 -8.21459e-02
  1.48200e+01 -2.31673e-02
  1.48400e+01  3.85698e-02
  1.48600e+01  9.22925e-02
  1.48800e+01  1.19946e-01
  1.49000e+01  9.01078e-02
  1.49200e+01 -1.68528e-03
  1.49400e+01 -1.16727e-01
  1.49600e+01 -2.09517e-01
  1.49800e+01 -2.60728e-01
  1.50000e+01 -2.78009e-01
  1.50200e+01 -2.81440e-01
  1.50400e+01 -2.90841e-01
  1.50600e+01 -3.11523e-01
  1.50800e+01 -3.30808e-01
  1.51000e+01 -3.33599e-01
  1.51200e+01 -3.12397e-01
  1.51400e+01 -2.67385e-01
  1.51600e+01 -2.01569e-01
  1.51800e+01 -1.14760e-01
  1.52000e+01 -1.58214e-02
  1.52200e+01  6.81211e-02
  1.52400e+01  1.17060e-01
  1.52600e+01  1.41031e-01
  1.52800e+01  1.60854e-01
  1.53000e+01  1.85958e-01
  1.53200e+01  2.24763e-01
  1.53400e+01  2.84357e-01
  1.53600e+01  3.57223e-01
  1.53800e+01  4.32056e-01
  1.54000e+01  4.92244e-01
  1.54200e+01  5.03549e-01
  1.54400e+01  4.36163e-01
  1.54600e+01  2.95300e-01
  1.54800e+01  1.30743e-01
  1.55000e+01  9.10739e-03
  1.55200e+01 -4.22344e-02
  1.55400e+01 -4.78751e-02
  1.55600e+01 -4.08273e-02
  1.55800e+01 -3.52322e-02
  1.56000e+01 -3.63417e-02
  1.56200e+01 -4.05664e-02
  1.56400e+01 -2.93540e-02
  1.56600e+01  9.96134e-03
  1.56800e+01  7.30525e-02
  1.57000e+01  1.49486e-01
  1.57200e+01  2.19617e-01
  1.57400e+01  2.55466e-01
  1.57600e+01  2.41545e-01
  1.57800e+01  1.85171e-01
  1.58000e+01  1.05779e-01
  1.58200e+01  2.36604e-02
  1.58400e+01 -4.57935e-02
  1.58600e+01 -9.43104e-02
  1.58800e+01 -1.17756e-01
  1.59000e+01 -1.23471e-01
  1.59200e+01 -1.29196e-01
  1.59400e+01 -1.39549e-01
  1.59600e+01 -1.53216e-01
  1.59800e+01 -1.83791e-01
  1.60000e+01 -2.36029e-01
  1.60200e+01 -2.86668e-01
  1.60400e+01 -3.13085e-01
  1.60600e+01 -3.16313e-01
  1.60800e+01 -3.02385e-01
  1.61000e+01 -2.68101e-01
  1.61200e+01 -2.16773e-01
  1.61400e+01 -1.60115e-01
  1.61600e+01 -1.02603e-01
  1.61800e+01 -4.32072e-02
  1.62000e+01  1.18989e-02
  1.62200e+01  5.12539e-02
  1.62400e+01  7.49745e-02
  1.62600e+01  8.90597e-02
  1.62800e+01  8.67593e-02
  1.63000e+01  6.80198e-02
  1.63200e+01  5.26459e-02
  1.63400e+01  5.38997e-02
  1.63600e+01  7.34125e-02
  1.63800e+01  1.15634e-01
  1.64000e+01  1.77438e-01
  1.64200e+01  2.37185e-01
  1.64400e+01  2.71384e-01
  1.64600e+01  2.71084e-01
  1.64800e+01  2.43457e-01
  1.65000e+01  2.07620e-01
  1.65200e+01  1.75207e-01
  1.65400e+01  1.38573e-01
  1.65600e+01  8.17744e-02
  1.65800e+01 -5.57742e-03
  1.66000e+01 -1.07813e-01
  1.66200e+01 -1.89808e-01
  1.66400e+01 -2.35586e-01
  1.66600e+01 -2.49652e-01
  1.66800e+01 -2.35523e-01
  1.67000e+01 -1.98391e-01
  1.67200e+01 -1.54002e-01
  1.67400e+01 -1.18472e-01
  1.67600e+01 -9.00633e-02
  1.67800e+01 -6.01885e-02
  1.68000e+01 -3.06168e-02
  1.68200e+01 -2.96647e-04
  1.68400e+01  3.57971e-02
  1.68600e+01  7.09839e-02
  1.68800e+01  9.53030e-02
  1.69000e+01  1.04231e-01
  1.69200e+01  8.90247e-02
  1.69400e+01  4.62797e-02
  1.69600e+01 -1.98421e-03
  1.69800e+01 -2.87952e-02
  1.70000e+01 -3.51171e-02
  1.70200e+01 -3.48163e-02
  1.70400e+01 -2.85121e-02
  1.70600e+01 -1.72766e-02
  1.70800e+01 -8.32114e-03
  1.71000e+01  9.16521e-03
  1.71200e+01  5.40698e-02
  1.71400e+01  1.21360e-01
  1.71600e+01  1.87276e-01
  1.71800e+01  2.30591e-01
  1.72000e+01  2.47038e-01
  1.72200e+01  2.49080e-01
  1.72400e+01  2.39758e-01
  1.72600e+01  2.02540e-01
  1.72800e+01  1.25366e-01
  1.73000e+01  1.84730e-02
  1.73200e+01 -9.03180e-02
  1.73400e+01 -1.72608e-01
  1.73600e+01 -2.13383e-01
  1.73800e+01 -2.11293e-01
  1.74000e+01 -1.73280e-01
  1.74200e+01 -1.16755e-01
  1.74400e+01 -6.59433e-02
  1.74600e+01 -3.16896e-02
  1.74800e+01 -1.38973e-02
  1.75000e+01 -1.36424e-02
  1.75200e+01 -1.35880e-02
  1.75400e+01  8.99988e-03
  1.75600e+01  3.99315e-02
  1.75800e+01  4.76005e-02
  1.76000e+01  2.07839e-02
  1.76200e+01 -3.11735e-02
  1.76400e+01 -8.63059e-02
  1.76600e+01 -1.26928e-01
  1.76800e+01 -1.52697e-01
  1.77000e+01 -1.67797e-01
  1.77200e+01 -1.72668e-01
  1.77400e+01 -1.64820e-01
  1.77600e+01 -1.35906e-01
  1.77800e+01 -8.52726e-02
  1.78000e+01 -3.52249e-02
  1.78200e+01 -1.26055e-02
  1.78400e+01 -1.80101e-02
  1.78600e+01 -2.48115e-02
  1.78800e+01 -9.26963e-03
  1.79000e+01  2.68108e-02
  1.79200e+01  6.26296e-02
  1.79400e+01  7.57687e-02
  1.79600e+01  6.14183e-02
  1.79800e+01  3.84002e-02
  1.80000e+01  2.68908e-02
  1.80200e+01  3.50363e-02
  1.80400e+01  6.21153e-02
  1.80600e+01  9.64972e-02
  1.80800e+01  1.26898e-01
  1.81000e+01  1.51320e-01
  1.81200e+01  1.66546e-01
  1.81400e+01  1.67720e-01
  1.81600e+01  1.54096e-01
  1.81800e+01  1.29911e-01
  1.82000e+01  1.01238e-01
  1.82200e+01  6.50171e-02
  1.82400e+01  1.49442e-02
  1.82600e+01 -4.10452e-02
  1.82800e+01 -8.82962e-02
  1.83000e+01 -1.19393e-01
  1.83200e+01 -1.35354e-01
  1.83400e+01 -1.46329e-01
  1.83600e+01 -1.58543e-01
  1.83800e+01 -1.59951e-01
  1.84000e+01 -1.40014e-01
  1.84200e+01 -1.10313e-01
  1.84400e+01 -8.94237e-02
  1.84600e+01 -8.29659e-02
  1.84800e+01 -8.29945e-02
  1.85000e+01 -7.42969e-02
  1.85200e+01 -4.51781e-02
  1.85400e+01 -1.64403e-03
  1.85600e+01  3.71921e-02
  1.85800e+01  5.96382e-02
  1.86000e+01  6.56336e-02
  1.86200e+01  5.57573e-02
  1.86400e+01  3.00258e-02
  1.86600e+01 -5.88954e-03
  1.86800e+01 -4.20977e-02
  1.87000e+01 -6.87533e-02
  1.87200e+01 -7.79600e-02
  1.87400e+01 -6.82186e-02
  1.87600e+01 -4.34721e-02
  1.87800e+01 -3.85149e-03
  1.88000e+01  5.71662e-02
  1.88200e+01  1.43231e-01
  1.88400e+01  2.39903e-01
  1.88600e+01  3.14958e-01
  1.88800e+01  3.46061e-01
  1.89000e+01  3.40362e-01
  1.89200e+01  3.18171e-01
  1.89400e+01  2.89605e-01
  1.89600e+01  2.52934e-01
  1.89800e+01  2.00916e-01
  1.90000e+01  1.23525e-01
  1.90200e+01  2.11970e-02
  1.90400e+01 -8.58586e-02
  1.90600e+01 -1.73600e-01
  1.90800e+01 -2.26519e-01
  1.91000e+01 -2.38654e-01
  1.91200e+01 -2.16839e-01
  1.91400e+01 -1.68477e-01
  1.91600e+01 -9.75906e-02
  1.91800e+01 -2.57746e-02
  1.92000e+01  1.71650e-02
  1.92200e+01  2.01039e-02
  1.92400e+01 -1.69772e-02
  1.92600e+01 -8.88109e-02
  1.92800e+01 -1.73561e-01
  1.93000e+01 -2.43339e-01
  1.93200e+01 -2.85012e-01
  1.93400e+01 -3.00979e-01
  1.93600e+01 -2.96043e-01
  1.93800e+01 -2.75661e-01
  1.94000e+01 -2.52183e-01
  1.94200e+01 -2.31380e-01
  1.94400e+01 -2.05394e-01
  1.94600e+01 -1.71560e-01
  1.94800e+01 -1.30927e-01
  1.95000e+01 -7.61355e-02
  1.95200e+01 -7.90712e-03
  1.95400e+01  5.92402e-02
  1.95600e+01  1.18866e-01
  1.95800e+01  1.72465e-01
  1.96000e+01  2.14866e-01
  1.96200e+01  2.42960e-01
  1.96400e+01  2.58980e-01
  1.96600e+01  2.60387e-01
  1.96800e+01  2.49390e-01
  1.97000e+01  2.38302e-01
  1.97200e+01  2.36184e-01
  1.97400e+01  2.43795e-01
  1.97600e+01  2.56196e-01
  1.97800e+01  2.70288e-01
  1.98000e+01  2.83246e-01
  1.98200e+01  2.80495e-01
  1.98400e+01  2.52096e-01
  1.98600e+01  2.07743e-01
  1.98800e+01  1.58251e-01
  1.99000e+01  1.10506e-01
  1.99200e+01  7.22810e-02
  1.99400e+01  4.22770e-02
  1.99600e+01  1.29485e-02
  1.99800e+01 -1.89598e-02
  2.00000e+01 -5.75287e-02
  2.00200e+01 -1.11806e-01
  2.00400e+01 -1.75819e-01
  2.00600e+01 -2.26757e-01
  2.00800e+01 -2.56477e-01
  2.01000e+01 -2.57841e-01
  2.01200e+01 -2.31995e-01
  2.01400e+01 -1.99703e-01
  2.01600e+01 -1.84848e-01
  2.01800e+01 -1.83781e-01
  2.02000e+01 -1.76197e-01
  2.02200e+01 -1.60405e-01
  2.02400e+01 -1.47871e-01
  2.02600e+01 -1.41677e-01
  2.02800e+01 -1.38412e-01
  2.03000e+01 -1.31532e-01
  2.03200e+01 -1.12914e-01
  2.03400e+01 -7.99128e-02
  2.03600e+01 -3.81975e-02
  2.03800e+01  2.54526e-03
  2.04000e+01  3.54762e-02
  2.04200e+01  5.74489e-02
  2.04400e+01  6.73128e-02
  2.04600e+01  6.76230e-02
  2.04800e+01  6.17756e-02
  2.05000e+01  5.12569e-02
  2.05200e+01  3.97299e-02
  2.05400e+01  3.23440e-02
  2.05600e+01  3.03462e-02
  2.05800e+01  3.23995e-02
  2.06000e+01  3.79751e-02
  2.06200e+01  4.55787e-02
  2.06400e+01  5.16602e-02
  2.06600e+01  5.34159e-02
  2.06800e+01  5.06977e-02
  2.07000e+01  4.53281e-02
  2.07200e+01  3.90284e-02
  2.07400e+01  3.21695e-02
  2.07600e+01  2.50094e-02
  2.07800e+01  1.83798e-02
  2.08000e+01  1.26747e-02
  2.08200e+01  7.99790e-03
  2.08400e+01  4.72583e-03
  2.08600e+01  2.86025e-03
  2.08800e+01  1.80780e-03
  2.09000e+01  1.08327e-03
  2.09200e+01  5.46683e-04
  2.09400e+01  1.32057e-04
  2.09600e+01 -2.12687e-04
  2.09800e+01 -5.21473e-04
  2.10000e+01 -8.10067e-04
  2.10200e+01 -1.05989e-03
  2.10400e+01 -1.25474e-03
  2.10600e+01 -1.37275e-03
  2.10800e+01 -1.41341e-03
