  0.00000e+00  0.00000e+00
  2.00000e-02  6.80928e-03
  4.00000e-02  4.39416e-03
  6.00000e-02  4.23644e-03
  8.00000e-02  4.04563e-03
  1.00000e-01  3.81810e-03
  1.20000e-01  3.55720e-03
  1.40000e-01  3.25894e-03
  1.60000e-01  2.92568e-03
  1.80000e-01  2.55488e-03
  2.00000e-01  2.14246e-03
  2.20000e-01  1.68884e-03
  2.40000e-01  1.19690e-03
  2.60000e-01  6.65024e-04
  2.80000e-01  8.16749e-05
  3.00000e-01 -5.43301e-04
  3.20000e-01 -1.16628e-03
  3.40000e-01 -1.74416e-03
  3.60000e-01 -2.28480e-03
  3.80000e-01 -2.87737e-03
  4.00000e-01 -3.66943e-03
  4.20000e-01 -4.72877e-03
  4.40000e-01 -5.88405e-03
  4.60000e-01 -6.86691e-03
  4.80000e-01 -7.66049e-03
  5.00000e-01 -8.45810e-03
  5.20000e-01 -9.32304e-03
  5.40000e-01 -1.01998e-02
  5.60000e-01 -1.10927e-02
  5.80000e-01 -1.18433e-02
  6.00000e-01 -1.21968e-02
  6.20000e-01 -1.28057e-02
  6.40000e-01 -1.48638e-02
  6.60000e-01 -1.81391e-02
  6.80000e-01 -2.15659e-02
  7.00000e-01 -2.39454e-02
  7.20000e-01 -2.27496e-02
  7.40000e-01 -1.82427e-02
  7.60000e-01 -1.64474e-02
  7.80000e-01 -2.07234e-02
  8.00000e-01 -2.71150e-02
  8.20000e-01 -3.17500e-02
  8.40000e-01 -3.41754e-02
  8.60000e-01 -3.37178e-02
  8.80000e-01 -3.04528e-02
  9.00000e-01 -2.80610e-02
  9.20000e-01 -2.87842e-02
  9.40000e-01 -2.88114e-02
  9.60000e-01 -2.59706e-02
  9.80000e-01 -2.51084e-02
  1.00000e+00 -2.93974e-02
  1.02000e+00 -3.77135e-02
  1.04000e+00 -5.03517e-02
  1.06000e+00 -6.14843e-02
  1.08000e+00 -5.84514e-02
  1.10000e+00 -4.37932e-02
  1.12000e+00 -3.47502e-02
  1.14000e+00 -3.62163e-02
  1.16000e+00 -4.01303e-02
  1.18000e+00 -4.32937e-02
  1.20000e+00 -4.48675e-02
  1.22000e+00 -4.03726e-02
  1.24000e+00 -3.35510e-02
  1.26000e+00 -3.95145e-02
  1.28000e+00 -6.10307e-02
  1.30000e+00 -7.64066e-02
  1.32000e+00 -6.69919e-02
  1.34000e+00 -4.03704e-02
  1.36000e+00 -1.31433e-02
  1.38000e+00  6.92212e-03
  1.40000e+00  1.13404e-02
  1.42000e+00 -7.04424e-03
  1.44000e+00 -3.65741e-02
  1.46000e+00 -5.92622e-02
  1.48000e+00 -7.02936e-02
  1.50000e+00 -7.13965e-02
  1.52000e+00 -6.92190e-02
  1.54000e+00 -7.02544e-02
  1.56000e+00 -6.83775e-02
  1.58000e+00 -5.82490e-02
  1.60000e+00 -4.00032e-02
  1.62000e+00 -1.51434e-02
  1.64000e+00 -5.51284e-03
  1.66000e+00 -3.66866e-02
  1.68000e+00 -8.33986e-02
  1.70000e+00 -7.25370e-02
  1.72000e+00  2.85841e-02
  1.74000e+00  1.47213e-01
  1.76000e+00  1.78506e-01
  1.78000e+00  1.10559e-01
  1.80000e+00  1.36168e-02
  1.82000e+00 -8.11519e-02
  1.84000e+00 -1.75578e-01
  1.86000e+00 -1.95189e-01
  1.88000e+00 -8.42913e-02
  1.90000e+00  5.40407e-02
  1.92000e+00  1.04112e-01
  1.94000e+00  8.36311e-02
  1.96000e+00  5.82941e-02
  1.98000e+00  4.97520e-02
  2.00000e+00  4.71060e-02
  2.02000e+00  5.36325e-02
  2.04000e+00  6.50077e-02
  2.06000e+00  1.53403e-02
  2.08000e+00 -1.22514e-01
  2.10000e+00 -2.13411e-01
  2.12000e+00 -1.00236e-01
  2.14000e+00  1.53566e-01
  2.16000e+00  3.23939e-01
  2.18000e+00  3.26161e-01
  2.20000e+00  2.34388e-01
  2.22000e+00  4.00063e-02
  2.24000e+00 -2.64925e-01
  2.26000e+00 -4.62742e-01
  2.28000e+00 -3.53069e-01
  2.30000e+00 -6.45825e-02
  2.32000e+00  1.69571e-01
  2.34000e+00  3.28140e-01
  2.36000e+00  4.73802e-01
  2.38000e+00  5.51146e-01
  2.40000e+00  5.11629e-01
  2.42000e+00  4.38206e-01
  2.44000e+00  3.91135e-01
  2.46000e+00  3.05634e-01
  2.48000e+00  1.32468e-01
  2.50000e+00 -8.76428e-02
  2.52000e+00 -2.75185e-01
  2.54000e+00 -3.28405e-01
  2.56000e+00 -2.20351e-01
  2.58000e+00 -7.19277e-02
  2.60000e+00  6.23927e-03
  2.62000e+00  6.33313e-02
  2.64000e+00  2.27776e-01
  2.66000e+00  5.00851e-01
  2.68000e+00  7.15845e-01
  2.70000e+00  7.61987e-01
  2.72000e+00  7.16134e-01
  2.74000e+00  7.08805e-01
  2.76000e+00  7.93886e-01
  2.78000e+00  9.28450e-01
  2.80000e+00  9.50426e-01
  2.82000e+00  6.88900e-01
  2.84000e+00  2.29536e-01
  2.86000e+00 -1.51053e-01
  2.88000e+00 -3.55701e-01
  2.90000e+00 -4.56797e-01
  2.92000e+00 -3.96113e-01
  2.94000e+00 -6.28993e-02
  2.96000e+00  4.32045e-01
  2.98000e+00  8.48216e-01
  3.00000e+00  1.04036e+00
  3.02000e+00  1.01298e+00
  3.04000e+00  8.90924e-01
  3.06000e+00  7.65767e-01
  3.08000e+00  6.53504e-01
  3.10000e+00  5.97036e-01
  3.12000e+00  5.98026e-01
  3.14000e+00  5.73178e-01
  3.16000e+00  4.86187e-01
  3.18000e+00  3.58293e-01
  3.20000e+00  2.04737e-01
  3.22000e+00  5.97226e-02
  3.24000e+00 -8.97435e-02
  3.26000e+00 -3.35215e-01
  3.28000e+00 -5.46462e-01
  3.30000e+00 -3.59127e-01
  3.32000e+00  2.28829e-01
  3.34000e+00  7.64501e-01
  3.36000e+00  9.61549e-01
  3.38000e+00  9.05541e-01
  3.40000e+00  7.42672e-01
  3.42000e+00  5.47788e-01
  3.44000e+00  4.04363e-01
  3.46000e+00  3.53703e-01
  3.48000e+00  3.08435e-01
  3.50000e+00  2.00483e-01
  3.52000e+00  9.68866e-02
  3.54000e+00  6.03133e-02
  3.56000e+00  6.90993e-02
  3.58000e+00  4.37132e-02
  3.60000e+00 -1.62482e-01
  3.62000e+00 -6.24268e-01
  3.64000e+00 -1.19617e+00
  3.66000e+00 -1.69100e+00
  3.68000e+00 -2.07930e+00
  3.70000e+00 -2.40773e+00
  3.72000e+00 -2.72585e+00
  3.74000e+00 -3.12631e+00
  3.76000e+00 -3.65897e+00
  3.78000e+00 -4.22007e+00
  3.80000e+00 -4.63166e+00
  3.82000e+00 -4.70895e+00
  3.84000e+00 -4.29070e+00
  3.86000e+00 -3.44321e+00
  3.88000e+00 -2.47061e+00
  3.90000e+00 -1.57749e+00
  3.92000e+00 -8.19648e-01
  3.94000e+00 -3.22505e-01
  3.96000e+00 -2.08419e-01
  3.98000e+00 -4.57566e-01
  4.00000e+00 -8.80077e-01
  4.02000e+00 -1.06542e+00
  4.04000e+00 -6.74555e-01
  4.06000e+00  1.77458e-01
  4.08000e+00  1.06805e+00
  4.10000e+00  1.52500e+00
  4.12000e+00  1.21633e+00
  4.14000e+00  2.87403e-01
  4.16000e+00 -6.75520e-01
  4.18000e+00 -1.25875e+00
  4.20000e+00 -1.55536e+00
  4.22000e+00 -1.61032e+00
  4.24000e+00 -1.04500e+00
  4.26000e+00  2.48393e-01
  4.28000e+00  1.81969e+00
  4.30000e+00  3.38258e+00
  4.32000e+00  4.78550e+00
  4.34000e+00  5.49804e+00
  4.36000e+00  5.34583e+00
  4.38000e+00  4.87621e+00
  4.40000e+00  4.03974e+00
  4.42000e+00  2.21656e+00
  4.44000e+00 -2.06013e-01
  4.46000e+00 -2.22471e+00
  4.48000e+00 -3.47253e+00
  4.50000e+00 -3.80647e+00
  4.52000e+00 -2.95728e+00
  4.54000e+00 -1.23423e+00
  4.56000e+00  4.82926e-01
  4.58000e+00  1.65228e+00
  4.60000e+00  2.24417e+00
  4.62000e+00  2.35953e+00
  4.64000e+00  2.28267e+00
  4.66000e+00  2.21963e+00
  4.68000e+00  1.98679e+00
  4.70000e+00  1.56391e+00
  4.72000e+00  1.25319e+00
  4.74000e+00  1.16978e+00
  4.76000e+00  1.21187e+00
  4.78000e+00  1.25530e+00
  4.80000e+00  1.26731e+00
  4.82000e+00  1.36701e+00
  4.84000e+00  1.63103e+00
  4.86000e+00  1.98757e+00
  4.88000e+00  2.27761e+00
  4.90000e+00  2.36857e+00
  4.92000e+00  2.31127e+00
  4.94000e+00  2.11930e+00
  4.96000e+00  1.65307e+00
  4.98000e+00  9.61044e-01
  5.00000e+00  1.01663e-01
  5.02000e+00 -1.08744e+00
  5.04000e+00 -2.51961e+00
  5.06000e+00 -3.79822e+00
  5.08000e+00 -4.68972e+00
  5.10000e+00 -5.20526e+00
  5.12000e+00 -5.40710e+00
  5.14000e+00 -5.36422e+00
  5.16000e+00 -5.22450e+00
  5.18000e+00 -5.10500e+00
  5.20000e+00 -4.93030e+00
  5.22000e+00 -4.63810e+00
  5.24000e+00 -4.35106e+00
  5.26000e+00 -4.12995e+00
  5.28000e+00 -3.85769e+00
  5.30000e+00 -3.44852e+00
  5.32000e+00 -2.90337e+00
  5.34000e+00 -2.10064e+00
  5.36000e+00 -6.39456e-01
  5.38000e+00  1.68802e+00
  5.40000e+00  4.05208e+00
  5.42000e+00  5.19130e+00
  5.44000e+00  5.09058e+00
  5.46000e+00  4.74085e+00
  5.48000e+00  4.62575e+00
  5.50000e+00  4.65550e+00
  5.52000e+00  4.73971e+00
  5.54000e+00  4.83443e+00
  5.56000e+00  4.92983e+00
  5.58000e+00  5.01758e+00
  5.60000e+00  5.12639e+00
  5.62000e+00  5.19181e+00
  5.64000e+00  4.86752e+00
  5.66000e+00  4.00896e+00
  5.68000e+00  2.87708e+00
  5.70000e+00  1.69939e+00
  5.72000e+00  6.07477e-01
  5.74000e+00 -5.21778e-01
  5.76000e+00 -2.06192e+00
  5.78000e+00 -3.78819e+00
  5.80000e+00 -4.83578e+00
  5.82000e+00 -4.64809e+00
  5.84000e+00 -3.24846e+00
  5.86000e+00 -1.15520e+00
  5.88000e+00  7.54654e-01
  5.90000e+00  1.86612e+00
  5.92000e+00  2.07273e+00
  5.94000e+00  1.52062e+00
  5.96000e+00  5.04849e-01
  5.98000e+00 -6.88753e-01
  6.00000e+00 -1.78113e+00
  6.02000e+00 -2.41730e+00
  6.04000e+00 -2.52456e+00
  6.06000e+00 -2.40912e+00
  6.08000e+00 -2.41916e+00
  6.10000e+00 -2.72139e+00
  6.12000e+00 -2.98613e+00
  6.14000e+00 -2.56109e+00
  6.16000e+00 -1.40398e+00
  6.18000e+00 -1.59009e-01
  6.20000e+00  7.57715e-01
  6.22000e+00  1.40490e+00
  6.24000e+00  1.82614e+00
  6.26000e+00  1.84270e+00
  6.28000e+00  1.33322e+00
  6.30000e+00  4.22063e-01
  6.32000e+00 -6.27890e-01
  6.34000e+00 -1.35714e+00
  6.36000e+00 -1.25969e+00
  6.38000e+00 -3.55476e-01
  6.40000e+00  7.85613e-01
  6.42000e+00  1.50390e+00
  6.44000e+00  1.46464e+00
  6.46000e+00  9.38914e-01
  6.48000e+00  3.66600e-01
  6.50000e+00 -2.02899e-01
  6.52000e+00 -7.98161e-01
  6.54000e+00 -1.26342e+00
  6.56000e+00 -1.54834e+00
  6.58000e+00 -1.73942e+00
  6.60000e+00 -1.80713e+00
  6.62000e+00 -1.58831e+00
  6.64000e+00 -9.91311e-01
  6.66000e+00 -1.31736e-01
  6.68000e+00  7.26606e-01
  6.70000e+00  1.37092e+00
  6.72000e+00  1.75554e+00
  6.74000e+00  1.91029e+00
  6.76000e+00  1.88009e+00
  6.78000e+00  1.72279e+00
  6.80000e+00  1.46659e+00
  6.82000e+00  1.12589e+00
  6.84000e+00  6.25877e-01
  6.86000e+00 -1.31559e-01
  6.88000e+00 -8.66229e-01
  6.90000e+00 -1.10634e+00
  6.92000e+00 -8.77104e-01
  6.94000e+00 -5.09770e-01
  6.96000e+00 -1.11223e-02
  6.98000e+00  6.91387e-01
  7.00000e+00  1.35267e+00
  7.02000e+00  1.77493e+00
  7.04000e+00  2.02268e+00
  7.06000e+00  2.13478e+00
  7.08000e+00  2.11365e+00
  7.10000e+00  1.95554e+00
  7.12000e+00  1.51005e+00
  7.14000e+00  7.47159e-01
  7.16000e+00 -3.12947e-02
  7.18000e+00 -5.82282e-01
  7.20000e+00 -9.20043e-01
  7.22000e+00 -1.04067e+00
  7.24000e+00 -8.99165e-01
  7.26000e+00 -6.37252e-01
  7.28000e+00 -5.39825e-01
  7.30000e+00 -7.70523e-01
  7.32000e+00 -1.20801e+00
  7.34000e+00 -1.57211e+00
  7.36000e+00 -1.67605e+00
  7.38000e+00 -1.44772e+00
  7.40000e+00 -8.93227e-01
  7.42000e+00 -2.20044e-01
  7.44000e+00  1.85177e-01
  7.46000e+00  5.50842e-02
  7.48000e+00 -4.60348e-01
  7.50000e+00 -9.26277e-01
  7.52000e+00 -1.09181e+00
  7.54000e+00 -9.52258e-01
  7.56000e+00 -5.30216e-01
  7.58000e+00  1.25757e-02
  7.60000e+00  3.50492e-01
  7.62000e+00  3.13055e-01
  7.64000e+00 -3.91441e-03
  7.66000e+00 -4.27280e-01
  7.68000e+00 -8.40087e-01
  7.70000e+00 -1.16998e+00
  7.72000e+00 -1.35736e+00
  7.74000e+00 -1.37773e+00
  7.76000e+00 -1.27823e+00
  7.78000e+00 -1.14230e+00
  7.80000e+00 -9.85828e-01
  7.82000e+00 -7.79477e-01
  7.84000e+00 -5.83341e-01
  7.86000e+00 -4.59869e-01
  7.88000e+00 -3.30069e-01
  7.90000e+00 -1.49468e-01
  7.92000e+00 -2.79357e-02
  7.94000e+00 -5.16215e-02
  7.96000e+00 -2.30064e-01
  7.98000e+00 -5.48085e-01
  8.00000e+00 -9.10091e-01
  8.02000e+00 -1.19687e+00
  8.04000e+00 -1.33999e+00
  8.06000e+00 -1.24650e+00
  8.08000e+00 -8.68892e-01
  8.10000e+00 -3.12698e-01
  8.12000e+00  3.27255e-01
  8.14000e+00  1.00336e+00
  8.16000e+00  1.53574e+00
  8.18000e+00  1.73272e+00
  8.20000e+00  1.52619e+00
  8.22000e+00  8.83917e-01
  8.24000e+00 -1.90487e-02
  8.26000e+00 -7.74000e-01
  8.28000e+00 -1.14668e+00
  8.30000e+00 -1.13539e+00
  8.32000e+00 -7.47134e-01
  8.34000e+00 -5.41096e-02
  8.36000e+00  6.74166e-01
  8.38000e+00  1.11636e+00
  8.40000e+00  1.23116e+00
  8.42000e+00  1.23935e+00
  8.44000e+00  1.31206e+00
  8.46000e+00  1.52092e+00
  8.48000e+00  1.86693e+00
  8.50000e+00  2.24722e+00
  8.52000e+00  2.56589e+00
  8.54000e+00  2.80227e+00
  8.56000e+00  2.87084e+00
  8.58000e+00  2.51579e+00
  8.60000e+00  1.64591e+00
  8.62000e+00  6.40922e-01
  8.64000e+00 -1.37088e-01
  8.66000e+00 -7.59191e-01
  8.68000e+00 -1.36987e+00
  8.70000e+00 -1.88482e+00
  8.72000e+00 -2.13444e+00
  8.74000e+00 -2.21972e+00
  8.76000e+00 -2.49394e+00
  8.78000e+00 -2.91852e+00
  8.80000e+00 -2.97740e+00
  8.82000e+00 -2.37542e+00
  8.84000e+00 -1.34950e+00
  8.86000e+00 -3.96250e-01
  8.88000e+00  1.98628e-01
  8.90000e+00  5.39389e-01
  8.92000e+00  8.31093e-01
  8.94000e+00  1.19214e+00
  8.96000e+00  1.63649e+00
  8.98000e+00  2.07253e+00
  9.00000e+00  2.44220e+00
  9.02000e+00  2.77832e+00
  9.04000e+00  3.08263e+00
  9.06000e+00  3.31845e+00
  9.08000e+00  3.51303e+00
  9.10000e+00  3.50200e+00
  9.12000e+00  2.78599e+00
  9.14000e+00  1.32299e+00
  9.16000e+00 -1.60508e-01
  9.18000e+00 -1.23980e+00
  9.20000e+00 -2.14874e+00
  9.22000e+00 -2.92646e+00
  9.24000e+00 -3.36899e+00
  9.26000e+00 -3.57603e+00
  9.28000e+00 -3.57384e+00
  9.30000e+00 -3.09638e+00
  9.32000e+00 -2.27926e+00
  9.34000e+00 -1.55840e+00
  9.36000e+00 -1.01173e+00
  9.38000e+00 -5.69722e-01
  9.40000e+00 -2.62581e-01
  9.42000e+00 -3.27383e-02
  9.44000e+00  2.39786e-01
  9.46000e+00  5.88972e-01
  9.48000e+00  9.09072e-01
  9.50000e+00  1.03192e+00
  9.52000e+00  9.01884e-01
  9.54000e+00  6.15296e-01
  9.56000e+00  2.92356e-01
  9.58000e+00 -9.26451e-03
  9.60000e+00 -2.29314e-01
  9.62000e+00 -2.79889e-01
  9.64000e+00 -1.75266e-01
  9.66000e+00 -5.58597e-02
  9.68000e+00 -3.64972e-02
  9.70000e+00 -1.36520e-01
  9.72000e+00 -3.12639e-01
  9.74000e+00 -4.70269e-01
  9.76000e+00 -5.31461e-01
  9.78000e+00 -5.28451e-01
  9.80000e+00 -5.50642e-01
  9.82000e+00 -6.35424e-01
  9.84000e+00 -7.29880e-01
  9.86000e+00 -7.04383e-01
  9.88000e+00 -4.56620e-01
  9.90000e+00 -2.75250e-02
  9.92000e+00  4.25995e-01
  9.94000e+00  7.48619e-01
  9.96000e+00  8.78140e-01
  9.98000e+00  8.58933e-01
  1.00000e+01  7.73492e-01
  1.00200e+01  6.67615e-01
  1.00400e+01  5.59417e-01
  1.00600e+01  4.96983e-01
  1.00800e+01  5.24082e-01
  1.01000e+01  5.92287e-01
  1.01200e+01  5.90506e-01
  1.01400e+01  4.54390e-01
  1.01600e+01  2.24330e-01
  1.01800e+01  1.45437e-02
  1.02000e+01 -8.01096e-02
  1.02200e+01 -4.56273e-02
  1.02400e+01  6.31126e-02
  1.02600e+01  1.60179e-01
  1.02800e+01  1.77306e-01
  1.03000e+01  1.15940e-01
  1.03200e+01  5.44567e-02
  1.03400e+01  8.05338e-02
  1.03600e+01  2.05093e-01
  1.03800e+01  3.59681e-01
  1.04000e+01  4.69898e-01
  1.04200e+01  4.95104e-01
  1.04400e+01  4.22305e-01
  1.04600e+01  2.79919e-01
  1.04800e+01  1.35825e-01
  1.05000e+01  4.82188e-02
  1.05200e+01  4.22521e-02
  1.05400e+01  1.19618e-01
  1.05600e+01  2.49634e-01
  1.05800e+01  3.69935e-01
  1.06000e+01  4.29165e-01
  1.06200e+01  4.25704e-01
  1.06400e+01  3.90660e-01
  1.06600e+01  3.46906e-01
  1.06800e+01  3.08060e-01
  1.07000e+01  2.88204e-01
  1.07200e+01  2.77242e-01
  1.07400e+01  2.39980e-01
  1.07600e+01  1.57431e-01
  1.07800e+01  4.14292e-02
  1.08000e+01 -7.61261e-02
  1.08200e+01 -1.55610e-01
  1.08400e+01 -1.72068e-01
  1.08600e+01 -1.17576e-01
  1.08800e+01 -2.37700e-04
  1.09000e+01  1.29828e-01
  1.09200e+01  2.00689e-01
  1.09400e+01  1.85709e-01
  1.09600e+01  1.15647e-01
  1.09800e+01  4.20276e-02
  1.10000e+01  5.01696e-03
  1.10200e+01  5.34191e-03
  1.10400e+01  1.01031e-02
  1.10600e+01 -5.31567e-03
  1.10800e+01 -4.75385e-02
  1.11000e+01 -1.23687e-01
  1.11200e+01 -2.33448e-01
  1.11400e+01 -3.33761e-01
  1.11600e+01 -3.29339e-01
  1.11800e+01 -1.66967e-01
  1.12000e+01  6.14312e-02
  1.12200e+01  2.01192e-01
  1.12400e+01  1.82441e-01
  1.12600e+01  2.91737e-02
  1.12800e+01 -1.86543e-01
  1.13000e+01 -3.73938e-01
  1.13200e+01 -4.62467e-01
  1.13400e+01 -4.18286e-01
  1.13600e+01 -2.65593e-01
  1.13800e+01 -1.01023e-01
  1.14000e+01 -2.09932e-02
  1.14200e+01 -6.11231e-02
  1.14400e+01 -2.19411e-01
  1.14600e+01 -4.64636e-01
  1.14800e+01 -7.41246e-01
  1.15000e+01 -1.00037e+00
  1.15200e+01 -1.20630e+00
  1.15400e+01 -1.34051e+00
  1.15600e+01 -1.40890e+00
  1.15800e+01 -1.41835e+00
  1.16000e+01 -1.34375e+00
  1.16200e+01 -1.13899e+00
  1.16400e+01 -8.11242e-01
  1.16600e+01 -4.59338e-01
  1.16800e+01 -1.94745e-01
  1.17000e+01 -5.30046e-02
  1.17200e+01 -7.46127e-03
  1.17400e+01 -2.63774e-02
  1.17600e+01 -8.12408e-02
  1.17800e+01 -1.29812e-01
  1.18000e+01 -1.32430e-01
  1.18200e+01 -8.43635e-02
  1.18400e+01 -1.96257e-02
  1.18600e+01  2.43732e-02
  1.18800e+01  4.18786e-02
  1.19000e+01  4.59881e-02
  1.19200e+01  4.17797e-02
  1.19400e+01  3.12444e-02
  1.19600e+01  2.04301e-02
  1.19800e+01  1.21497e-02
  1.20000e+01  6.11621e-03
  1.20200e+01  1.02281e-02
  1.20400e+01  4.28396e-02
  1.20600e+01  1.11561e-01
  1.20800e+01  2.00236e-01
  1.21000e+01  2.84227e-01
  1.21200e+01  3.46883e-01
  1.21400e+01  3.90444e-01
  1.21600e+01  4.30224e-01
  1.21800e+01  4.60321e-01
  1.22000e+01  4.43350e-01
  1.22200e+01  3.57860e-01
  1.22400e+01  2.39769e-01
  1.22600e+01  1.55567e-01
  1.22800e+01  1.53492e-01
  1.23000e+01  2.51032e-01
  1.23200e+01  4.28218e-01
  1.23400e+01  6.22420e-01
  1.23600e+01  7.65431e-01
  1.23800e+01  8.30636e-01
  1.24000e+01  8.39186e-01
  1.24200e+01  8.31607e-01
  1.24400e+01  8.36478e-01
  1.24600e+01  8.66364e-01
  1.24800e+01  9.24819e-01
  1.25000e+01  9.99857e-01
  1.25200e+01  1.06712e+00
  1.25400e+01  1.06680e+00
  1.25600e+01  8.88928e-01
  1.25800e+01  5.18633e-01
  1.26000e+01  1.34700e-01
  1.26200e+01 -9.41146e-02
  1.26400e+01 -1.69390e-01
  1.26600e+01 -1.54852e-01
  1.26800e+01 -9.17340e-02
  1.27000e+01 -1.65215e-02
  1.27200e+01  3.76892e-02
  1.27400e+01  4.52629e-02
  1.27600e+01  3.01767e-03
  1.27800e+01 -6.25622e-02
  1.28000e+01 -1.30713e-01
  1.28200e+01 -2.04534e-01
  1.28400e+01 -2.90977e-01
  1.28600e+01 -3.84393e-01
  1.28800e+01 -4.63330e-01
  1.29000e+01 -5.05357e-01
  1.29200e+01 -5.10931e-01
  1.29400e+01 -5.01958e-01
  1.29600e+01 -5.05598e-01
  1.29800e+01 -5.44687e-01
  1.30000e+01 -6.20726e-01
  1.30200e+01 -7.13171e-01
  1.30400e+01 -8.00629e-01
  1.30600e+01 -8.53849e-01
  1.30800e+01 -8.36054e-01
  1.31000e+01 -7.46612e-01
  1.31200e+01 -6.30556e-01
  1.31400e+01 -5.37417e-01
  1.31600e+01 -4.89754e-01
  1.31800e+01 -4.71173e-01
  1.32000e+01 -4.39375e-01
  1.32200e+01 -3.66723e-01
  1.32400e+01 -2.58019e-01
  1.32600e+01 -1.30155e-01
  1.32800e+01 -3.89578e-04
  1.33000e+01  1.08167e-01
  1.33200e+01  1.74081e-01
  1.33400e+01  1.92295e-01
  1.33600e+01  1.70493e-01
  1.33800e+01  1.19146e-01
  1.34000e+01  5.73239e-02
  1.34200e+01  1.23370e-02
  1.34400e+01 -2.95902e-03
  1.34600e+01  9.71816e-04
  1.34800e+01  7.63577e-03
  1.35000e+01  1.63282e-03
  1.35200e+01 -3.24701e-02
  1.35400e+01 -9.20978e-02
  1.35600e+01 -1.50546e-01
  1.35800e+01 -1.84284e-01
  1.36000e+01 -1.83805e-01
  1.36200e+01 -1.48741e-01
  1.36400e+01 -1.01309e-01
  1.36600e+01 -6.82688e-02
  1.36800e+01 -3.69397e-02
  1.37000e+01  2.90348e-02
  1.37200e+01  1.40815e-01
  1.37400e+01  2.73396e-01
  1.37600e+01  3.88688e-01
  1.37800e+01  4.61138e-01
  1.38000e+01  4.77771e-01
  1.38200e+01  4.32859e-01
  1.38400e+01  3.44758e-01
  1.38600e+01  2.57417e-01
  1.38800e+01  2.14209e-01
  1.39000e+01  2.34818e-01
  1.39200e+01  3.05731e-01
  1.39400e+01  3.93379e-01
  1.39600e+01  4.64313e-01
  1.39800e+01  4.90976e-01
  1.40000e+01  4.65126e-01
  1.40200e+01  4.03059e-01
  1.40400e+01  3.18585e-01
  1.40600e+01  2.13863e-01
  1.40800e+01  9.90062e-02
  1.41000e+01 -6.27532e-03
  1.41200e+01 -8.86304e-02
  1.41400e+01 -1.45638e-01
  1.41600e+01 -1.70986e-01
  1.41800e+01 -1.45740e-01
  1.42000e+01 -5.82674e-02
  1.42200e+01  7.52905e-02
  1.42400e+01  2.20746e-01
  1.42600e+01  3.47947e-01
  1.42800e+01  4.37788e-01
  1.43000e+01  4.78201e-01
  1.43200e+01  4.54417e-01
  1.43400e+01  3.45309e-01
  1.43600e+01  1.57688e-01
  1.43800e+01 -5.13504e-02
  1.44000e+01 -2.27933e-01
  1.44200e+01 -3.62763e-01
  1.44400e+01 -4.49591e-01
  1.44600e+01 -4.55985e-01
  1.44800e+01 -3.71587e-01
  1.45000e+01 -2.45196e-01
  1.45200e+01 -1.39710e-01
  1.45400e+01 -7.73185e-02
  1.45600e+01 -4.21325e-02
  1.45800e+01 -1.08539e-02
  1.46000e+01  2.58968e-02
  1.46200e+01  6.21225e-02
  1.46400e+01  8.36093e-02
  1.46600e+01  8.19148e-02
  1.46800e+01  7.54660e-02
  1.47000e+01  9.67132e-02
  1.47200e+01  1.53579e-01
  1.47400e+01  2.27071e-01
  1.47600e+01  2.94825e-01
  1.47800e+01  3.37141e-01
  1.48000e+01  3.30635e-01
  1.48200e+01  2.55884e-01
  1.48400e+01  1.18799e-01
  1.48600e+01 -4.59609e-02
  1.48800e+01 -1.95834e-01
  1.49000e+01 -2.94746e-01
  1.49200e+01 -3.15284e-01
  1.49400e+01 -2.50196e-01
  1.49600e+01 -1.28055e-01
  1.49800e+01 -4.52172e-04
  1.50000e+01  9.40178e-02
  1.50200e+01  1.42598e-01
  1.50400e+01  1.48656e-01
  1.50600e+01  1.28043e-01
  1.50800e+01  9.75241e-02
  1.51000e+01  6.11270e-02
  1.51200e+01  1.17177e-02
  1.51400e+01 -7.28366e-02
  1.51600e+01 -2.08701e-01
  1.51800e+01 -3.59426e-01
  1.52000e+01 -4.59207e-01
  1.52200e+01 -4.72422e-01
  1.52400e+01 -3.96150e-01
  1.52600e+01 -2.56240e-01
  1.52800e+01 -1.07690e-01
  1.53000e+01  2.74578e-03
  1.53200e+01  6.18032e-02
  1.53400e+01  8.00705e-02
  1.53600e+01  6.74234e-02
  1.53800e+01  1.26851e-02
  1.54000e+01 -9.27491e-02
  1.54200e+01 -2.30238e-01
  1.54400e+01 -3.70255e-01
  1.54600e+01 -4.71585e-01
  1.54800e+01 -4.85659e-01
  1.55000e+01 -4.09155e-01
  1.55200e+01 -3.01051e-01
  1.55400e+01 -2.30749e-01
  1.55600e+01 -2.26931e-01
  1.55800e+01 -2.69191e-01
  1.56000e+01 -3.17336e-01
  1.56200e+01 -3.39185e-01
  1.56400e+01 -3.12646e-01
  1.56600e+01 -2.28053e-01
  1.56800e+01 -1.00738e-01
  1.57000e+01  3.51152e-02
  1.57200e+01  1.59176e-01
  1.57400e+01  2.80146e-01
  1.57600e+01  4.08043e-01
  1.57800e+01  5.31203e-01
  1.58000e+01  6.23912e-01
  1.58200e+01  6.58389e-01
  1.58400e+01  6.18602e-01
  1.58600e+01  5.06184e-01
  1.58800e+01  3.33600e-01
  1.59000e+01  1.40160e-01
  1.59200e+01 -7.22652e-03
  1.59400e+01 -6.66940e-02
  1.59600e+01 -3.90561e-02
  1.59800e+01  5.83259e-02
  1.60000e+01  1.82180e-01
  1.60200e+01  2.64733e-01
  1.60400e+01  2.56925e-01
  1.60600e+01  1.48609e-01
  1.60800e+01 -3.28091e-02
  1.61000e+01 -2.31372e-01
  1.61200e+01 -3.85109e-01
  1.61400e+01 -4.38999e-01
  1.61600e+01 -3.76516e-01
  1.61800e+01 -2.52879e-01
  1.62000e+01 -1.45130e-01
  1.62200e+01 -8.83205e-02
  1.62400e+01 -8.20742e-02
  1.62600e+01 -9.95040e-02
  1.62800e+01 -9.46313e-02
  1.63000e+01 -4.71798e-02
  1.63200e+01  1.95434e-02
  1.63400e+01  6.92729e-02
  1.63600e+01  7.81236e-02
  1.63800e+01  4.52132e-02
  1.64000e+01 -5.07399e-03
  1.64200e+01 -4.27227e-02
  1.64400e+01 -5.45514e-02
  1.64600e+01 -3.79211e-02
  1.64800e+01  9.69676e-03
  1.65000e+01  7.87778e-02
  1.65200e+01  1.45995e-01
  1.65400e+01  1.92739e-01
  1.65600e+01  2.08423e-01
  1.65800e+01  1.85520e-01
  1.66000e+01  1.32094e-01
  1.66200e+01  7.42601e-02
  1.66400e+01  3.17845e-02
  1.66600e+01  5.72173e-03
  1.66800e+01 -9.39250e-03
  1.67000e+01 -1.18095e-02
  1.67200e+01  1.19202e-02
  1.67400e+01  6.71581e-02
  1.67600e+01  1.31314e-01
  1.67800e+01  1.81818e-01
  1.68000e+01  2.19447e-01
  1.68200e+01  2.43379e-01
  1.68400e+01  2.48738e-01
  1.68600e+01  2.47995e-01
  1.68800e+01  2.52893e-01
  1.69000e+01  2.54983e-01
  1.69200e+01  2.41286e-01
  1.69400e+01  2.08478e-01
  1.69600e+01  1.66363e-01
  1.69800e+01  1.22900e-01
  1.70000e+01  5.88961e-02
  1.70200e+01 -4.69276e-02
  1.70400e+01 -1.81913e-01
  1.70600e+01 -3.19269e-01
  1.70800e+01 -4.25371e-01
  1.71000e+01 -4.50087e-01
  1.71200e+01 -3.70734e-01
  1.71400e+01 -2.27460e-01
  1.71600e+01 -9.11611e-02
  1.71800e+01 -1.55667e-02
  1.72000e+01 -7.20015e-03
  1.72200e+01 -2.47207e-02
  1.72400e+01 -1.47328e-02
  1.72600e+01  4.85420e-02
  1.72800e+01  1.48848e-01
  1.73000e+01  2.41773e-01
  1.73200e+01  2.78563e-01
  1.73400e+01  2.17210e-01
  1.73600e+01  4.80229e-02
  1.73800e+01 -1.71077e-01
  1.74000e+01 -3.51936e-01
  1.74200e+01 -4.53396e-01
  1.74400e+01 -4.83743e-01
  1.74600e+01 -4.62116e-01
  1.74800e+01 -4.09044e-01
  1.75000e+01 -3.37457e-01
  1.75200e+01 -2.46469e-01
  1.75400e+01 -1.42803e-01
  1.75600e+01 -4.99503e-02
  1.75800e+01  6.91851e-03
  1.76000e+01  1.02603e-02
  1.76200e+01 -3.61344e-02
  1.76400e+01 -9.80734e-02
  1.76600e+01 -1.33980e-01
  1.76800e+01 -1.14247e-01
  1.77000e+01 -2.23165e-02
  1.77200e+01  1.29159e-01
  1.77400e+01  2.89522e-01
  1.77600e+01  4.01945e-01
  1.77800e+01  4.40770e-01
  1.78000e+01  4.14764e-01
  1.78200e+01  3.48342e-01
  1.78400e+01  2.67384e-01
  1.78600e+01  1.94409e-01
  1.78800e+01  1.40872e-01
  1.79000e+01  9.93414e-02
  1.79200e+01  5.87426e-02
  1.79400e+01  2.27017e-02
  1.79600e+01 -4.84109e-03
  1.79800e+01 -3.21992e-02
  1.80000e+01 -6.65165e-02
  1.80200e+01 -1.05394e-01
  1.80400e+01 -1.36427e-01
  1.80600e+01 -1.41505e-01
  1.80800e+01 -1.16722e-01
  1.81000e+01 -8.30189e-02
  1.81200e+01 -6.77578e-02
  1.81400e+01 -8.22186e-02
  1.81600e+01 -1.14254e-01
  1.81800e+01 -1.33488e-01
  1.82000e+01 -1.12575e-01
  1.82200e+01 -5.21216e-02
  1.82400e+01  2.27588e-02
  1.82600e+01  8.40808e-02
  1.82800e+01  1.08355e-01
  1.83000e+01  8.43176e-02
  1.83200e+01  2.62387e-02
  1.83400e+01 -3.85578e-02
  1.83600e+01 -8.66703e-02
  1.83800e+01 -9.31057e-02
  1.84000e+01 -4.17358e-02
  1.84200e+01  5.39020e-02
  1.84400e+01  1.64288e-01
  1.84600e+01  2.62216e-01
  1.84800e+01  3.20735e-01
  1.85000e+01  3.22791e-01
  1.85200e+01  2.70465e-01
  1.85400e+01  1.71375e-01
  1.85600e+01  3.67932e-02
  1.85800e+01 -1.06048e-01
  1.86000e+01 -2.22907e-01
  1.86200e+01 -2.90310e-01
  1.86400e+01 -2.99831e-01
  1.86600e+01 -2.57330e-01
  1.86800e+01 -1.80016e-01
  1.87000e+01 -9.20727e-02
  1.87200e+01 -2.37597e-02
  1.87400e+01  1.13164e-04
  1.87600e+01 -1.91491e-02
  1.87800e+01 -6.14681e-02
  1.88000e+01 -1.11154e-01
  1.88200e+01 -1.53283e-01
  1.88400e+01 -1.71543e-01
  1.88600e+01 -1.64113e-01
  1.88800e+01 -1.43309e-01
  1.89000e+01 -1.26697e-01
  1.89200e+01 -1.28583e-01
  1.89400e+01 -1.45942e-01
  1.89600e+01 -1.62896e-01
  1.89800e+01 -1.68337e-01
  1.90000e+01 -1.58998e-01
  1.90200e+01 -1.38986e-01
  1.90400e+01 -1.25430e-01
  1.90600e+01 -1.35453e-01
  1.90800e+01 -1.52953e-01
  1.91000e+01 -1.30920e-01
  1.91200e+01 -4.19449e-02
  1.91400e+01  9.62135e-02
  1.91600e+01  2.42062e-01
  1.91800e+01  3.52394e-01
  1.92000e+01  3.99518e-01
  1.92200e+01  3.82163e-01
  1.92400e+01  3.12820e-01
  1.92600e+01  2.11146e-01
  1.92800e+01  1.07844e-01
  1.93000e+01  2.93216e-02
  1.93200e+01 -9.87934e-03
  1.93400e+01  2.42624e-04
  1.93600e+01  5.48030e-02
  1.93800e+01  1.25960e-01
  1.94000e+01  1.78896e-01
  1.94200e+01  1.93329e-01
  1.94400e+01  1.70736e-01
  1.94600e+01  1.24206e-01
  1.94800e+01  7.02782e-02
  1.95000e+01  2.92614e-02
  1.95200e+01  1.72211e-02
  1.95400e+01  3.11807e-02
  1.95600e+01  5.06612e-02
  1.95800e+01  5.80401e-02
  1.96000e+01  4.94868e-02
  1.96200e+01  3.19240e-02
  1.96400e+01  1.77343e-02
  1.96600e+01  1.03522e-02
  1.96800e+01 -3.63502e-03
  1.97000e+01 -4.05617e-02
  1.97200e+01 -1.03159e-01
  1.97400e+01 -1.71330e-01
  1.97600e+01 -2.06545e-01
  1.97800e+01 -1.76952e-01
  1.98000e+01 -8.19855e-02
  1.98200e+01  4.40527e-02
  1.98400e+01  1.47664e-01
  1.98600e+01  1.87756e-01
  1.98800e+01  1.65961e-01
  1.99000e+01  1.16706e-01
  1.99200e+01  6.15941e-02
  1.99400e+01 -3.85726e-03
  1.99600e+01 -7.74749e-02
  1.99800e+01 -1.42196e-01
  2.00000e+01 -1.86886e-01
  2.00200e+01 -2.02686e-01
  2.00400e+01 -1.79841e-01
  2.00600e+01 -1.24590e-01
  2.00800e+01 -5.57297e-02
  2.01000e+01  6.58076e-03
  2.01200e+01  4.48894e-02
  2.01400e+01  5.72349e-02
  2.01600e+01  4.70258e-02
  2.01800e+01  2.60690e-03
  2.02000e+01 -8.08558e-02
  2.02200e+01 -1.80547e-01
  2.02400e+01 -2.60158e-01
  2.02600e+01 -2.83344e-01
  2.02800e+01 -2.33965e-01
  2.03000e+01 -1.34327e-01
  2.03200e+01 -2.39876e-02
  2.03400e+01  6.24743e-02
  2.03600e+01  1.00022e-01
  2.03800e+01  8.86602e-02
  2.04000e+01  5.25812e-02
  2.04200e+01  1.94574e-02
  2.04400e+01  1.33030e-02
  2.04600e+01  4.36018e-02
  2.04800e+01  9.68044e-02
  2.05000e+01  1.56982e-01
  2.05200e+01  2.17637e-01
  2.05400e+01  2.64493e-01
  2.05600e+01  2.72901e-01
  2.05800e+01  2.32514e-01
  2.06000e+01  1.61398e-01
  2.06200e+01  9.32523e-02
  2.06400e+01  6.13535e-02
  2.06600e+01  8.79774e-02
  2.06800e+01  1.67126e-01
  2.07000e+01  2.60887e-01
  2.07200e+01  3.31340e-01
  2.07400e+01  3.69545e-01
  2.07600e+01  3.84487e-01
  2.07800e+01  3.80640e-01
  2.08000e+01  3.55044e-01
  2.08200e+01  3.03395e-01
  2.08400e+01  2.27689e-01
  2.08600e+01  1.43958e-01
  2.08800e+01  7.43291e-02
  2.09000e+01  2.85477e-02
  2.09200e+01  2.29779e-03
  2.09400e+01 -9.47057e-03
  2.09600e+01 -7.34109e-03
  2.09800e+01  5.68573e-03
  2.10000e+01  1.81138e-02
  2.10200e+01  1.64359e-02
  2.10400e+01 -4.38046e-03
  2.10600e+01 -4.35153e-02
  2.10800e+01 -9.83353e-02
  2.11000e+01 -1.59507e-01
  2.11200e+01 -2.12365e-01
  2.11400e+01 -2.42320e-01
  2.11600e+01 -2.37206e-01
  2.11800e+01 -1.96579e-01
  2.12000e+01 -1.37111e-01
  2.12200e+01 -8.26722e-02
  2.12400e+01 -5.72006e-02
  2.12600e+01 -7.89914e-02
  2.12800e+01 -1.45094e-01
  2.13000e+01 -2.28429e-01
  2.13200e+01 -2.96395e-01
  2.13400e+01 -3.28246e-01
  2.13600e+01 -3.20754e-01
  2.13800e+01 -2.82526e-01
  2.14000e+01 -2.25103e-01
  2.14200e+01 -1.62793e-01
  2.14400e+01 -1.10212e-01
  2.14600e+01 -7.31174e-02
  2.14800e+01 -5.22534e-02
  2.15000e+01 -4.98355e-02
  2.15200e+01 -5.99751e-02
  2.15400e+01 -6.77503e-02
  2.15600e+01 -6.63885e-02
  2.15800e+01 -6.23843e-02
  2.16000e+01 -6.44317e-02
  2.16200e+01 -7.47426e-02
  2.16400e+01 -8.37969e-02
  2.16600e+01 -7.52878e-02
  2.16800e+01 -4.45828e-02
  2.17000e+01 -1.04905e-03
  2.17200e+01  4.36730e-02
  2.17400e+01  6.96414e-02
  2.17600e+01  5.02361e-02
  2.17800e+01 -2.04805e-02
  2.18000e+01 -1.18258e-01
  2.18200e+01 -2.06597e-01
  2.18400e+01 -2.55665e-01
  2.18600e+01 -2.55306e-01
  2.18800e+01 -2.15586e-01
  2.19000e+01 -1.57777e-01
  2.19200e+01 -1.07425e-01
  2.19400e+01 -8.06191e-02
  2.19600e+01 -7.19600e-02
  2.19800e+01 -7.00098e-02
  2.20000e+01 -7.55154e-02
  2.20200e+01 -8.89007e-02
  2.20400e+01 -9.84555e-02
  2.20600e+01 -9.18940e-02
  2.20800e+01 -6.36574e-02
  2.21000e+01 -1.63873e-02
  2.21200e+01  3.58872e-02
  2.21400e+01  7.80805e-02
  2.21600e+01  1.03326e-01
  2.21800e+01  1.08352e-01
  2.22000e+01  9.66829e-02
  2.22200e+01  8.11460e-02
  2.22400e+01  7.04885e-02
  2.22600e+01  6.80332e-02
  2.22800e+01  7.99398e-02
  2.23000e+01  1.05652e-01
  2.23200e+01  1.34081e-01
  2.23400e+01  1.56882e-01
  2.23600e+01  1.70133e-01
  2.23800e+01  1.67375e-01
  2.24000e+01  1.43539e-01
  2.24200e+01  1.01767e-01
  2.24400e+01  4.76418e-02
  2.24600e+01 -1.30357e-02
  2.24800e+01 -6.38240e-02
  2.25000e+01 -8.82211e-02
  2.25200e+01 -8.70110e-02
  2.25400e+01 -6.54903e-02
  2.25600e+01 -2.63800e-02
  2.25800e+01  1.90282e-02
  2.26000e+01  5.35058e-02
  2.26200e+01  6.35612e-02
  2.26400e+01  4.88066e-02
  2.26600e+01  2.86433e-02
  2.26800e+01  2.75958e-02
  2.27000e+01  5.45144e-02
  2.27200e+01  1.02352e-01
  2.27400e+01  1.52578e-01
  2.27600e+01  1.73662e-01
  2.27800e+01  1.40001e-01
  2.28000e+01  6.24213e-02
  2.28200e+01 -1.94301e-02
  2.28400e+01 -7.37258e-02
  2.28600e+01 -9.03056e-02
  2.28800e+01 -7.33113e-02
  2.29000e+01 -3.70712e-02
  2.29200e+01 -1.04580e-03
  2.29400e+01  1.94628e-02
  2.29600e+01  2.29070e-02
  2.29800e+01  2.15158e-02
  2.30000e+01  2.35460e-02
  2.30200e+01  2.59300e-02
  2.30400e+01  2.65502e-02
  2.30600e+01  2.37323e-02
  2.30800e+01  1.62484e-02
  2.31000e+01  1.55748e-02
  2.31200e+01  3.51304e-02
  2.31400e+01  7.23565e-02
  2.31600e+01  1.16867e-01
  2.31800e+01  1.62363e-01
  2.32000e+01  2.04235e-01
  2.32200e+01  2.32040e-01
  2.32400e+01  2.34093e-01
  2.32600e+01  2.14667e-01
  2.32800e+01  1.88377e-01
  2.33000e+01  1.55153e-01
  2.33200e+01  1.06118e-01
  2.33400e+01  4.26655e-02
  2.33600e+01 -3.10678e-02
  2.33800e+01 -1.07113e-01
  2.34000e+01 -1.60276e-01
  2.34200e+01 -1.67268e-01
  2.34400e+01 -1.30256e-01
  2.34600e+01 -7.01570e-02
  2.34800e+01 -1.27391e-02
  2.35000e+01  2.62002e-02
  2.35200e+01  5.05003e-02
  2.35400e+01  7.00190e-02
  2.35600e+01  8.53718e-02
  2.35800e+01  9.14513e-02
  2.36000e+01  8.27253e-02
  2.36200e+01  5.62406e-02
  2.36400e+01  2.18204e-02
  2.36600e+01  1.90529e-03
  2.36800e+01  1.34030e-02
  2.37000e+01  5.43590e-02
  2.37200e+01  1.05869e-01
  2.37400e+01  1.47194e-01
  2.37600e+01  1.66775e-01
  2.37800e+01  1.55960e-01
  2.38000e+01  1.11638e-01
  2.38200e+01  4.61678e-02
  2.38400e+01 -2.05533e-02
  2.38600e+01 -7.10553e-02
  2.38800e+01 -9.67172e-02
  2.39000e+01 -1.04114e-01
  2.39200e+01 -1.07458e-01
  2.39400e+01 -1.16794e-01
  2.39600e+01 -1.30714e-01
  2.39800e+01 -1.36242e-01
  2.40000e+01 -1.26768e-01
  2.40200e+01 -1.14642e-01
  2.40400e+01 -1.18462e-01
  2.40600e+01 -1.43655e-01
  2.40800e+01 -1.71751e-01
  2.41000e+01 -1.75430e-01
  2.41200e+01 -1.51792e-01
  2.41400e+01 -1.24075e-01
  2.41600e+01 -1.12065e-01
  2.41800e+01 -1.17886e-01
  2.42000e+01 -1.30882e-01
  2.42200e+01 -1.35391e-01
  2.42400e+01 -1.24034e-01
  2.42600e+01 -1.07303e-01
  2.42800e+01 -9.99216e-02
  2.43000e+01 -1.01249e-01
  2.43200e+01 -1.01269e-01
  2.43400e+01 -9.41558e-02
  2.43600e+01 -7.60313e-02
  2.43800e+01 -4.42676e-02
  2.44000e+01 -2.78294e-03
  2.44200e+01  3.88214e-02
  2.44400e+01  7.06403e-02
  2.44600e+01  8.69503e-02
  2.44800e+01  8.52515e-02
  2.45000e+01  6.45562e-02
  2.45200e+01  2.89580e-02
  2.45400e+01 -9.90986e-03
  2.45600e+01 -3.71930e-02
  2.45800e+01 -4.17703e-02
  2.46000e+01 -2.11043e-02
  2.46200e+01  1.05425e-02
  2.46400e+01  2.44117e-02
  2.46600e+01  3.60581e-03
  2.46800e+01 -4.38754e-02
  2.47000e+01 -9.74464e-02
  2.47200e+01 -1.33057e-01
  2.47400e+01 -1.33635e-01
  2.47600e+01 -9.85633e-02
  2.47800e+01 -3.74056e-02
  2.48000e+01  3.71573e-02
  2.48200e+01  1.09824e-01
  2.48400e+01  1.63587e-01
  2.48600e+01  1.81611e-01
  2.48800e+01  1.54924e-01
  2.49000e+01  9.04216e-02
  2.49200e+01  9.02329e-03
  2.49400e+01 -5.89046e-02
  2.49600e+01 -8.57842e-02
  2.49800e+01 -6.53013e-02
  2.50000e+01 -1.25139e-02
  2.50200e+01  4.79577e-02
  2.50400e+01  9.38130e-02
  2.50600e+01  1.16468e-01
  2.50800e+01  1.17340e-01
  2.51000e+01  1.03103e-01
  2.51200e+01  8.52330e-02
  2.51400e+01  6.63734e-02
  2.51600e+01  4.26148e-02
  2.51800e+01  2.14854e-02
  2.52000e+01  1.53174e-02
  2.52200e+01  2.49135e-02
  2.52400e+01  3.59135e-02
  2.52600e+01  3.19980e-02
  2.52800e+01  1.73971e-02
  2.53000e+01  1.09244e-02
  2.53200e+01  1.78333e-02
  2.53400e+01  2.55695e-02
  2.53600e+01  2.48347e-02
  2.53800e+01  2.27835e-02
  2.54000e+01  3.20745e-02
  2.54200e+01  5.88421e-02
  2.54400e+01  1.02458e-01
  2.54600e+01  1.53028e-01
  2.54800e+01  1.93339e-01
  2.55000e+01  2.10748e-01
  2.55200e+01  2.07388e-01
  2.55400e+01  1.96559e-01
  2.55600e+01  1.83897e-01
  2.55800e+01  1.62091e-01
  2.56000e+01  1.27510e-01
  2.56200e+01  8.69457e-02
  2.56400e+01  5.35277e-02
  2.56600e+01  4.35083e-02
  2.56800e+01  6.18917e-02
  2.57000e+01  9.31199e-02
  2.57200e+01  1.14105e-01
  2.57400e+01  1.06679e-01
  2.57600e+01  6.72257e-02
  2.57800e+01  1.19790e-02
  2.58000e+01 -4.06407e-02
  2.58200e+01 -8.22292e-02
  2.58400e+01 -1.07171e-01
  2.58600e+01 -1.12330e-01
  2.58800e+01 -9.57463e-02
  2.59000e+01 -5.63441e-02
  2.59200e+01 -7.89144e-03
  2.59400e+01  2.24066e-02
  2.59600e+01  1.54820e-02
  2.59800e+01 -2.68201e-02
  2.60000e+01 -8.24751e-02
  2.60200e+01 -1.23061e-01
  2.60400e+01 -1.34188e-01
  2.60600e+01 -1.22032e-01
  2.60800e+01 -1.02711e-01
  2.61000e+01 -9.00235e-02
  2.61200e+01 -9.07001e-02
  2.61400e+01 -9.96404e-02
  2.61600e+01 -1.03053e-01
  2.61800e+01 -9.60301e-02
  2.62000e+01 -8.35935e-02
  2.62200e+01 -7.03772e-02
  2.62400e+01 -6.42497e-02
  2.62600e+01 -6.99179e-02
  2.62800e+01 -8.03506e-02
  2.63000e+01 -9.05554e-02
  2.63200e+01 -1.02261e-01
  2.63400e+01 -1.15240e-01
  2.63600e+01 -1.29952e-01
  2.63800e+01 -1.47539e-01
  2.64000e+01 -1.63084e-01
  2.64200e+01 -1.64918e-01
  2.64400e+01 -1.41531e-01
  2.64600e+01 -9.81723e-02
  2.64800e+01 -5.71123e-02
  2.65000e+01 -3.46871e-02
  2.65200e+01 -3.91631e-02
  2.65400e+01 -7.46583e-02
  2.65600e+01 -1.24063e-01
  2.65800e+01 -1.54355e-01
  2.66000e+01 -1.47404e-01
  2.66200e+01 -1.13638e-01
  2.66400e+01 -7.90591e-02
  2.66600e+01 -5.90116e-02
  2.66800e+01 -4.89215e-02
  2.67000e+01 -3.97393e-02
  2.67200e+01 -2.83398e-02
  2.67400e+01 -1.72733e-02
  2.67600e+01 -1.51783e-02
  2.67800e+01 -3.22935e-02
  2.68000e+01 -6.71046e-02
  2.68200e+01 -1.01209e-01
  2.68400e+01 -1.17046e-01
  2.68600e+01 -1.11326e-01
  2.68800e+01 -8.47199e-02
  2.69000e+01 -3.88382e-02
  2.69200e+01  1.54805e-02
  2.69400e+01  6.37400e-02
  2.69600e+01  9.28296e-02
  2.69800e+01  9.07689e-02
  2.70000e+01  5.95249e-02
  2.70200e+01  1.94236e-02
  2.70400e+01 -8.96945e-03
  2.70600e+01 -1.67493e-02
  2.70800e+01 -1.77423e-03
  2.71000e+01  3.30945e-02
  2.71200e+01  7.37002e-02
  2.71400e+01  1.02311e-01
  2.71600e+01  1.12072e-01
  2.71800e+01  1.01689e-01
  2.72000e+01  7.21577e-02
  2.72200e+01  3.64760e-02
  2.72400e+01  1.58665e-02
  2.72600e+01  2.47971e-02
  2.72800e+01  6.07722e-02
  2.73000e+01  1.06550e-01
  2.73200e+01  1.40580e-01
  2.73400e+01  1.45335e-01
  2.73600e+01  1.17849e-01
  2.73800e+01  7.19248e-02
  2.74000e+01  2.55681e-02
  2.74200e+01 -7.61754e-03
  2.74400e+01 -2.27773e-02
  2.74600e+01 -2.13092e-02
  2.74800e+01 -1.17081e-03
  2.75000e+01  3.76290e-02
  2.75200e+01  8.46836e-02
  2.75400e+01  1.28605e-01
  2.75600e+01  1.65381e-01
  2.75800e+01  1.96571e-01
  2.76000e+01  2.24843e-01
  2.76200e+01  2.48476e-01
  2.76400e+01  2.62045e-01
  2.76600e+01  2.62604e-01
  2.76800e+01  2.49938e-01
  2.77000e+01  2.25329e-01
  2.77200e+01  1.93861e-01
  2.77400e+01  1.59859e-01
  2.77600e+01  1.20590e-01
  2.77800e+01  7.43123e-02
  2.78000e+01  2.90599e-02
  2.78200e+01 -7.72519e-03
  2.78400e+01 -3.99374e-02
  2.78600e+01 -7.20200e-02
  2.78800e+01 -9.74948e-02
  2.79000e+01 -1.07319e-01
  2.79200e+01 -9.66448e-02
  2.79400e+01 -6.10907e-02
  2.79600e+01 -4.65717e-03
  2.79800e+01  5.42963e-02
  2.80000e+01  9.74439e-02
  2.80200e+01  1.14700e-01
  2.80400e+01  1.04525e-01
  2.80600e+01  7.97305e-02
  2.80800e+01  5.82294e-02
  2.81000e+01  4.50287e-02
  2.81200e+01  3.26089e-02
  2.81400e+01  1.40580e-02
  2.81600e+01 -7.99817e-03
  2.81800e+01 -2.68873e-02
  2.82000e+01 -4.20839e-02
  2.82200e+01 -5.61277e-02
  2.82400e+01 -6.99339e-02
  2.82600e+01 -8.47236e-02
  2.82800e+01 -9.92037e-02
  2.83000e+01 -1.08277e-01
  2.83200e+01 -1.07617e-01
  2.83400e+01 -9.54736e-02
  2.83600e+01 -7.32758e-02
  2.83800e+01 -4.76194e-02
  2.84000e+01 -3.04898e-02
  2.84200e+01 -3.17093e-02
  2.84400e+01 -4.99541e-02
  2.84600e+01 -7.75551e-02
  2.84800e+01 -1.06044e-01
  2.85000e+01 -1.24922e-01
  2.85200e+01 -1.29786e-01
  2.85400e+01 -1.26368e-01
  2.85600e+01 -1.20185e-01
  2.85800e+01 -1.11623e-01
  2.86000e+01 -9.97662e-02
  2.86200e+01 -8.73764e-02
  2.86400e+01 -8.13363e-02
  2.86600e+01 -8.66126e-02
  2.86800e+01 -1.02250e-01
  2.87000e+01 -1.20857e-01
  2.87200e+01 -1.32902e-01
  2.87400e+01 -1.35066e-01
  2.87600e+01 -1.29703e-01
  2.87800e+01 -1.19738e-01
  2.88000e+01 -1.08223e-01
  2.88200e+01 -9.57764e-02
  2.88400e+01 -8.09692e-02
  2.88600e+01 -6.68591e-02
  2.88800e+01 -5.87293e-02
  2.89000e+01 -5.77730e-02
  2.89200e+01 -6.20840e-02
  2.89400e+01 -6.65156e-02
  2.89600e+01 -6.63498e-02
  2.89800e+01 -6.29153e-02
  2.90000e+01 -5.51378e-02
  2.90200e+01 -3.74654e-02
  2.90400e+01 -9.72503e-03
  2.90600e+01  2.27395e-02
  2.90800e+01  5.04358e-02
  2.91000e+01  6.46322e-02
  2.91200e+01  6.47380e-02
  2.91400e+01  5.36471e-02
  2.91600e+01  3.90797e-02
  2.91800e+01  3.36210e-02
  2.92000e+01  4.22543e-02
  2.92200e+01  6.37241e-02
  2.92400e+01  9.42274e-02
  2.92600e+01  1.24138e-01
  2.92800e+01  1.46787e-01
  2.93000e+01  1.63446e-01
  2.93200e+01  1.74686e-01
  2.93400e+01  1.72716e-01
  2.93600e+01  1.45349e-01
  2.93800e+01  9.23709e-02
  2.94000e+01  2.81558e-02
  2.94200e+01 -3.23216e-02
  2.94400e+01 -7.57942e-02
  2.94600e+01 -9.31187e-02
  2.94800e+01 -8.93895e-02
  2.95000e+01 -7.64979e-02
  2.95200e+01 -5.88204e-02
  2.95400e+01 -3.60518e-02
  2.95600e+01 -9.23792e-03
  2.95800e+01  2.12545e-02
  2.96000e+01  5.30502e-02
  2.96200e+01  7.93184e-02
  2.96400e+01  9.65512e-02
  2.96600e+01  1.05778e-01
  2.96800e+01  1.07928e-01
  2.97000e+01  1.07509e-01
  2.97200e+01  1.09864e-01
  2.97400e+01  1.13250e-01
  2.97600e+01  1.15067e-01
  2.97800e+01  1.17945e-01
  2.98000e+01  1.21492e-01
  2.98200e+01  1.18896e-01
  2.98400e+01  1.08719e-01
  2.98600e+01  9.82909e-02
  2.98800e+01  9.15293e-02
  2.99000e+01  8.84075e-02
  2.99200e+01  9.09022e-02
  2.99400e+01  9.57274e-02
  2.99600e+01  9.50409e-02
  2.99800e+01  8.63441e-02
  3.00000e+01  7.15965e-02
  3.00200e+01  5.78915e-02
  3.00400e+01  5.47884e-02
  3.00600e+01  5.90727e-02
  3.00800e+01  5.82603e-02
  3.01000e+01  4.70879e-02
  3.01200e+01  2.60510e-02
  3.01400e+01 -1.66595e-03
  3.01600e+01 -2.92262e-02
  3.01800e+01 -5.25001e-02
  3.02000e+01 -7.13660e-02
  3.02200e+01 -8.81958e-02
  3.02400e+01 -1.07118e-01
  3.02600e+01 -1.24409e-01
  3.02800e+01 -1.27901e-01
  3.03000e+01 -1.13822e-01
  3.03200e+01 -9.29696e-02
  3.03400e+01 -8.00548e-02
  3.03600e+01 -8.27687e-02
  3.03800e+01 -9.64105e-02
  3.04000e+01 -1.08798e-01
  3.04200e+01 -1.10071e-01
  3.04400e+01 -9.79362e-02
  3.04600e+01 -7.94375e-02
  3.04800e+01 -6.43035e-02
  3.05000e+01 -5.63961e-02
  3.05200e+01 -5.43318e-02
  3.05400e+01 -5.40451e-02
  3.05600e+01 -5.21777e-02
  3.05800e+01 -4.82917e-02
  3.06000e+01 -4.42461e-02
  3.06200e+01 -4.56661e-02
  3.06400e+01 -5.78519e-02
  3.06600e+01 -7.87832e-02
  3.06800e+01 -9.91432e-02
  3.07000e+01 -1.08735e-01
  3.07200e+01 -1.04198e-01
  3.07400e+01 -8.68276e-02
  3.07600e+01 -6.07223e-02
  3.07800e+01 -3.71285e-02
  3.08000e+01 -2.62653e-02
  3.08200e+01 -3.21992e-02
  3.08400e+01 -5.45108e-02
  3.08600e+01 -7.68121e-02
  3.08800e+01 -7.44778e-02
  3.09000e+01 -4.12734e-02
  3.09200e+01  1.21554e-02
  3.09400e+01  7.08757e-02
  3.09600e+01  1.18667e-01
  3.09800e+01  1.45103e-01
  3.10000e+01  1.47703e-01
  3.10200e+01  1.29889e-01
  3.10400e+01  1.03675e-01
  3.10600e+01  8.31944e-02
  3.10800e+01  7.19258e-02
  3.11000e+01  6.22563e-02
  3.11200e+01  4.71981e-02
  3.11400e+01  2.92146e-02
  3.11600e+01  1.35775e-02
  3.11800e+01  3.04653e-04
  3.12000e+01 -1.03212e-02
  3.12200e+01 -1.86928e-02
  3.12400e+01 -2.96154e-02
  3.12600e+01 -4.04000e-02
  3.12800e+01 -4.20631e-02
  3.13000e+01 -3.43962e-02
  3.13200e+01 -2.23293e-02
  3.13400e+01 -1.05246e-02
  3.13600e+01 -6.44156e-03
  3.13800e+01 -1.34338e-02
  3.14000e+01 -2.62813e-02
  3.14200e+01 -3.79581e-02
  3.14400e+01 -4.32029e-02
  3.14600e+01 -3.97696e-02
  3.14800e+01 -3.27104e-02
  3.15000e+01 -3.33046e-02
  3.15200e+01 -4.88313e-02
  3.15400e+01 -7.40914e-02
  3.15600e+01 -9.57023e-02
  3.15800e+01 -1.06183e-01
  3.16000e+01 -1.08395e-01
  3.16200e+01 -1.04497e-01
  3.16400e+01 -9.31446e-02
  3.16600e+01 -7.55026e-02
  3.16800e+01 -5.41364e-02
  3.17000e+01 -3.34720e-02
  3.17200e+01 -1.74624e-02
  3.17400e+01 -2.96959e-03
  3.17600e+01  1.33820e-02
  3.17800e+01  3.08820e-02
  3.18000e+01  5.02833e-02
  3.18200e+01  6.81631e-02
  3.18400e+01  7.65785e-02
  3.18600e+01  7.62375e-02
  3.18800e+01  7.40437e-02
  3.19000e+01  7.21178e-02
  3.19200e+01  6.98065e-02
  3.19400e+01  6.66874e-02
  3.19600e+01  6.05785e-02
  3.19800e+01  5.10623e-02
  3.20000e+01  4.43428e-02
  3.20200e+01  4.86006e-02
  3.20400e+01  6.58458e-02
  3.20600e+01  8.93617e-02
  3.20800e+01  1.06850e-01
  3.21000e+01  1.08758e-01
  3.21200e+01  9.26634e-02
  3.21400e+01  6.01312e-02
  3.21600e+01  1.78680e-02
  3.21800e+01 -2.23562e-02
  3.22000e+01 -4.97526e-02
  3.22200e+01 -5.54580e-02
  3.22400e+01 -3.73786e-02
  3.22600e+01 -6.49072e-03
  3.22800e+01  2.38624e-02
  3.23000e+01  4.57533e-02
  3.23200e+01  5.15881e-02
  3.23400e+01  3.93228e-02
  3.23600e+01  1.88658e-02
  3.23800e+01  7.97152e-04
  3.24000e+01 -1.45858e-02
  3.24200e+01 -2.93785e-02
  3.24400e+01 -4.01640e-02
  3.24600e+01 -4.66198e-02
  3.24800e+01 -5.25161e-02
  3.25000e+01 -5.67520e-02
  3.25200e+01 -6.02045e-02
  3.25400e+01 -6.94057e-02
  3.25600e+01 -8.31865e-02
  3.25800e+01 -9.07341e-02
  3.26000e+01 -8.20427e-02
  3.26200e+01 -5.51259e-02
  3.26400e+01 -1.56619e-02
  3.26600e+01  3.23449e-02
  3.26800e+01  8.38462e-02
  3.27000e+01  1.23260e-01
  3.27200e+01  1.37763e-01
  3.27400e+01  1.27524e-01
  3.27600e+01  9.82291e-02
  3.27800e+01  5.95636e-02
  3.28000e+01  2.44349e-02
  3.28200e+01  6.52110e-03
  3.28400e+01  1.42885e-02
  3.28600e+01  3.90038e-02
  3.28800e+01  6.25996e-02
  3.29000e+01  7.56828e-02
  3.29200e+01  7.64312e-02
  3.29400e+01  6.58469e-02
  3.29600e+01  5.06199e-02
  3.29800e+01  3.91451e-02
  3.30000e+01  3.40847e-02
  3.30200e+01  3.42384e-02
  3.30400e+01  3.67461e-02
  3.30600e+01  3.82066e-02
  3.30800e+01  3.81513e-02
  3.31000e+01  3.38346e-02
  3.31200e+01  2.30662e-02
  3.31400e+01  1.32860e-02
  3.31600e+01  1.02483e-02
  3.31800e+01  1.41565e-02
  3.32000e+01  2.68735e-02
  3.32200e+01  4.47479e-02
  3.32400e+01  5.80084e-02
  3.32600e+01  5.64682e-02
  3.32800e+01  3.46835e-02
  3.33000e+01  2.08152e-03
  3.33200e+01 -2.60254e-02
  3.33400e+01 -4.48346e-02
  3.33600e+01 -5.57880e-02
  3.33800e+01 -5.89092e-02
  3.34000e+01 -5.52748e-02
  3.34200e+01 -5.00788e-02
  3.34400e+01 -4.68917e-02
  3.34600e+01 -4.19525e-02
  3.34800e+01 -2.90000e-02
  3.35000e+01 -7.26707e-03
  3.35200e+01  1.49184e-02
  3.35400e+01  2.80952e-02
  3.35600e+01  3.22815e-02
  3.35800e+01  3.31271e-02
  3.36000e+01  3.40650e-02
  3.36200e+01  3.53010e-02
  3.36400e+01  3.71912e-02
  3.36600e+01  4.10513e-02
  3.36800e+01  4.44865e-02
  3.37000e+01  4.51350e-02
  3.37200e+01  4.44105e-02
  3.37400e+01  3.95217e-02
  3.37600e+01  2.67385e-02
  3.37800e+01  7.31540e-03
  3.38000e+01 -1.89148e-02
  3.38200e+01 -4.90987e-02
  3.38400e+01 -7.49845e-02
  3.38600e+01 -9.39607e-02
  3.38800e+01 -1.08081e-01
  3.39000e+01 -1.19374e-01
  3.39200e+01 -1.26876e-01
  3.39400e+01 -1.21652e-01
  3.39600e+01 -1.00154e-01
  3.39800e+01 -7.48990e-02
  3.40000e+01 -5.89313e-02
  3.40200e+01 -5.53989e-02
  3.40400e+01 -5.98590e-02
  3.40600e+01 -6.30184e-02
  3.40800e+01 -5.89982e-02
  3.41000e+01 -4.78797e-02
  3.41200e+01 -3.52850e-02
  3.41400e+01 -3.44560e-02
  3.41600e+01 -4.83972e-02
  3.41800e+01 -6.24401e-02
  3.42000e+01 -7.05832e-02
  3.42200e+01 -7.67755e-02
  3.42400e+01 -7.57291e-02
  3.42600e+01 -6.42851e-02
  3.42800e+01 -5.05013e-02
  3.43000e+01 -3.86727e-02
  3.43200e+01 -2.56157e-02
  3.43400e+01 -1.05784e-02
  3.43600e+01  3.01074e-03
  3.43800e+01  1.22428e-02
  3.44000e+01  1.42974e-02
  3.44200e+01  8.66388e-03
  3.44400e+01  4.71150e-03
  3.44600e+01  1.33783e-02
  3.44800e+01  3.33642e-02
  3.45000e+01  5.61373e-02
  3.45200e+01  7.41424e-02
  3.45400e+01  8.24885e-02
  3.45600e+01  7.98035e-02
  3.45800e+01  6.75225e-02
  3.46000e+01  5.22020e-02
  3.46200e+01  4.36202e-02
  3.46400e+01  4.36951e-02
  3.46600e+01  4.33330e-02
  3.46800e+01  3.32151e-02
  3.47000e+01  1.35117e-02
  3.47200e+01 -1.05554e-02
  3.47400e+01 -3.42511e-02
  3.47600e+01 -4.72351e-02
  3.47800e+01 -3.88380e-02
  3.48000e+01 -1.40695e-02
  3.48200e+01  1.02214e-02
  3.48400e+01  1.95864e-02
  3.48600e+01  9.69242e-03
  3.48800e+01 -1.19841e-02
  3.49000e+01 -3.46438e-02
  3.49200e+01 -5.12218e-02
  3.49400e+01 -5.92118e-02
  3.49600e+01 -6.16106e-02
  3.49800e+01 -6.07508e-02
  3.50000e+01 -5.52888e-02
  3.50200e+01 -4.69563e-02
  3.50400e+01 -4.02457e-02
  3.50600e+01 -3.64368e-02
  3.50800e+01 -3.44374e-02
  3.51000e+01 -3.50954e-02
  3.51200e+01 -3.63137e-02
  3.51400e+01 -2.91645e-02
  3.51600e+01 -1.12128e-02
  3.51800e+01  8.97162e-03
  3.52000e+01  2.45635e-02
  3.52200e+01  3.15735e-02
  3.52400e+01  2.89858e-02
  3.52600e+01  2.59262e-02
  3.52800e+01  3.06331e-02
  3.53000e+01  3.83633e-02
  3.53200e+01  4.21159e-02
  3.53400e+01  4.22709e-02
  3.53600e+01  4.17094e-02
  3.53800e+01  4.05599e-02
  3.54000e+01  3.87680e-02
  3.54200e+01  4.09461e-02
  3.54400e+01  5.27992e-02
  3.54600e+01  7.28513e-02
  3.54800e+01  9.31868e-02
  3.55000e+01  1.06673e-01
  3.55200e+01  1.09397e-01
  3.55400e+01  1.02501e-01
  3.55600e+01  9.16977e-02
  3.55800e+01  7.75335e-02
  3.56000e+01  5.76954e-02
  3.56200e+01  3.72919e-02
  3.56400e+01  2.03496e-02
  3.56600e+01  6.41272e-03
  3.56800e+01 -1.87725e-03
  3.57000e+01 -5.58695e-03
  3.57200e+01 -9.08473e-03
  3.57400e+01 -9.38478e-03
  3.57600e+01 -3.74308e-03
  3.57800e+01  3.88344e-03
  3.58000e+01  1.15617e-02
  3.58200e+01  1.90431e-02
  3.58400e+01  2.20040e-02
  3.58600e+01  1.91219e-02
  3.58800e+01  1.75642e-02
  3.59000e+01  2.18214e-02
  3.59200e+01  2.65991e-02
  3.59400e+01  2.67429e-02
  3.59600e+01  2.23684e-02
  3.59800e+01  1.49649e-02
  3.60000e+01  8.66279e-03
  3.60200e+01  1.03750e-02
  3.60400e+01  1.93918e-02
  3.60600e+01  2.14845e-02
  3.60800e+01  6.69892e-03
  3.61000e+01 -1.73138e-02
  3.61200e+01 -4.12233e-02
  3.61400e+01 -6.15297e-02
  3.61600e+01 -7.17863e-02
  3.61800e+01 -6.63074e-02
  3.62000e+01 -4.91255e-02
  3.62200e+01 -3.57483e-02
  3.62400e+01 -4.20411e-02
  3.62600e+01 -6.77529e-02
  3.62800e+01 -9.95214e-02
  3.63000e+01 -1.24447e-01
  3.63200e+01 -1.33018e-01
  3.63400e+01 -1.18779e-01
  3.63600e+01 -8.44907e-02
  3.63800e+01 -4.64484e-02
  3.64000e+01 -2.05570e-02
  3.64200e+01 -6.90597e-03
  3.64400e+01 -2.92491e-03
  3.64600e+01 -1.43904e-02
  3.64800e+01 -3.86849e-02
  3.65000e+01 -6.17131e-02
  3.65200e+01 -7.42043e-02
  3.65400e+01 -7.45862e-02
  3.65600e+01 -6.70593e-02
  3.65800e+01 -5.97950e-02
  3.66000e+01 -5.76230e-02
  3.66200e+01 -6.32357e-02
  3.66400e+01 -7.72333e-02
  3.66600e+01 -9.09211e-02
  3.66800e+01 -9.32706e-02
  3.67000e+01 -8.50381e-02
  3.67200e+01 -7.65056e-02
  3.67400e+01 -7.03606e-02
  3.67600e+01 -5.72780e-02
  3.67800e+01 -3.34292e-02
  3.68000e+01 -6.28356e-03
  3.68200e+01  1.62397e-02
  3.68400e+01  2.91232e-02
  3.68600e+01  3.06178e-02
  3.68800e+01  2.29639e-02
  3.69000e+01  1.17696e-02
  3.69200e+01  6.67027e-03
  3.69400e+01  1.46860e-02
  3.69600e+01  3.42177e-02
  3.69800e+01  5.97929e-02
  3.70000e+01  8.47313e-02
  3.70200e+01  1.01973e-01
  3.70400e+01  1.06765e-01
  3.70600e+01  9.67751e-02
  3.70800e+01  7.90711e-02
  3.71000e+01  6.94351e-02
  3.71200e+01  7.23579e-02
  3.71400e+01  8.11977e-02
  3.71600e+01  9.51566e-02
  3.71800e+01  1.14958e-01
  3.72000e+01  1.34209e-01
  3.72200e+01  1.43066e-01
  3.72400e+01  1.36480e-01
  3.72600e+01  1.18655e-01
  3.72800e+01  9.59881e-02
  3.73000e+01  7.42946e-02
  3.73200e+01  6.10289e-02
  3.73400e+01  5.72977e-02
  3.73600e+01  5.72065e-02
  3.73800e+01  5.74082e-02
  3.74000e+01  5.78254e-02
  3.74200e+01  5.83062e-02
  3.74400e+01  5.81770e-02
  3.74600e+01  5.88036e-02
  3.74800e+01  6.50250e-02
  3.75000e+01  7.64702e-02
  3.75200e+01  8.33973e-02
  3.75400e+01  7.71451e-02
  3.75600e+01  5.55326e-02
  3.75800e+01  2.40844e-02
  3.76000e+01 -2.43499e-03
  3.76200e+01 -1.39960e-02
  3.76400e+01 -1.51537e-02
  3.76600e+01 -1.41241e-02
  3.76800e+01 -1.73687e-02
  3.77000e+01 -2.82599e-02
  3.77200e+01 -4.23679e-02
  3.77400e+01 -5.32126e-02
  3.77600e+01 -5.56656e-02
  3.77800e+01 -4.61125e-02
  3.78000e+01 -3.08854e-02
  3.78200e+01 -2.29257e-02
  3.78400e+01 -2.67638e-02
  3.78600e+01 -3.68481e-02
  3.78800e+01 -4.61291e-02
  3.79000e+01 -4.84662e-02
  3.79200e+01 -4.00701e-02
  3.79400e+01 -2.65778e-02
  3.79600e+01 -1.88293e-02
  3.79800e+01 -1.84699e-02
  3.80000e+01 -2.12990e-02
  3.80200e+01 -2.80019e-02
  3.80400e+01 -3.75675e-02
  3.80600e+01 -4.66651e-02
  3.80800e+01 -5.76169e-02
  3.81000e+01 -6.77078e-02
  3.81200e+01 -6.86666e-02
  3.81400e+01 -6.32907e-02
  3.81600e+01 -5.84812e-02
  3.81800e+01 -5.42909e-02
  3.82000e+01 -4.89832e-02
  3.82200e+01 -4.29074e-02
  3.82400e+01 -3.92725e-02
  3.82600e+01 -3.55537e-02
  3.82800e+01 -2.48978e-02
  3.83000e+01 -1.44462e-02
  3.83200e+01 -1.54147e-02
  3.83400e+01 -2.59985e-02
  3.83600e+01 -4.15383e-02
  3.83800e+01 -5.54192e-02
  3.84000e+01 -5.49999e-02
  3.84200e+01 -3.37348e-02
  3.84400e+01  5.39339e-03
  3.84600e+01  5.24695e-02
  3.84800e+01  8.68440e-02
  3.85000e+01  8.70842e-02
  3.85200e+01  5.25289e-02
  3.85400e+01  7.56399e-03
  3.85600e+01 -1.73626e-02
  3.85800e+01 -9.37791e-03
  3.86000e+01  1.98698e-02
  3.86200e+01  4.65327e-02
  3.86400e+01  4.93087e-02
  3.86600e+01  2.30052e-02
  3.86800e+01 -1.32367e-02
  3.87000e+01 -3.24061e-02
  3.87200e+01 -2.74344e-02
  3.87400e+01 -1.30568e-02
  3.87600e+01 -3.64723e-03
  3.87800e+01 -2.88738e-03
  3.88000e+01 -8.77701e-03
  3.88200e+01 -1.17715e-02
  3.88400e+01 -2.01899e-03
  3.88600e+01  1.36655e-02
  3.88800e+01  2.27898e-02
  3.89000e+01  2.37833e-02
  3.89200e+01  1.79530e-02
  3.89400e+01  7.19408e-03
  3.89600e+01 -1.72009e-03
  3.89800e+01 -3.68675e-03
  3.90000e+01  3.33453e-03
  3.90200e+01  1.91123e-02
  3.90400e+01  3.65569e-02
  3.90600e+01  4.53022e-02
  3.90800e+01  3.93127e-02
  3.91000e+01  2.02349e-02
  3.91200e+01 -2.65606e-03
  3.91400e+01 -1.80728e-02
  3.91600e+01 -1.95130e-02
  3.91800e+01 -1.05409e-02
  3.92000e+01 -1.67298e-03
  3.92200e+01  2.39627e-03
  3.92400e+01  3.17878e-03
  3.92600e+01  1.25339e-03
  3.92800e+01 -7.18971e-04
  3.93000e+01  2.04075e-03
  3.93200e+01  9.40989e-03
  3.93400e+01  1.41658e-02
  3.93600e+01  1.07232e-02
  3.93800e+01  2.61190e-03
  3.94000e+01 -6.39786e-03
  3.94200e+01 -1.81116e-02
  3.94400e+01 -3.26978e-02
  3.94600e+01 -4.68611e-02
  3.94800e+01 -5.70113e-02
  3.95000e+01 -6.06187e-02
  3.95200e+01 -5.54188e-02
  3.95400e+01 -3.84161e-02
  3.95600e+01 -1.25029e-02
  3.95800e+01  1.09935e-02
  3.96000e+01  2.57986e-02
  3.96200e+01  3.57872e-02
  3.96400e+01  4.34413e-02
  3.96600e+01  4.72262e-02
  3.96800e+01  4.76626e-02
  3.97000e+01  4.76888e-02
  3.97200e+01  4.77054e-02
  3.97400e+01  4.14637e-02
  3.97600e+01  2.44557e-02
  3.97800e+01  3.16225e-03
  3.98000e+01 -1.40288e-02
  3.98200e+01 -2.36989e-02
  3.98400e+01 -2.35658e-02
  3.98600e+01 -1.62405e-02
  3.98800e+01 -8.12972e-03
  3.99000e+01  1.18862e-03
  3.99200e+01  1.26433e-02
  3.99400e+01  1.85319e-02
  3.99600e+01  1.41861e-02
  3.99800e+01  1.72072e-03
  4.00000e+01 -1.81667e-02
  4.00200e+01 -4.02319e-02
  4.00400e+01 -5.39560e-02
  4.00600e+01 -5.53071e-02
  4.00800e+01 -4.70131e-02
  4.01000e+01 -3.52801e-02
  4.01200e+01 -2.69689e-02
  4.01400e+01 -2.33054e-02
  4.01600e+01 -2.50839e-02
  4.01800e+01 -3.71477e-02
  4.02000e+01 -5.82089e-02
  4.02200e+01 -7.68861e-02
  4.02400e+01 -8.18461e-02
  4.02600e+01 -7.16600e-02
  4.02800e+01 -5.46810e-02
  4.03000e+01 -4.09008e-02
  4.03200e+01 -3.41306e-02
  4.03400e+01 -3.33356e-02
  4.03600e+01 -3.76808e-02
  4.03800e+01 -4.11147e-02
  4.04000e+01 -3.43072e-02
  4.04200e+01 -1.99621e-02
  4.04400e+01 -9.59656e-03
  4.04600e+01 -1.02209e-02
  4.04800e+01 -2.04114e-02
  4.05000e+01 -3.09129e-02
  4.05200e+01 -3.45071e-02
  4.05400e+01 -3.12369e-02
  4.05600e+01 -2.17645e-02
  4.05800e+01 -7.42738e-03
  4.06000e+01  7.10644e-03
  4.06200e+01  1.55902e-02
  4.06400e+01  1.39371e-02
  4.06600e+01  4.44797e-03
  4.06800e+01 -8.50115e-03
  4.07000e+01 -2.29879e-02
  4.07200e+01 -3.25663e-02
  4.07400e+01 -3.00079e-02
  4.07600e+01 -2.11343e-02
  4.07800e+01 -1.40129e-02
  4.08000e+01 -5.19222e-03
  4.08200e+01  7.99249e-03
  4.08400e+01  2.22693e-02
  4.08600e+01  3.57203e-02
  4.08800e+01  4.65191e-02
  4.09000e+01  5.36684e-02
  4.09200e+01  5.89745e-02
  4.09400e+01  6.35948e-02
  4.09600e+01  6.75668e-02
  4.09800e+01  7.17026e-02
  4.10000e+01  7.74864e-02
  4.10200e+01  8.30526e-02
  4.10400e+01  8.14967e-02
  4.10600e+01  6.99782e-02
  4.10800e+01  5.34102e-02
  4.11000e+01  3.60951e-02
  4.11200e+01  2.21103e-02
  4.11400e+01  1.75841e-02
  4.11600e+01  2.20168e-02
  4.11800e+01  2.78142e-02
  4.12000e+01  3.05266e-02
  4.12200e+01  3.33268e-02
  4.12400e+01  4.16254e-02
  4.12600e+01  5.41935e-02
  4.12800e+01  6.26030e-02
  4.13000e+01  5.67528e-02
  4.13200e+01  3.25655e-02
  4.13400e+01 -6.14296e-05
  4.13600e+01 -2.44447e-02
  4.13800e+01 -2.96595e-02
  4.14000e+01 -1.57954e-02
  4.14200e+01  2.24302e-03
  4.14400e+01  9.01456e-03
  4.14600e+01  7.70393e-03
  4.14800e+01  8.83078e-03
  4.15000e+01  1.48298e-02
  4.15200e+01  2.33036e-02
  4.15400e+01  2.85094e-02
  4.15600e+01  2.55766e-02
  4.15800e+01  1.82677e-02
  4.16000e+01  9.22293e-03
  4.16200e+01 -3.27130e-03
  4.16400e+01 -1.23345e-02
  4.16600e+01 -1.22346e-02
  4.16800e+01 -8.65104e-03
  4.17000e+01 -4.38562e-03
  4.17200e+01  1.28712e-03
  4.17400e+01  5.81195e-03
  4.17600e+01  9.31640e-03
  4.17800e+01  1.44239e-02
  4.18000e+01  2.19137e-02
  4.18200e+01  2.95075e-02
  4.18400e+01  3.34472e-02
  4.18600e+01  3.28691e-02
  4.18800e+01  2.72291e-02
  4.19000e+01  1.52675e-02
  4.19200e+01  1.67727e-03
  4.19400e+01 -6.49029e-03
  4.19600e+01 -9.38829e-03
  4.19800e+01 -1.06675e-02
  4.20000e+01 -1.05672e-02
  4.20200e+01 -9.15076e-03
  4.20400e+01 -7.05422e-03
  4.20600e+01 -2.69356e-03
  4.20800e+01  2.83106e-03
  4.21000e+01  5.80557e-03
  4.21200e+01  8.51382e-03
  4.21400e+01  1.62215e-02
  4.21600e+01  2.66207e-02
  4.21800e+01  3.21127e-02
  4.22000e+01  2.95053e-02
  4.22200e+01  2.24894e-02
  4.22400e+01  1.66655e-02
  4.22600e+01  1.26886e-02
  4.22800e+01  6.38316e-03
  4.23000e+01 -5.29249e-03
  4.23200e+01 -2.04797e-02
  4.23400e+01 -3.09706e-02
  4.23600e+01 -2.96598e-02
  4.23800e+01 -1.90482e-02
  4.24000e+01 -6.48775e-03
  4.24200e+01  1.01774e-03
  4.24400e+01  5.73514e-05
  4.24600e+01 -7.22797e-03
  4.24800e+01 -1.92910e-02
  4.25000e+01 -3.52680e-02
  4.25200e+01 -5.14059e-02
  4.25400e+01 -6.39104e-02
  4.25600e+01 -6.80637e-02
  4.25800e+01 -6.19438e-02
  4.26000e+01 -5.34009e-02
  4.26200e+01 -4.89064e-02
  4.26400e+01 -4.52051e-02
  4.26600e+01 -3.95711e-02
  4.26800e+01 -3.20647e-02
  4.27000e+01 -2.25833e-02
  4.27200e+01 -1.31294e-02
  4.27400e+01 -4.69766e-03
  4.27600e+01  2.05295e-03
  4.27800e+01  5.65573e-03
  4.28000e+01  9.48217e-03
  4.28200e+01  1.63826e-02
  4.28400e+01  2.30352e-02
  4.28600e+01  2.60606e-02
  4.28800e+01  2.34231e-02
  4.29000e+01  1.63620e-02
  4.29200e+01  1.14342e-02
  4.29400e+01  9.66247e-03
  4.29600e+01  4.97264e-03
  4.29800e+01 -3.66728e-03
  4.30000e+01 -1.28379e-02
  4.30200e+01 -1.99039e-02
  4.30400e+01 -2.18496e-02
  4.30600e+01 -1.60877e-02
  4.30800e+01 -1.80411e-03
  4.31000e+01  1.57018e-02
  4.31200e+01  2.74821e-02
  4.31400e+01  3.46392e-02
  4.31600e+01  4.02416e-02
  4.31800e+01  3.66708e-02
  4.32000e+01  2.21072e-02
  4.32200e+01  2.81044e-03
  4.32400e+01 -1.85115e-02
  4.32600e+01 -3.28726e-02
  4.32800e+01 -2.95655e-02
  4.33000e+01 -1.04726e-02
  4.33200e+01  1.62361e-02
  4.33400e+01  3.64058e-02
  4.33600e+01  3.90722e-02
  4.33800e+01  3.67113e-02
  4.34000e+01  4.06650e-02
  4.34200e+01  3.92441e-02
  4.34400e+01  3.16015e-02
  4.34600e+01  3.05471e-02
  4.34800e+01  3.00238e-02
  4.35000e+01  2.31030e-02
  4.35200e+01  1.86298e-02
  4.35400e+01  1.67955e-02
  4.35600e+01  1.13027e-02
  4.35800e+01  5.17335e-03
  4.36000e+01  4.93236e-04
  4.36200e+01 -6.67631e-03
  4.36400e+01 -1.85972e-02
  4.36600e+01 -3.27661e-02
  4.36800e+01 -4.19593e-02
  4.37000e+01 -4.33987e-02
  4.37200e+01 -4.62683e-02
  4.37400e+01 -5.50285e-02
  4.37600e+01 -6.03978e-02
  4.37800e+01 -5.67822e-02
  4.38000e+01 -4.75706e-02
  4.38200e+01 -3.74115e-02
  4.38400e+01 -3.07800e-02
  4.38600e+01 -3.14795e-02
  4.38800e+01 -3.93271e-02
  4.39000e+01 -4.62556e-02
  4.39200e+01 -4.63363e-02
  4.39400e+01 -4.34398e-02
  4.39600e+01 -3.76573e-02
  4.39800e+01 -2.74230e-02
  4.40000e+01 -1.90108e-02
  4.40200e+01 -1.46945e-02
  4.40400e+01 -1.26239e-02
  4.40600e+01 -1.42713e-02
  4.40800e+01 -1.62305e-02
  4.41000e+01 -1.44736e-02
  4.41200e+01 -1.58570e-02
  4.41400e+01 -2.74239e-02
  4.41600e+01 -4.56332e-02
  4.41800e+01 -6.11087e-02
  4.42000e+01 -6.64393e-02
  4.42200e+01 -6.37250e-02
  4.42400e+01 -5.73046e-02
  4.42600e+01 -4.41922e-02
  4.42800e+01 -2.83919e-02
  4.43000e+01 -2.11580e-02
  4.43200e+01 -2.16081e-02
  4.43400e+01 -2.21043e-02
  4.43600e+01 -1.99216e-02
  4.43800e+01 -1.59614e-02
  4.44000e+01 -1.20308e-02
  4.44200e+01 -3.70251e-03
  4.44400e+01  1.37777e-02
  4.44600e+01  3.28255e-02
  4.44800e+01  4.51788e-02
  4.45000e+01  5.24718e-02
  4.45200e+01  5.77381e-02
  4.45400e+01  5.95773e-02
  4.45600e+01  5.39452e-02
  4.45800e+01  4.15158e-02
  4.46000e+01  3.13533e-02
  4.46200e+01  3.06683e-02
  4.46400e+01  3.58935e-02
  4.46600e+01  4.03248e-02
  4.46800e+01  4.42564e-02
  4.47000e+01  4.65202e-02
  4.47200e+01  3.88807e-02
  4.47400e+01  2.30808e-02
  4.47600e+01  1.29140e-02
  4.47800e+01  1.53604e-02
  4.48000e+01  2.73522e-02
  4.48200e+01  4.21270e-02
  4.48400e+01  5.36341e-02
  4.48600e+01  6.20191e-02
  4.48800e+01  7.01563e-02
  4.49000e+01  7.63619e-02
  4.49200e+01  7.42890e-02
  4.49400e+01  5.95991e-02
  4.49600e+01  3.71972e-02
  4.49800e+01  1.63036e-02
  4.50000e+01  2.24537e-03
  4.50200e+01 -3.34572e-03
  4.50400e+01 -4.93526e-03
  4.50600e+01 -1.05141e-02
  4.50800e+01 -1.91288e-02
  4.51000e+01 -2.27656e-02
  4.51200e+01 -1.98411e-02
  4.51400e+01 -1.66091e-02
  4.51600e+01 -1.94463e-02
  4.51800e+01 -2.97803e-02
  4.52000e+01 -4.53309e-02
  4.52200e+01 -6.51607e-02
  4.52400e+01 -8.92252e-02
  4.52600e+01 -1.09373e-01
  4.52800e+01 -9.80028e-02
  4.53000e+01 -2.06291e-02
  4.53200e+01  1.21310e-01
  4.53400e+01  2.82217e-01
  4.53600e+01  3.95576e-01
  4.53800e+01  3.75102e-01
  4.54000e+01  1.81010e-01
  4.54200e+01 -9.18162e-02
  4.54400e+01 -2.99237e-01
  4.54600e+01 -3.59890e-01
  4.54800e+01 -2.41238e-01
  4.55000e+01  2.64664e-03
  4.55200e+01  2.07683e-01
  4.55400e+01  2.44379e-01
  4.55600e+01  1.18577e-01
  4.55800e+01 -7.39811e-02
  4.56000e+01 -2.15580e-01
  4.56200e+01 -2.36468e-01
  4.56400e+01 -1.54974e-01
  4.56600e+01 -4.21339e-02
  4.56800e+01  3.38646e-02
  4.57000e+01  4.98942e-02
  4.57200e+01  3.83102e-02
  4.57400e+01  3.84318e-02
  4.57600e+01  5.45122e-02
  4.57800e+01  7.19445e-02
  4.58000e+01  7.52725e-02
  4.58200e+01  5.04591e-02
  4.58400e+01  1.39409e-03
  4.58600e+01 -4.82068e-02
  4.58800e+01 -7.94471e-02
  4.59000e+01 -8.61418e-02
  4.59200e+01 -6.82089e-02
  4.59400e+01 -3.63659e-02
  4.59600e+01 -9.30524e-03
  4.59800e+01  2.61452e-03
  4.60000e+01  6.67321e-04
  4.60200e+01 -1.26189e-02
  4.60400e+01 -3.48762e-02
  4.60600e+01 -5.67175e-02
  4.60800e+01 -6.56123e-02
  4.61000e+01 -5.47331e-02
  4.61200e+01 -2.46113e-02
  4.61400e+01  1.39928e-02
  4.61600e+01  4.27023e-02
  4.61800e+01  4.74731e-02
  4.62000e+01  2.79314e-02
  4.62200e+01  4.00483e-04
  4.62400e+01 -1.53659e-02
  4.62600e+01 -1.38039e-02
  4.62800e+01 -1.25288e-03
  4.63000e+01  9.69862e-03
  4.63200e+01  4.42605e-03
  4.63400e+01 -1.78959e-02
  4.63600e+01 -3.80761e-02
  4.63800e+01 -3.43839e-02
  4.64000e+01 -3.58559e-03
  4.64200e+01  3.58844e-02
  4.64400e+01  5.80751e-02
  4.64600e+01  4.63638e-02
  4.64800e+01  7.33239e-03
  4.65000e+01 -3.11197e-02
  4.65200e+01 -4.61534e-02
  4.65400e+01 -3.69715e-02
  4.65600e+01 -1.42699e-02
  4.65800e+01  9.42314e-03
  4.66000e+01  2.17377e-02
  4.66200e+01  1.74072e-02
  4.66400e+01  1.95784e-03
  4.66600e+01 -1.46739e-02
  4.66800e+01 -2.40407e-02
  4.67000e+01 -2.22281e-02
  4.67200e+01 -1.56175e-02
  4.67400e+01 -1.51234e-02
  4.67600e+01 -1.98835e-02
  4.67800e+01 -1.85259e-02
  4.68000e+01 -3.21707e-03
  4.68200e+01  2.27273e-02
  4.68400e+01  4.74673e-02
  4.68600e+01  5.97024e-02
  4.68800e+01  5.03201e-02
  4.69000e+01  1.85356e-02
  4.69200e+01 -1.73863e-02
  4.69400e+01 -3.72560e-02
  4.69600e+01 -3.73545e-02
  4.69800e+01 -2.09014e-02
  4.70000e+01  6.43564e-03
  4.70200e+01  3.34603e-02
  4.70400e+01  5.30754e-02
  4.70600e+01  6.64996e-02
  4.70800e+01  7.28187e-02
  4.71000e+01  6.80595e-02
  4.71200e+01  5.50441e-02
  4.71400e+01  4.10259e-02
  4.71600e+01  2.86614e-02
  4.71800e+01  1.67987e-02
  4.72000e+01  7.20988e-03
  4.72200e+01  5.02321e-03
  4.72400e+01  1.14067e-02
  4.72600e+01  2.24983e-02
  4.72800e+01  3.33350e-02
  4.73000e+01  3.77426e-02
  4.73200e+01  3.14275e-02
  4.73400e+01  1.62671e-02
  4.73600e+01 -2.30218e-03
  4.73800e+01 -2.04864e-02
  4.74000e+01 -3.54851e-02
  4.74200e+01 -4.22845e-02
  4.74400e+01 -3.63323e-02
  4.74600e+01 -1.60813e-02
  4.74800e+01  1.30876e-02
  4.75000e+01  3.64839e-02
  4.75200e+01  4.49219e-02
  4.75400e+01  4.18546e-02
  4.75600e+01  2.96790e-02
  4.75800e+01  1.13041e-02
  4.76000e+01 -2.54885e-03
  4.76200e+01 -6.06134e-03
  4.76400e+01 -1.86482e-03
  4.76600e+01  6.79452e-03
  4.76800e+01  1.37734e-02
  4.77000e+01  1.69097e-02
  4.77200e+01  2.14967e-02
  4.77400e+01  2.29291e-02
  4.77600e+01  1.14089e-02
  4.77800e+01 -9.81982e-03
  4.78000e+01 -3.18225e-02
  4.78200e+01 -4.94315e-02
  4.78400e+01 -6.06497e-02
  4.78600e+01 -6.35194e-02
  4.78800e+01 -5.45496e-02
  4.79000e+01 -3.83174e-02
  4.79200e+01 -2.57870e-02
  4.79400e+01 -1.93736e-02
  4.79600e+01 -1.38011e-02
  4.79800e+01 -4.67124e-03
  4.80000e+01  6.66918e-03
  4.80200e+01  1.56927e-02
  4.80400e+01  2.17681e-02
  4.80600e+01  2.19892e-02
  4.80800e+01  9.78173e-03
  4.81000e+01 -1.20899e-02
  4.81200e+01 -3.39455e-02
  4.81400e+01 -4.95230e-02
  4.81600e+01 -5.68120e-02
  4.81800e+01 -6.00344e-02
  4.82000e+01 -6.48486e-02
  4.82200e+01 -6.83678e-02
  4.82400e+01 -6.62492e-02
  4.82600e+01 -5.99908e-02
  4.82800e+01 -4.94148e-02
  4.83000e+01 -3.38509e-02
  4.83200e+01 -1.93593e-02
  4.83400e+01 -1.12146e-02
  4.83600e+01 -6.41323e-03
  4.83800e+01 -2.23652e-03
  4.84000e+01 -1.62479e-03
  4.84200e+01 -6.46642e-03
  4.84400e+01 -1.56330e-02
  4.84600e+01 -2.56605e-02
  4.84800e+01 -3.17411e-02
  4.85000e+01 -3.32147e-02
  4.85200e+01 -3.01231e-02
  4.85400e+01 -2.08668e-02
  4.85600e+01 -1.08757e-02
  4.85800e+01 -8.78284e-03
  4.86000e+01 -1.61405e-02
  4.86200e+01 -2.93089e-02
  4.86400e+01 -4.29379e-02
  4.86600e+01 -5.21193e-02
  4.86800e+01 -5.48191e-02
  4.87000e+01 -5.03520e-02
  4.87200e+01 -3.96110e-02
  4.87400e+01 -2.49902e-02
  4.87600e+01 -7.26080e-03
  4.87800e+01  1.22072e-02
  4.88000e+01  2.94005e-02
  4.88200e+01  4.01507e-02
  4.88400e+01  4.28839e-02
  4.88600e+01  4.35532e-02
  4.88800e+01  5.15092e-02
  4.89000e+01  6.69016e-02
  4.89200e+01  8.25421e-02
  4.89400e+01  9.32612e-02
  4.89600e+01  9.65180e-02
  4.89800e+01  9.18526e-02
  4.90000e+01  7.98339e-02
  4.90200e+01  6.00322e-02
  4.90400e+01  3.74597e-02
  4.90600e+01  2.23717e-02
  4.90800e+01  1.64789e-02
  4.91000e+01  1.68056e-02
  4.91200e+01  2.50264e-02
  4.91400e+01  3.70314e-02
  4.91600e+01  4.56182e-02
  4.91800e+01  5.10587e-02
  4.92000e+01  5.42946e-02
  4.92200e+01  5.64690e-02
  4.92400e+01  5.86824e-02
  4.92600e+01  5.62620e-02
  4.92800e+01  4.84173e-02
  4.93000e+01  3.97600e-02
  4.93200e+01  2.86462e-02
  4.93400e+01  1.44658e-02
  4.93600e+01  5.97093e-03
  4.93800e+01  7.60218e-03
  4.94000e+01  1.28829e-02
  4.94200e+01  1.71792e-02
  4.94400e+01  2.20314e-02
  4.94600e+01  2.61302e-02
  4.94800e+01  2.49518e-02
  4.95000e+01  2.01573e-02
  4.95200e+01  1.72423e-02
  4.95400e+01  1.37658e-02
  4.95600e+01  5.54554e-03
  4.95800e+01 -1.45691e-03
  4.96000e+01 -1.68819e-03
  4.96200e+01  1.55242e-03
  4.96400e+01  4.38183e-03
  4.96600e+01  3.62988e-03
  4.96800e+01 -4.15950e-03
  4.97000e+01 -1.58021e-02
  4.97200e+01 -2.19881e-02
  4.97400e+01 -1.94446e-02
  4.97600e+01 -1.45120e-02
  4.97800e+01 -1.02993e-02
  4.98000e+01 -5.48173e-03
  4.98200e+01 -4.63037e-03
  4.98400e+01 -1.02922e-02
  4.98600e+01 -1.78491e-02
  4.98800e+01 -2.75765e-02
  4.99000e+01 -4.18838e-02
  4.99200e+01 -5.50925e-02
  4.99400e+01 -6.11287e-02
  4.99600e+01 -6.17686e-02
  4.99800e+01 -6.26519e-02
  5.00000e+01 -6.65363e-02
  5.00200e+01 -6.90417e-02
  5.00400e+01 -6.65055e-02
  5.00600e+01 -6.48867e-02
  5.00800e+01 -6.74950e-02
  5.01000e+01 -6.83099e-02
  5.01200e+01 -6.52432e-02
  5.01400e+01 -6.24014e-02
  5.01600e+01 -6.18264e-02
  5.01800e+01 -6.13709e-02
  5.02000e+01 -5.95101e-02
  5.02200e+01 -5.90562e-02
  5.02400e+01 -6.00413e-02
  5.02600e+01 -5.82658e-02
  5.02800e+01 -5.29745e-02
  5.03000e+01 -4.57829e-02
  5.03200e+01 -3.96640e-02
  5.03400e+01 -3.83253e-02
  5.03600e+01 -4.08708e-02
  5.03800e+01 -4.18882e-02
  5.04000e+01 -3.33291e-02
  5.04200e+01 -1.19064e-02
  5.04400e+01  1.29813e-02
  5.04600e+01  3.14187e-02
  5.04800e+01  4.24277e-02
  5.05000e+01  4.56615e-02
  5.05200e+01  4.33066e-02
  5.05400e+01  4.33376e-02
  5.05600e+01  4.68098e-02
  5.05800e+01  4.68520e-02
  5.06000e+01  4.21983e-02
  5.06200e+01  3.81063e-02
  5.06400e+01  3.80722e-02
  5.06600e+01  4.04000e-02
  5.06800e+01  4.02357e-02
  5.07000e+01  3.44914e-02
  5.07200e+01  2.41637e-02
  5.07400e+01  1.21149e-02
  5.07600e+01  2.85126e-03
  5.07800e+01  3.29588e-03
  5.08000e+01  1.52818e-02
  5.08200e+01  3.11258e-02
  5.08400e+01  4.26877e-02
  5.08600e+01  4.51716e-02
  5.08800e+01  3.67422e-02
  5.09000e+01  2.44116e-02
  5.09200e+01  1.69373e-02
  5.09400e+01  1.13931e-02
  5.09600e+01  9.68281e-04
  5.09800e+01 -1.15451e-02
  5.10000e+01 -1.77536e-02
  5.10200e+01 -1.17152e-02
  5.10400e+01  8.25177e-03
  5.10600e+01  3.50744e-02
  5.10800e+01  5.57017e-02
  5.11000e+01  6.51022e-02
  5.11200e+01  6.63041e-02
  5.11400e+01  6.23485e-02
  5.11600e+01  5.71836e-02
  5.11800e+01  5.21338e-02
  5.12000e+01  4.56447e-02
  5.12200e+01  3.88436e-02
  5.12400e+01  2.88734e-02
  5.12600e+01  1.07387e-02
  5.12800e+01 -9.27479e-03
  5.13000e+01 -1.90965e-02
  5.13200e+01 -1.54063e-02
  5.13400e+01 -4.93106e-03
  5.13600e+01  5.86826e-03
  5.13800e+01  1.62258e-02
  5.14000e+01  2.42320e-02
  5.14200e+01  2.61956e-02
  5.14400e+01  2.21330e-02
  5.14600e+01  1.46372e-02
  5.14800e+01  8.22872e-03
  5.15000e+01  5.93481e-03
  5.15200e+01  5.41232e-03
  5.15400e+01  5.28496e-03
  5.15600e+01  6.47415e-03
  5.15800e+01  7.90759e-03
  5.16000e+01  7.37514e-03
  5.16200e+01  1.38762e-03
  5.16400e+01 -9.88451e-03
  5.16600e+01 -2.21574e-02
  5.16800e+01 -3.75380e-02
  5.17000e+01 -5.67152e-02
  5.17200e+01 -6.98729e-02
  5.17400e+01 -7.12976e-02
  5.17600e+01 -6.54028e-02
  5.17800e+01 -5.70931e-02
  5.18000e+01 -4.65428e-02
  5.18200e+01 -3.28342e-02
  5.18400e+01 -2.01521e-02
  5.18600e+01 -1.20546e-02
  5.18800e+01 -7.32449e-03
  5.19000e+01 -8.13327e-03
  5.19200e+01 -1.61901e-02
  5.19400e+01 -2.69860e-02
  5.19600e+01 -3.68920e-02
  5.19800e+01 -4.23174e-02
  5.20000e+01 -3.88599e-02
  5.20200e+01 -2.83778e-02
  5.20400e+01 -1.73255e-02
  5.20600e+01 -1.13688e-02
  5.20800e+01 -1.18991e-02
  5.21000e+01 -1.57961e-02
  5.21200e+01 -1.95358e-02
  5.21400e+01 -1.84291e-02
  5.21600e+01 -9.31795e-03
  5.21800e+01  4.25566e-03
  5.22000e+01  1.82264e-02
  5.22200e+01  2.89728e-02
  5.22400e+01  2.91052e-02
  5.22600e+01  1.77136e-02
  5.22800e+01  5.12992e-03
  5.23000e+01  4.96867e-04
  5.23200e+01  5.77446e-03
  5.23400e+01  1.63646e-02
  5.23600e+01  2.22861e-02
  5.23800e+01  1.72608e-02
  5.24000e+01  3.85595e-03
  5.24200e+01 -9.25216e-03
  5.24400e+01 -1.21538e-02
  5.24600e+01 -3.88959e-03
  5.24800e+01  7.61448e-03
  5.25000e+01  1.67607e-02
  5.25200e+01  2.18954e-02
  5.25400e+01  2.31385e-02
  5.25600e+01  2.29215e-02
  5.25800e+01  2.43303e-02
  5.26000e+01  2.85842e-02
  5.26200e+01  3.27624e-02
  5.26400e+01  3.33701e-02
  5.26600e+01  3.22858e-02
  5.26800e+01  3.26501e-02
  5.27000e+01  3.24960e-02
  5.27200e+01  3.07473e-02
  5.27400e+01  3.22308e-02
  5.27600e+01  3.58488e-02
  5.27800e+01  3.32499e-02
  5.28000e+01  2.59969e-02
  5.28200e+01  2.19076e-02
  5.28400e+01  2.12595e-02
  5.28600e+01  2.20070e-02
  5.28800e+01  2.31099e-02
  5.29000e+01  2.25925e-02
  5.29200e+01  2.13505e-02
  5.29400e+01  1.81838e-02
  5.29600e+01  6.53202e-03
  5.29800e+01 -1.05314e-02
  5.30000e+01 -2.08687e-02
  5.30200e+01 -2.31312e-02
  5.30400e+01 -2.18953e-02
  5.30600e+01 -1.76705e-02
  5.30800e+01 -1.56846e-02
  5.31000e+01 -2.07653e-02
  5.31200e+01 -2.67043e-02
  5.31400e+01 -2.39610e-02
  5.31600e+01 -1.23315e-02
  5.31800e+01 -2.34588e-03
  5.32000e+01 -3.99788e-04
  5.32200e+01 -3.13910e-03
  5.32400e+01 -9.38951e-03
  5.32600e+01 -1.85867e-02
  5.32800e+01 -2.54675e-02
  5.33000e+01 -2.95168e-02
  5.33200e+01 -3.45916e-02
  5.33400e+01 -3.82070e-02
  5.33600e+01 -3.66879e-02
  5.33800e+01 -3.42428e-02
  5.34000e+01 -3.60756e-02
  5.34200e+01 -4.22873e-02
  5.34400e+01 -5.21614e-02
  5.34600e+01 -6.51186e-02
  5.34800e+01 -7.78739e-02
  5.35000e+01 -8.65961e-02
  5.35200e+01 -8.90451e-02
  5.35400e+01 -8.19841e-02
  5.35600e+01 -6.18407e-02
  5.35800e+01 -2.75926e-02
  5.36000e+01  1.55414e-02
  5.36200e+01  5.22843e-02
  5.36400e+01  6.97869e-02
  5.36600e+01  6.90841e-02
  5.36800e+01  5.36260e-02
  5.37000e+01  2.72196e-02
  5.37200e+01  1.48693e-03
  5.37400e+01 -1.23086e-02
  5.37600e+01 -9.42582e-03
  5.37800e+01  6.34179e-03
  5.38000e+01  2.38446e-02
  5.38200e+01  3.68643e-02
  5.38400e+01  4.38456e-02
  5.38600e+01  4.27379e-02
  5.38800e+01  3.57296e-02
  5.39000e+01  2.31998e-02
  5.39200e+01  4.49180e-03
  5.39400e+01 -1.06994e-02
  5.39600e+01 -1.13849e-02
  5.39800e+01  5.58912e-03
  5.40000e+01  3.75041e-02
  5.40200e+01  7.22547e-02
  5.40400e+01  9.53041e-02
  5.40600e+01  1.00957e-01
  5.40800e+01  8.87505e-02
  5.41000e+01  6.31939e-02
  5.41200e+01  3.65682e-02
  5.41400e+01  1.91529e-02
  5.41600e+01  1.12797e-02
  5.41800e+01  9.77407e-03
  5.42000e+01  1.51646e-02
  5.42200e+01  2.53875e-02
  5.42400e+01  3.28070e-02
  5.42600e+01  3.53654e-02
  5.42800e+01  3.39877e-02
  5.43000e+01  2.36848e-02
  5.43200e+01  5.27883e-03
  5.43400e+01 -1.03904e-02
  5.43600e+01 -1.70897e-02
  5.43800e+01 -1.67232e-02
  5.44000e+01 -1.15903e-02
  5.44200e+01 -3.18269e-03
  5.44400e+01  2.34388e-03
  5.44600e+01 -3.62816e-03
  5.44800e+01 -1.95431e-02
  5.45000e+01 -3.37256e-02
  5.45200e+01 -4.14328e-02
  5.45400e+01 -4.75991e-02
  5.45600e+01 -5.31189e-02
  5.45800e+01 -5.57505e-02
  5.46000e+01 -5.73113e-02
  5.46200e+01 -5.70916e-02
  5.46400e+01 -5.14917e-02
  5.46600e+01 -4.31960e-02
  5.46800e+01 -3.84676e-02
  5.47000e+01 -3.81228e-02
  5.47200e+01 -3.92109e-02
  5.47400e+01 -4.10858e-02
  5.47600e+01 -4.20715e-02
  5.47800e+01 -3.97088e-02
  5.48000e+01 -3.68493e-02
  5.48200e+01 -3.39124e-02
  5.48400e+01 -2.69291e-02
  5.48600e+01 -1.85600e-02
  5.48800e+01 -1.40992e-02
  5.49000e+01 -1.51765e-02
  5.49200e+01 -2.16937e-02
  5.49400e+01 -3.10183e-02
  5.49600e+01 -4.00898e-02
  5.49800e+01 -4.43718e-02
  5.50000e+01 -3.81074e-02
  5.50200e+01 -2.47659e-02
  5.50400e+01 -1.37553e-02
  5.50600e+01 -7.03545e-03
  5.50800e+01 -8.65288e-04
  5.51000e+01  5.61896e-03
  5.51200e+01  9.01055e-03
  5.51400e+01  8.20311e-03
  5.51600e+01  6.42112e-03
  5.51800e+01  3.31052e-03
  5.52000e+01 -1.85941e-03
  5.52200e+01 -2.97719e-03
  5.52400e+01  1.82487e-03
  5.52600e+01  5.41279e-03
  5.52800e+01  4.61859e-03
  5.53000e+01  2.99327e-03
  5.53200e+01  2.60488e-03
  5.53400e+01  3.36846e-03
  5.53600e+01  7.61807e-03
  5.53800e+01  1.65674e-02
  5.54000e+01  2.40541e-02
  5.54200e+01  2.39941e-02
  5.54400e+01  1.81763e-02
  5.54600e+01  1.09125e-02
  5.54800e+01  6.71321e-03
  5.55000e+01  8.96746e-03
  5.55200e+01  1.47331e-02
  5.55400e+01  2.03593e-02
  5.55600e+01  2.56199e-02
  5.55800e+01  2.70571e-02
  5.56000e+01  2.06314e-02
  5.56200e+01  9.77197e-03
  5.56400e+01  3.78367e-03
  5.56600e+01  1.10447e-02
  5.56800e+01  3.27650e-02
  5.57000e+01  5.93910e-02
  5.57200e+01  7.18935e-02
  5.57400e+01  5.51375e-02
  5.57600e+01  1.64752e-02
  5.57800e+01 -1.77186e-02
  5.58000e+01 -2.47838e-02
  5.58200e+01 -5.45438e-04
  5.58400e+01  3.85491e-02
  5.58600e+01  6.47598e-02
  5.58800e+01  6.15873e-02
  5.59000e+01  3.92577e-02
  5.59200e+01  2.22131e-02
  5.59400e+01  2.25666e-02
  5.59600e+01  3.10793e-02
  5.59800e+01  3.28791e-02
  5.60000e+01  2.25632e-02
  5.60200e+01  4.36409e-03
  5.60400e+01 -9.62741e-03
  5.60600e+01 -5.87350e-03
  5.60800e+01  1.38954e-02
  5.61000e+01  3.00589e-02
  5.61200e+01  2.55753e-02
  5.61400e+01  4.05614e-03
  5.61600e+01 -1.35989e-02
  5.61800e+01 -1.01843e-02
  5.62000e+01  1.27003e-02
  5.62200e+01  4.02290e-02
  5.62400e+01  5.38779e-02
  5.62600e+01  4.12356e-02
  5.62800e+01  1.06782e-02
  5.63000e+01 -1.49038e-02
  5.63200e+01 -2.19064e-02
  5.63400e+01 -1.52391e-02
  5.63600e+01 -1.03227e-02
  5.63800e+01 -1.54682e-02
  5.64000e+01 -2.45175e-02
  5.64200e+01 -2.95337e-02
  5.64400e+01 -2.92063e-02
  5.64600e+01 -2.72933e-02
  5.64800e+01 -2.68032e-02
  5.65000e+01 -2.62091e-02
  5.65200e+01 -2.52784e-02
  5.65400e+01 -2.45844e-02
  5.65600e+01 -2.33393e-02
  5.65800e+01 -2.31182e-02
  5.66000e+01 -2.19085e-02
  5.66200e+01 -1.50422e-02
  5.66400e+01 -4.07863e-03
  5.66600e+01  7.58568e-03
  5.66800e+01  1.62922e-02
  5.67000e+01  1.63365e-02
  5.67200e+01  7.65904e-03
  5.67400e+01 -1.89636e-03
  5.67600e+01 -5.42501e-03
  5.67800e+01 -3.13821e-03
  5.68000e+01  2.42887e-03
  5.68200e+01  9.41889e-03
  5.68400e+01  1.19516e-02
  5.68600e+01  4.85443e-03
  5.68800e+01 -7.36978e-03
  5.69000e+01 -1.55949e-02
  5.69200e+01 -1.70491e-02
  5.69400e+01 -1.68331e-02
  5.69600e+01 -1.97541e-02
  5.69800e+01 -2.43920e-02
  5.70000e+01 -2.66046e-02
  5.70200e+01 -2.54303e-02
  5.70400e+01 -2.07153e-02
  5.70600e+01 -1.15148e-02
  5.70800e+01 -1.58129e-04
  5.71000e+01  1.05915e-02
  5.71200e+01  1.99494e-02
  5.71400e+01  2.63329e-02
  5.71600e+01  2.85198e-02
  5.71800e+01  2.73567e-02
  5.72000e+01  2.35652e-02
  5.72200e+01  1.64224e-02
  5.72400e+01  5.28726e-03
  5.72600e+01 -1.01501e-02
  5.72800e+01 -2.79271e-02
  5.73000e+01 -3.95785e-02
  5.73200e+01 -3.95796e-02
  5.73400e+01 -3.42353e-02
  5.73600e+01 -2.83772e-02
  5.73800e+01 -2.07337e-02
  5.74000e+01 -1.44104e-02
  5.74200e+01 -1.24831e-02
  5.74400e+01 -1.13686e-02
  5.74600e+01 -6.06897e-03
  5.74800e+01  4.96987e-03
  5.75000e+01  1.77197e-02
  5.75200e+01  2.57905e-02
  5.75400e+01  2.67438e-02
  5.75600e+01  2.13397e-02
  5.75800e+01  1.15512e-02
  5.76000e+01  1.51584e-03
  5.76200e+01 -3.81241e-03
  5.76400e+01 -1.85125e-03
  5.76600e+01  4.29211e-03
  5.76800e+01  8.14473e-03
  5.77000e+01  6.76487e-03
  5.77200e+01  1.47493e-03
  5.77400e+01 -4.51904e-03
  5.77600e+01 -7.70550e-03
  5.77800e+01 -7.30147e-03
  5.78000e+01 -6.01692e-03
  5.78200e+01 -7.08447e-03
  5.78400e+01 -9.77256e-03
  5.78600e+01 -1.00789e-02
  5.78800e+01 -7.15944e-03
  5.79000e+01 -4.37064e-03
  5.79200e+01 -4.23685e-03
  5.79400e+01 -4.95199e-03
  5.79600e+01 -3.84091e-03
  5.79800e+01 -2.17053e-03
  5.80000e+01 -9.87067e-04
  5.80200e+01  7.81786e-04
  5.80400e+01  2.06751e-03
  5.80600e+01  1.66906e-03
  5.80800e+01  5.20778e-05
  5.81000e+01 -2.42987e-03
  5.81200e+01 -4.55740e-03
  5.81400e+01 -4.44123e-03
  5.81600e+01 -1.90185e-03
  5.81800e+01  4.25147e-04
  5.82000e+01  2.37524e-04
  5.82200e+01 -8.29377e-04
  5.82400e+01 -9.80676e-04
  5.82600e+01 -6.03448e-04
  5.82800e+01  9.96308e-04
  5.83000e+01  3.92523e-03
  5.83200e+01  6.09399e-03
  5.83400e+01  6.15272e-03
  5.83600e+01  4.20980e-03
  5.83800e+01  1.83605e-03
  5.84000e+01  8.18054e-04
  5.84200e+01  9.06761e-04
  5.84400e+01  1.70552e-03
  5.84600e+01  3.25484e-03
  5.84800e+01  4.23489e-03
  5.85000e+01  3.95847e-03
  5.85200e+01  3.45253e-03
  5.85400e+01  2.99234e-03
  5.85600e+01  1.81681e-03
  5.85800e+01  1.25223e-04
  5.86000e+01 -4.79207e-04
  5.86200e+01  8.69646e-04
  5.86400e+01  3.07176e-03
  5.86600e+01  5.52740e-03
  5.86800e+01  8.26025e-03
  5.87000e+01  9.25669e-03
  5.87200e+01  7.42144e-03
  5.87400e+01  4.89656e-03
  5.87600e+01  2.58681e-03
  5.87800e+01 -3.59000e-05
  5.88000e+01 -1.46124e-03
  5.88200e+01 -5.86983e-04
  5.88400e+01  1.07081e-03
  5.88600e+01  1.90089e-03
  5.88800e+01  1.83194e-03
  5.89000e+01  1.76799e-03
  5.89200e+01  1.87718e-03
  5.89400e+01  1.12572e-03
  5.89600e+01 -2.82108e-04
  5.89800e+01 -7.79938e-04
  5.90000e+01 -2.31805e-04
  5.90200e+01  2.81335e-04
  5.90400e+01  4.60030e-04
  5.90600e+01  5.17962e-04
  5.90800e+01  3.47022e-04
  5.91000e+01 -2.53497e-05
  5.91200e+01 -2.70956e-04
  5.91400e+01 -3.65132e-04
  5.91600e+01 -4.93890e-04
  5.91800e+01 -5.77884e-04
  5.92000e+01 -4.96759e-04
  5.92200e+01 -3.67580e-04
  5.92400e+01 -2.90058e-04
  5.92600e+01 -2.04771e-04
  5.92800e+01 -1.01492e-04
  5.93000e+01 -5.25688e-05
  5.93200e+01 -7.89355e-05
  5.93400e+01 -1.42835e-04
  5.93600e+01 -1.87738e-04
  5.93800e+01 -2.09883e-04
  5.94000e+01 -2.80441e-04
  5.94200e+01 -4.00921e-04
  5.94400e+01 -4.75630e-04
  5.94600e+01 -4.69633e-04
  5.94800e+01 -4.26750e-04
  5.95000e+01 -3.87611e-04
  5.95200e+01 -3.82686e-04
  5.95400e+01 -4.11550e-04
  5.95600e+01 -4.38020e-04
  5.95800e+01 -4.44463e-04
  5.96000e+01 -4.37408e-04
  5.96200e+01 -4.25582e-04
  5.96400e+01 -4.18943e-04
  5.96600e+01 -4.20181e-04
  5.96800e+01 -4.24183e-04
  5.97000e+01 -4.27780e-04
  5.97200e+01 -4.29255e-04
  5.97400e+01 -4.25955e-04
  5.97600e+01 -4.15538e-04
  5.97800e+01 -3.98522e-04
  5.98000e+01 -3.78530e-04
  5.98200e+01 -3.58723e-04
  5.98400e+01 -3.39717e-04
  5.98600e+01 -3.21117e-04
  5.98800e+01 -3.03332e-04
  5.99000e+01 -2.86672e-04
  5.99200e+01 -2.71733e-04
  5.99400e+01 -2.58496e-04
  5.99600e+01 -2.46408e-04
  5.99800e+01 -2.34911e-04
