  0.00000e+00  0.00000e+00
  2.00000e-02 -1.02773e-04
  4.00000e-02 -3.62441e-04
  6.00000e-02 -6.14674e-04
  8.00000e-02 -8.77247e-04
  1.00000e-01 -1.14992e-03
  1.20000e-01 -1.43242e-03
  1.40000e-01 -1.72510e-03
  1.60000e-01 -2.02748e-03
  1.80000e-01 -2.33855e-03
  2.00000e-01 -2.65820e-03
  2.20000e-01 -2.98601e-03
  2.40000e-01 -3.31166e-03
  2.60000e-01 -3.62767e-03
  2.80000e-01 -3.96307e-03
  3.00000e-01 -4.36830e-03
  3.20000e-01 -4.81819e-03
  3.40000e-01 -5.22635e-03
  3.60000e-01 -5.62244e-03
  3.80000e-01 -6.06225e-03
  4.00000e-01 -6.42607e-03
  4.20000e-01 -6.70300e-03
  4.40000e-01 -7.11590e-03
  4.60000e-01 -7.53298e-03
  4.80000e-01 -7.43649e-03
  5.00000e-01 -7.09245e-03
  5.20000e-01 -7.68172e-03
  5.40000e-01 -9.15523e-03
  5.60000e-01 -9.84230e-03
  5.80000e-01 -9.55881e-03
  6.00000e-01 -1.00652e-02
  6.20000e-01 -1.14858e-02
  6.40000e-01 -1.20065e-02
  6.60000e-01 -1.16896e-02
  6.80000e-01 -1.27863e-02
  7.00000e-01 -1.53251e-02
  7.20000e-01 -1.63380e-02
  7.40000e-01 -1.43980e-02
  7.60000e-01 -1.07932e-02
  7.80000e-01 -6.83735e-03
  8.00000e-01 -3.64702e-03
  8.20000e-01 -3.64927e-03
  8.40000e-01 -9.13088e-03
  8.60000e-01 -1.59637e-02
  8.80000e-01 -1.52077e-02
  9.00000e-01 -9.67534e-03
  9.20000e-01 -1.38366e-02
  9.40000e-01 -2.83685e-02
  9.60000e-01 -3.62542e-02
  9.80000e-01 -2.86957e-02
  1.00000e+00 -1.71163e-02
  1.02000e+00 -1.60131e-02
  1.04000e+00 -2.31641e-02
  1.06000e+00 -2.51483e-02
  1.08000e+00 -1.70367e-02
  1.10000e+00 -3.39983e-03
  1.12000e+00  1.37923e-02
  1.14000e+00  3.24185e-02
  1.16000e+00  4.17438e-02
  1.18000e+00  3.15995e-02
  1.20000e+00  4.55629e-03
  1.22000e+00 -2.47866e-02
  1.24000e+00 -3.96110e-02
  1.26000e+00 -4.17276e-02
  1.28000e+00 -4.73485e-02
  1.30000e+00 -4.65946e-02
  1.32000e+00 -1.52853e-02
  1.34000e+00  2.78649e-02
  1.36000e+00  4.17594e-02
  1.38000e+00  3.23729e-02
  1.40000e+00  3.85468e-02
  1.42000e+00  5.73098e-02
  1.44000e+00  4.68434e-02
  1.46000e+00  8.33409e-03
  1.48000e+00 -1.19240e-02
  1.50000e+00 -1.09421e-02
  1.52000e+00 -1.65191e-02
  1.54000e+00 -1.99161e-03
  1.56000e+00  5.21298e-02
  1.58000e+00  7.95972e-02
  1.60000e+00  5.22687e-02
  1.62000e+00  4.84395e-02
  1.64000e+00  9.14443e-02
  1.66000e+00  1.01082e-01
  1.68000e+00  6.15880e-02
  1.70000e+00  5.25444e-02
  1.72000e+00  9.26665e-02
  1.74000e+00  1.06039e-01
  1.76000e+00  4.92964e-02
  1.78000e+00 -1.91025e-02
  1.80000e+00 -3.12033e-02
  1.82000e+00 -4.11687e-02
  1.84000e+00 -1.02586e-01
  1.86000e+00 -7.89845e-02
  1.88000e+00  9.80007e-02
  1.90000e+00  2.31746e-01
  1.92000e+00  2.14667e-01
  1.94000e+00  1.43581e-01
  1.96000e+00  6.29389e-02
  1.98000e+00 -2.64434e-02
  2.00000e+00 -7.39425e-02
  2.02000e+00 -1.79713e-02
  2.04000e+00  1.27993e-01
  2.06000e+00  1.98917e-01
  2.08000e+00  7.27396e-02
  2.10000e+00 -7.48334e-02
  2.12000e+00  9.56639e-03
  2.14000e+00  2.11427e-01
  2.16000e+00  1.94501e-01
  2.18000e+00  4.32949e-02
  2.20000e+00  1.22681e-01
  2.22000e+00  3.11419e-01
  2.24000e+00  2.40070e-01
  2.26000e+00  3.30878e-02
  2.28000e+00  4.49026e-02
  2.30000e+00  2.10916e-01
  2.32000e+00  1.94746e-01
  2.34000e+00 -4.44623e-03
  2.36000e+00 -1.00394e-01
  2.38000e+00 -6.23829e-02
  2.40000e+00 -2.34201e-02
  2.42000e+00  5.35502e-02
  2.44000e+00  1.96267e-01
  2.46000e+00  3.06914e-01
  2.48000e+00  3.17456e-01
  2.50000e+00  2.94112e-01
  2.52000e+00  3.60305e-01
  2.54000e+00  3.87567e-01
  2.56000e+00  1.19648e-01
  2.58000e+00 -2.25735e-01
  2.60000e+00 -2.00800e-01
  2.62000e+00  1.03733e-01
  2.64000e+00  2.85819e-01
  2.66000e+00  2.46886e-01
  2.68000e+00  1.07714e-01
  2.70000e+00 -3.96092e-02
  2.72000e+00 -1.56554e-01
  2.74000e+00 -2.76274e-01
  2.76000e+00 -3.98611e-01
  2.78000e+00 -3.74600e-01
  2.80000e+00 -9.54757e-02
  2.82000e+00  3.06231e-01
  2.84000e+00  5.75649e-01
  2.86000e+00  5.81151e-01
  2.88000e+00  4.12991e-01
  2.90000e+00  2.42398e-01
  2.92000e+00  1.54211e-01
  2.94000e+00  1.28951e-01
  2.96000e+00  6.89064e-02
  2.98000e+00 -4.97728e-02
  3.00000e+00 -1.02860e-01
  3.02000e+00 -7.00930e-02
  3.04000e+00 -8.98641e-02
  3.06000e+00 -1.45260e-01
  3.08000e+00 -1.42750e-01
  3.10000e+00 -1.31638e-01
  3.12000e+00 -1.82378e-01
  3.14000e+00 -3.34013e-01
  3.16000e+00 -5.29140e-01
  3.18000e+00 -6.44956e-01
  3.20000e+00 -7.04972e-01
  3.22000e+00 -8.43263e-01
  3.24000e+00 -1.10449e+00
  3.26000e+00 -1.42270e+00
  3.28000e+00 -1.70436e+00
  3.30000e+00 -1.89514e+00
  3.32000e+00 -1.96468e+00
  3.34000e+00 -1.86530e+00
  3.36000e+00 -1.56718e+00
  3.38000e+00 -1.08585e+00
  3.40000e+00 -4.76022e-01
  3.42000e+00  1.36409e-01
  3.44000e+00  5.72462e-01
  3.46000e+00  7.58733e-01
  3.48000e+00  8.20070e-01
  3.50000e+00  9.27773e-01
  3.52000e+00  1.12619e+00
  3.54000e+00  1.34561e+00
  3.56000e+00  1.49581e+00
  3.58000e+00  1.50668e+00
  3.60000e+00  1.31689e+00
  3.62000e+00  8.83103e-01
  3.64000e+00  2.38706e-01
  3.66000e+00 -5.36089e-01
  3.68000e+00 -1.44678e+00
  3.70000e+00 -2.38725e+00
  3.72000e+00 -2.85566e+00
  3.74000e+00 -2.54659e+00
  3.76000e+00 -1.96117e+00
  3.78000e+00 -1.71168e+00
  3.80000e+00 -1.81866e+00
  3.82000e+00 -2.03918e+00
  3.84000e+00 -2.24294e+00
  3.86000e+00 -2.40082e+00
  3.88000e+00 -2.52331e+00
  3.90000e+00 -2.64997e+00
  3.92000e+00 -2.54631e+00
  3.94000e+00 -1.54929e+00
  3.96000e+00  3.43680e-01
  3.98000e+00  1.91944e+00
  4.00000e+00  2.36968e+00
  4.02000e+00  2.28896e+00
  4.04000e+00  2.63459e+00
  4.06000e+00  3.69886e+00
  4.08000e+00  4.96421e+00
  4.10000e+00  5.56324e+00
  4.12000e+00  5.05678e+00
  4.14000e+00  3.87097e+00
  4.16000e+00  2.70836e+00
  4.18000e+00  1.64966e+00
  4.20000e+00  5.59829e-01
  4.22000e+00 -3.31703e-01
  4.24000e+00 -9.75604e-01
  4.26000e+00 -1.46593e+00
  4.28000e+00 -1.62757e+00
  4.30000e+00 -1.52104e+00
  4.32000e+00 -1.38765e+00
  4.34000e+00 -9.82343e-01
  4.36000e+00 -8.31907e-02
  4.38000e+00  7.99164e-01
  4.40000e+00  1.13902e+00
  4.42000e+00  1.22552e+00
  4.44000e+00  1.64922e+00
  4.46000e+00  2.34472e+00
  4.48000e+00  2.60542e+00
  4.50000e+00  2.06410e+00
  4.52000e+00  1.07690e+00
  4.54000e+00  1.82745e-02
  4.56000e+00 -9.57546e-01
  4.58000e+00 -1.62649e+00
  4.60000e+00 -1.90757e+00
  4.62000e+00 -1.95043e+00
  4.64000e+00 -1.80178e+00
  4.66000e+00 -1.45571e+00
  4.68000e+00 -1.04629e+00
  4.70000e+00 -5.66272e-01
  4.72000e+00  1.49111e-01
  4.74000e+00  8.59866e-01
  4.76000e+00  1.06955e+00
  4.78000e+00  7.39985e-01
  4.80000e+00  2.41094e-01
  4.82000e+00 -2.68425e-02
  4.84000e+00  1.69101e-01
  4.86000e+00  6.35576e-01
  4.88000e+00  9.42719e-01
  4.90000e+00  9.75099e-01
  4.92000e+00  9.54050e-01
  4.94000e+00  1.03689e+00
  4.96000e+00  1.14775e+00
  4.98000e+00  1.14268e+00
  5.00000e+00  1.03663e+00
  5.02000e+00  1.03036e+00
  5.04000e+00  1.36984e+00
  5.06000e+00  2.15476e+00
  5.08000e+00  2.97580e+00
  5.10000e+00  2.97848e+00
  5.12000e+00  1.89134e+00
  5.14000e+00  4.51476e-01
  5.16000e+00 -5.91547e-01
  5.18000e+00 -1.06611e+00
  5.20000e+00 -1.08199e+00
  5.22000e+00 -9.20826e-01
  5.24000e+00 -8.65046e-01
  5.26000e+00 -8.53004e-01
  5.28000e+00 -7.12028e-01
  5.30000e+00 -5.60229e-01
  5.32000e+00 -5.74799e-01
  5.34000e+00 -6.84355e-01
  5.36000e+00 -7.46557e-01
  5.38000e+00 -7.30239e-01
  5.40000e+00 -6.62962e-01
  5.42000e+00 -5.76240e-01
  5.44000e+00 -5.34050e-01
  5.46000e+00 -6.93794e-01
  5.48000e+00 -1.12387e+00
  5.50000e+00 -1.59448e+00
  5.52000e+00 -1.90475e+00
  5.54000e+00 -2.02246e+00
  5.56000e+00 -1.70790e+00
  5.58000e+00 -8.61991e-01
  5.60000e+00 -1.78945e-02
  5.62000e+00  3.49238e-01
  5.64000e+00  3.38841e-01
  5.66000e+00  1.39744e-01
  5.68000e+00 -1.99902e-01
  5.70000e+00 -5.53636e-01
  5.72000e+00 -6.92960e-01
  5.74000e+00 -4.92256e-01
  5.76000e+00 -1.11008e-01
  5.78000e+00  1.36429e-01
  5.80000e+00  5.94040e-02
  5.82000e+00 -3.18327e-01
  5.84000e+00 -7.79971e-01
  5.86000e+00 -1.07660e+00
  5.88000e+00 -1.13335e+00
  5.90000e+00 -9.89623e-01
  5.92000e+00 -6.98985e-01
  5.94000e+00 -3.91369e-01
  5.96000e+00 -2.14900e-01
  5.98000e+00 -1.53828e-01
  6.00000e+00 -5.71692e-02
  6.02000e+00  1.12015e-01
  6.04000e+00  2.04131e-01
  6.06000e+00  1.06350e-01
  6.08000e+00 -1.31283e-01
  6.10000e+00 -4.16893e-01
  6.12000e+00 -7.03308e-01
  6.14000e+00 -9.65332e-01
  6.16000e+00 -1.18352e+00
  6.18000e+00 -1.31122e+00
  6.20000e+00 -1.28558e+00
  6.22000e+00 -1.13042e+00
  6.24000e+00 -9.94574e-01
  6.26000e+00 -1.08209e+00
  6.28000e+00 -1.47798e+00
  6.30000e+00 -2.00107e+00
  6.32000e+00 -2.40377e+00
  6.34000e+00 -2.64938e+00
  6.36000e+00 -2.80328e+00
  6.38000e+00 -2.86395e+00
  6.40000e+00 -2.82517e+00
  6.42000e+00 -2.65302e+00
  6.44000e+00 -2.20615e+00
  6.46000e+00 -1.43856e+00
  6.48000e+00 -5.49807e-01
  6.50000e+00  2.67907e-01
  6.52000e+00  9.88390e-01
  6.54000e+00  1.58814e+00
  6.56000e+00  2.01212e+00
  6.58000e+00  2.32762e+00
  6.60000e+00  2.71623e+00
  6.62000e+00  3.24136e+00
  6.64000e+00  3.73948e+00
  6.66000e+00  3.99250e+00
  6.68000e+00  3.87364e+00
  6.70000e+00  3.43599e+00
  6.72000e+00  2.97140e+00
  6.74000e+00  2.71898e+00
  6.76000e+00  2.56652e+00
  6.78000e+00  2.31329e+00
  6.80000e+00  2.05052e+00
  6.82000e+00  2.07780e+00
  6.84000e+00  2.48195e+00
  6.86000e+00  2.86474e+00
  6.88000e+00  2.65175e+00
  6.90000e+00  1.73720e+00
  6.92000e+00  6.17714e-01
  6.94000e+00 -1.77659e-01
  6.96000e+00 -5.38620e-01
  6.98000e+00 -5.97035e-01
  7.00000e+00 -4.38804e-01
  7.02000e+00 -1.52303e-01
  7.04000e+00  6.84309e-02
  7.06000e+00  3.17828e-02
  7.08000e+00 -2.57490e-01
  7.10000e+00 -5.84021e-01
  7.12000e+00 -7.42745e-01
  7.14000e+00 -6.56594e-01
  7.16000e+00 -3.23853e-01
  7.18000e+00  1.32605e-01
  7.20000e+00  4.81534e-01
  7.22000e+00  5.72600e-01
  7.24000e+00  4.09136e-01
  7.26000e+00  1.10569e-01
  7.28000e+00 -1.63882e-01
  7.30000e+00 -3.72789e-01
  7.32000e+00 -5.97798e-01
  7.34000e+00 -8.43278e-01
  7.36000e+00 -1.00298e+00
  7.38000e+00 -1.00226e+00
  7.40000e+00 -7.72009e-01
  7.42000e+00 -2.61033e-01
  7.44000e+00  3.57147e-01
  7.46000e+00  7.91971e-01
  7.48000e+00  9.43733e-01
  7.50000e+00  8.68050e-01
  7.52000e+00  6.22165e-01
  7.54000e+00  2.36279e-01
  7.56000e+00 -2.70304e-01
  7.58000e+00 -8.21009e-01
  7.60000e+00 -1.29257e+00
  7.62000e+00 -1.64060e+00
  7.64000e+00 -1.90800e+00
  7.66000e+00 -2.12393e+00
  7.68000e+00 -2.29863e+00
  7.70000e+00 -2.34210e+00
  7.72000e+00 -1.95052e+00
  7.74000e+00 -1.01338e+00
  7.76000e+00  1.97428e-02
  7.78000e+00  6.41507e-01
  7.80000e+00  7.14035e-01
  7.82000e+00  3.02167e-01
  7.84000e+00 -3.31151e-01
  7.86000e+00 -7.99419e-01
  7.88000e+00 -9.26823e-01
  7.90000e+00 -7.21775e-01
  7.92000e+00 -2.82196e-01
  7.94000e+00  1.21996e-01
  7.96000e+00  2.74030e-01
  7.98000e+00  2.27320e-01
  8.00000e+00  1.34330e-01
  8.02000e+00  8.56521e-02
  8.04000e+00  1.09722e-01
  8.06000e+00  2.09208e-01
  8.08000e+00  3.69640e-01
  8.10000e+00  5.34328e-01
  8.12000e+00  6.10158e-01
  8.14000e+00  4.25749e-01
  8.16000e+00 -1.65189e-01
  8.18000e+00 -9.68653e-01
  8.20000e+00 -1.58435e+00
  8.22000e+00 -1.87066e+00
  8.24000e+00 -1.92772e+00
  8.26000e+00 -1.85389e+00
  8.28000e+00 -1.72239e+00
  8.30000e+00 -1.53612e+00
  8.32000e+00 -1.19853e+00
  8.34000e+00 -6.84964e-01
  8.36000e+00 -1.28091e-01
  8.38000e+00  3.33687e-01
  8.40000e+00  6.53706e-01
  8.42000e+00  8.39128e-01
  8.44000e+00  9.42824e-01
  8.46000e+00  1.02026e+00
  8.48000e+00  1.03035e+00
  8.50000e+00  9.03092e-01
  8.52000e+00  7.13237e-01
  8.54000e+00  6.27191e-01
  8.56000e+00  6.98450e-01
  8.58000e+00  8.54995e-01
  8.60000e+00  1.02394e+00
  8.62000e+00  1.18165e+00
  8.64000e+00  1.34935e+00
  8.66000e+00  1.55148e+00
  8.68000e+00  1.72872e+00
  8.70000e+00  1.73585e+00
  8.72000e+00  1.49682e+00
  8.74000e+00  1.10878e+00
  8.76000e+00  7.22501e-01
  8.78000e+00  4.00698e-01
  8.80000e+00  1.40755e-01
  8.82000e+00 -2.86260e-02
  8.84000e+00 -3.40852e-02
  8.86000e+00  1.16643e-01
  8.88000e+00  2.78185e-01
  8.90000e+00  3.20460e-01
  8.92000e+00  2.37290e-01
  8.94000e+00  7.01050e-02
  8.96000e+00 -1.71310e-01
  8.98000e+00 -4.79176e-01
  9.00000e+00 -8.04661e-01
  9.02000e+00 -1.09335e+00
  9.04000e+00 -1.30904e+00
  9.06000e+00 -1.39802e+00
  9.08000e+00 -1.27603e+00
  9.10000e+00 -8.57612e-01
  9.12000e+00 -1.81048e-01
  9.14000e+00  4.98634e-01
  9.16000e+00  9.49398e-01
  9.18000e+00  1.21664e+00
  9.20000e+00  1.43998e+00
  9.22000e+00  1.61801e+00
  9.24000e+00  1.67271e+00
  9.26000e+00  1.56110e+00
  9.28000e+00  1.29594e+00
  9.30000e+00  9.05890e-01
  9.32000e+00  4.03489e-01
  9.34000e+00 -1.25599e-01
  9.36000e+00 -5.12341e-01
  9.38000e+00 -6.86386e-01
  9.40000e+00 -7.27307e-01
  9.42000e+00 -7.37968e-01
  9.44000e+00 -7.82016e-01
  9.46000e+00 -8.66789e-01
  9.48000e+00 -9.18931e-01
  9.50000e+00 -8.57616e-01
  9.52000e+00 -7.19419e-01
  9.54000e+00 -6.21185e-01
  9.56000e+00 -6.06795e-01
  9.58000e+00 -6.40591e-01
  9.60000e+00 -6.98339e-01
  9.62000e+00 -7.49347e-01
  9.64000e+00 -7.10530e-01
  9.66000e+00 -5.11448e-01
  9.68000e+00 -1.84440e-01
  9.70000e+00  1.54006e-01
  9.72000e+00  3.89550e-01
  9.74000e+00  4.49057e-01
  9.76000e+00  3.25873e-01
  9.78000e+00  1.33729e-01
  9.80000e+00  4.21336e-02
  9.82000e+00  8.05549e-02
  9.84000e+00  1.09535e-01
  9.86000e+00  2.46040e-02
  9.88000e+00 -1.27913e-01
  9.90000e+00 -2.41837e-01
  9.92000e+00 -2.58524e-01
  9.94000e+00 -1.88709e-01
  9.96000e+00 -9.56178e-02
  9.98000e+00 -5.86650e-02
  1.00000e+01 -1.09029e-01
  1.00200e+01 -2.15569e-01
  1.00400e+01 -3.50645e-01
  1.00600e+01 -5.03714e-01
  1.00800e+01 -6.36448e-01
  1.01000e+01 -7.00115e-01
  1.01200e+01 -6.65022e-01
  1.01400e+01 -5.09281e-01
  1.01600e+01 -2.43329e-01
  1.01800e+01  7.41551e-02
  1.02000e+01  3.94286e-01
  1.02200e+01  6.93052e-01
  1.02400e+01  9.16776e-01
  1.02600e+01  1.00026e+00
  1.02800e+01  9.43200e-01
  1.03000e+01  8.13546e-01
  1.03200e+01  6.81486e-01
  1.03400e+01  5.53286e-01
  1.03600e+01  3.67041e-01
  1.03800e+01  1.04265e-01
  1.04000e+01 -1.18803e-01
  1.04200e+01 -1.76773e-01
  1.04400e+01 -1.04780e-01
  1.04600e+01 -2.48224e-02
  1.04800e+01  2.08163e-02
  1.05000e+01  4.93044e-02
  1.05200e+01  3.46059e-02
  1.05400e+01 -6.20099e-02
  1.05600e+01 -2.11818e-01
  1.05800e+01 -3.58296e-01
  1.06000e+01 -4.96658e-01
  1.06200e+01 -6.48485e-01
  1.06400e+01 -8.07847e-01
  1.06600e+01 -9.56934e-01
  1.06800e+01 -1.06634e+00
  1.07000e+01 -1.07422e+00
  1.07200e+01 -9.47310e-01
  1.07400e+01 -7.27231e-01
  1.07600e+01 -4.65757e-01
  1.07800e+01 -1.87899e-01
  1.08000e+01  7.53918e-02
  1.08200e+01  2.78748e-01
  1.08400e+01  3.50320e-01
  1.08600e+01  2.10064e-01
  1.08800e+01 -1.05295e-01
  1.09000e+01 -4.28218e-01
  1.09200e+01 -6.39487e-01
  1.09400e+01 -7.20388e-01
  1.09600e+01 -6.61219e-01
  1.09800e+01 -4.64514e-01
  1.10000e+01 -1.82869e-01
  1.10200e+01  9.98071e-02
  1.10400e+01  3.10295e-01
  1.10600e+01  4.19289e-01
  1.10800e+01  4.39915e-01
  1.11000e+01  4.32464e-01
  1.11200e+01  4.77496e-01
  1.11400e+01  5.83502e-01
  1.11600e+01  6.80675e-01
  1.11800e+01  7.06566e-01
  1.12000e+01  6.54404e-01
  1.12200e+01  5.71800e-01
  1.12400e+01  4.77913e-01
  1.12600e+01  2.91095e-01
  1.12800e+01 -3.66437e-02
  1.13000e+01 -3.50607e-01
  1.13200e+01 -3.88626e-01
  1.13400e+01 -6.95899e-02
  1.13600e+01  3.73555e-01
  1.13800e+01  6.43750e-01
  1.14000e+01  6.79236e-01
  1.14200e+01  5.83639e-01
  1.14400e+01  4.31352e-01
  1.14600e+01  2.52478e-01
  1.14800e+01  8.01360e-02
  1.15000e+01 -4.32771e-02
  1.15200e+01 -1.03600e-01
  1.15400e+01 -1.31039e-01
  1.15600e+01 -1.34887e-01
  1.15800e+01 -9.10091e-02
  1.16000e+01 -1.09691e-02
  1.16200e+01  6.38767e-02
  1.16400e+01  1.15958e-01
  1.16600e+01  1.53485e-01
  1.16800e+01  2.07209e-01
  1.17000e+01  3.29605e-01
  1.17200e+01  5.34262e-01
  1.17400e+01  7.50517e-01
  1.17600e+01  8.79526e-01
  1.17800e+01  8.31189e-01
  1.18000e+01  5.42319e-01
  1.18200e+01  9.44219e-02
  1.18400e+01 -3.03156e-01
  1.18600e+01 -5.36732e-01
  1.18800e+01 -6.29884e-01
  1.19000e+01 -6.18943e-01
  1.19200e+01 -5.42437e-01
  1.19400e+01 -4.41057e-01
  1.19600e+01 -3.14696e-01
  1.19800e+01 -1.55005e-01
  1.20000e+01  1.78165e-02
  1.20200e+01  1.76739e-01
  1.20400e+01  2.90454e-01
  1.20600e+01  3.17789e-01
  1.20800e+01  2.56619e-01
  1.21000e+01  1.66337e-01
  1.21200e+01  9.96037e-02
  1.21400e+01  6.07133e-02
  1.21600e+01  3.30643e-02
  1.21800e+01 -8.72691e-03
  1.22000e+01 -7.85467e-02
  1.22200e+01 -1.46707e-01
  1.22400e+01 -1.79867e-01
  1.22600e+01 -1.79894e-01
  1.22800e+01 -1.39214e-01
  1.23000e+01 -4.15948e-02
  1.23200e+01  6.42938e-02
  1.23400e+01  8.92757e-02
  1.23600e+01  7.10639e-03
  1.23800e+01 -1.24642e-01
  1.24000e+01 -2.15849e-01
  1.24200e+01 -2.08500e-01
  1.24400e+01 -1.24971e-01
  1.24600e+01 -2.75387e-02
  1.24800e+01  5.53036e-02
  1.25000e+01  1.18321e-01
  1.25200e+01  1.44593e-01
  1.25400e+01  1.21485e-01
  1.25600e+01  6.13985e-02
  1.25800e+01  8.72164e-04
  1.26000e+01 -2.15236e-02
  1.26200e+01 -5.01204e-04
  1.26400e+01  4.44770e-02
  1.26600e+01  1.02081e-01
  1.26800e+01  1.60975e-01
  1.27000e+01  2.06548e-01
  1.27200e+01  2.38741e-01
  1.27400e+01  2.64406e-01
  1.27600e+01  2.82201e-01
  1.27800e+01  2.78477e-01
  1.28000e+01  2.42350e-01
  1.28200e+01  1.82197e-01
  1.28400e+01  9.97544e-02
  1.28600e+01 -1.79495e-02
  1.28800e+01 -1.60589e-01
  1.29000e+01 -2.91976e-01
  1.29200e+01 -3.68735e-01
  1.29400e+01 -3.59623e-01
  1.29600e+01 -2.92054e-01
  1.29800e+01 -2.31868e-01
  1.30000e+01 -1.97748e-01
  1.30200e+01 -1.69252e-01
  1.30400e+01 -1.38335e-01
  1.30600e+01 -9.48544e-02
  1.30800e+01 -3.63097e-02
  1.31000e+01  3.81433e-03
  1.31200e+01  4.81425e-03
  1.31400e+01 -7.93911e-04
  1.31600e+01  2.28138e-02
  1.31800e+01  5.81474e-02
  1.32000e+01  5.89011e-02
  1.32200e+01  2.40138e-02
  1.32400e+01  9.37348e-03
  1.32600e+01  4.80128e-02
  1.32800e+01  9.71160e-02
  1.33000e+01  9.62011e-02
  1.33200e+01  4.42490e-02
  1.33400e+01 -1.84399e-02
  1.33600e+01 -7.13454e-02
  1.33800e+01 -1.23068e-01
  1.34000e+01 -1.86757e-01
  1.34200e+01 -2.65489e-01
  1.34400e+01 -3.51880e-01
  1.34600e+01 -4.34557e-01
  1.34800e+01 -5.01135e-01
  1.35000e+01 -5.34669e-01
  1.35200e+01 -5.09353e-01
  1.35400e+01 -4.02824e-01
  1.35600e+01 -2.30209e-01
  1.35800e+01 -5.44569e-02
  1.36000e+01  5.87293e-02
  1.36200e+01  9.19095e-02
  1.36400e+01  7.45784e-02
  1.36600e+01  4.47939e-02
  1.36800e+01  2.20604e-02
  1.37000e+01  7.79627e-03
  1.37200e+01  3.61615e-04
  1.37400e+01 -7.34297e-04
  1.37600e+01 -5.21180e-03
  1.37800e+01 -2.40484e-02
  1.38000e+01 -4.70894e-02
  1.38200e+01 -5.28694e-02
  1.38400e+01 -3.65288e-02
  1.38600e+01 -4.51403e-03
  1.38800e+01  4.03977e-02
  1.39000e+01  8.30684e-02
  1.39200e+01  9.28479e-02
  1.39400e+01  6.54969e-02
  1.39600e+01  4.09366e-02
  1.39800e+01  5.47577e-02
  1.40000e+01  9.97677e-02
  1.40200e+01  1.45551e-01
  1.40400e+01  1.58421e-01
  1.40600e+01  1.09740e-01
  1.40800e+01  1.27803e-02
  1.41000e+01 -6.14797e-02
  1.41200e+01 -4.30797e-02
  1.41400e+01  6.62280e-02
  1.41600e+01  1.85900e-01
  1.41800e+01  2.23162e-01
  1.42000e+01  1.59431e-01
  1.42200e+01  5.59176e-02
  1.42400e+01 -2.89459e-02
  1.42600e+01 -9.11981e-02
  1.42800e+01 -1.47512e-01
  1.43000e+01 -1.85997e-01
  1.43200e+01 -1.77623e-01
  1.43400e+01 -1.27899e-01
  1.43600e+01 -8.25979e-02
  1.43800e+01 -7.37697e-02
  1.44000e+01 -7.88057e-02
  1.44200e+01 -4.96536e-02
  1.44400e+01  2.49841e-02
  1.44600e+01  1.18126e-01
  1.44800e+01  2.08061e-01
  1.45000e+01  2.85053e-01
  1.45200e+01  3.38321e-01
  1.45400e+01  3.56433e-01
  1.45600e+01  3.27461e-01
  1.45800e+01  2.46605e-01
  1.46000e+01  1.38118e-01
  1.46200e+01  6.12070e-02
  1.46400e+01  6.17582e-02
  1.46600e+01  1.13286e-01
  1.46800e+01  1.52968e-01
  1.47000e+01  1.68682e-01
  1.47200e+01  1.94620e-01
  1.47400e+01  2.45145e-01
  1.47600e+01  2.97624e-01
  1.47800e+01  3.27303e-01
  1.48000e+01  3.35465e-01
  1.48200e+01  3.27316e-01
  1.48400e+01  2.80965e-01
  1.48600e+01  1.71322e-01
  1.48800e+01  1.54840e-02
  1.49000e+01 -1.24608e-01
  1.49200e+01 -1.97995e-01
  1.49400e+01 -2.14525e-01
  1.49600e+01 -2.21167e-01
  1.49800e+01 -2.56069e-01
  1.50000e+01 -3.29681e-01
  1.50200e+01 -4.15545e-01
  1.50400e+01 -4.58904e-01
  1.50600e+01 -4.11719e-01
  1.50800e+01 -2.73078e-01
  1.51000e+01 -9.70022e-02
  1.51200e+01  4.44471e-02
  1.51400e+01  1.05395e-01
  1.51600e+01  8.72941e-02
  1.51800e+01  2.05152e-02
  1.52000e+01 -7.49283e-02
  1.52200e+01 -1.91495e-01
  1.52400e+01 -3.01536e-01
  1.52600e+01 -3.54878e-01
  1.52800e+01 -3.28794e-01
  1.53000e+01 -2.61474e-01
  1.53200e+01 -2.11211e-01
  1.53400e+01 -2.03571e-01
  1.53600e+01 -2.29323e-01
  1.53800e+01 -2.62167e-01
  1.54000e+01 -2.74205e-01
  1.54200e+01 -2.52963e-01
  1.54400e+01 -2.01606e-01
  1.54600e+01 -1.24630e-01
  1.54800e+01 -2.56231e-02
  1.55000e+01  8.35151e-02
  1.55200e+01  1.83331e-01
  1.55400e+01  2.58994e-01
  1.55600e+01  3.00017e-01
  1.55800e+01  2.93251e-01
  1.56000e+01  2.40440e-01
  1.56200e+01  1.66252e-01
  1.56400e+01  8.99763e-02
  1.56600e+01  1.76241e-02
  1.56800e+01 -4.65525e-02
  1.57000e+01 -1.04715e-01
  1.57200e+01 -1.53440e-01
  1.57400e+01 -1.69819e-01
  1.57600e+01 -1.38645e-01
  1.57800e+01 -7.80887e-02
  1.58000e+01 -2.19759e-02
  1.58200e+01  1.44510e-02
  1.58400e+01  3.79479e-02
  1.58600e+01  4.86623e-02
  1.58800e+01  3.42716e-02
  1.59000e+01  4.97397e-04
  1.59200e+01 -1.73738e-02
  1.59400e+01  1.51558e-02
  1.59600e+01  1.01103e-01
  1.59800e+01  2.17996e-01
  1.60000e+01  3.41011e-01
  1.60200e+01  4.43556e-01
  1.60400e+01  4.91433e-01
  1.60600e+01  4.66111e-01
  1.60800e+01  3.87532e-01
  1.61000e+01  2.93933e-01
  1.61200e+01  2.00924e-01
  1.61400e+01  9.37262e-02
  1.61600e+01 -3.00581e-02
  1.61800e+01 -1.28596e-01
  1.62000e+01 -1.61176e-01
  1.62200e+01 -1.44552e-01
  1.62400e+01 -1.21138e-01
  1.62600e+01 -1.03254e-01
  1.62800e+01 -8.87553e-02
  1.63000e+01 -8.62787e-02
  1.63200e+01 -8.73244e-02
  1.63400e+01 -5.70788e-02
  1.63600e+01  1.64614e-02
  1.63800e+01  9.38541e-02
  1.64000e+01  1.20684e-01
  1.64200e+01  8.28246e-02
  1.64400e+01  2.19156e-02
  1.64600e+01 -1.28289e-02
  1.64800e+01 -1.17084e-02
  1.65000e+01  2.03707e-02
  1.65200e+01  8.66341e-02
  1.65400e+01  1.68447e-01
  1.65600e+01  2.28695e-01
  1.65800e+01  2.49695e-01
  1.66000e+01  2.32538e-01
  1.66200e+01  1.75120e-01
  1.66400e+01  7.13349e-02
  1.66600e+01 -6.52212e-02
  1.66800e+01 -1.92330e-01
  1.67000e+01 -2.81965e-01
  1.67200e+01 -3.48840e-01
  1.67400e+01 -4.02180e-01
  1.67600e+01 -4.04868e-01
  1.67800e+01 -3.16653e-01
  1.68000e+01 -1.48906e-01
  1.68200e+01  4.79075e-02
  1.68400e+01  2.25274e-01
  1.68600e+01  3.47734e-01
  1.68800e+01  3.87882e-01
  1.69000e+01  3.36296e-01
  1.69200e+01  2.15307e-01
  1.69400e+01  7.09829e-02
  1.69600e+01 -5.33084e-02
  1.69800e+01 -1.34619e-01
  1.70000e+01 -1.66522e-01
  1.70200e+01 -1.51585e-01
  1.70400e+01 -1.04085e-01
  1.70600e+01 -4.75156e-02
  1.70800e+01  1.85748e-03
  1.71000e+01  3.95148e-02
  1.71200e+01  5.54088e-02
  1.71400e+01  3.86823e-02
  1.71600e+01  4.92724e-03
  1.71800e+01 -1.74778e-02
  1.72000e+01 -2.25602e-02
  1.72200e+01 -2.37268e-02
  1.72400e+01 -3.15259e-02
  1.72600e+01 -3.84380e-02
  1.72800e+01 -2.21010e-02
  1.73000e+01  3.08676e-02
  1.73200e+01  1.10834e-01
  1.73400e+01  1.89882e-01
  1.73600e+01  2.35402e-01
  1.73800e+01  2.25159e-01
  1.74000e+01  1.58804e-01
  1.74200e+01  6.52558e-02
  1.74400e+01 -1.70263e-02
  1.74600e+01 -7.23709e-02
  1.74800e+01 -1.00898e-01
  1.75000e+01 -9.89512e-02
  1.75200e+01 -7.51372e-02
  1.75400e+01 -6.05059e-02
  1.75600e+01 -7.41294e-02
  1.75800e+01 -1.00253e-01
  1.76000e+01 -1.15714e-01
  1.76200e+01 -1.15409e-01
  1.76400e+01 -1.02199e-01
  1.76600e+01 -7.41967e-02
  1.76800e+01 -3.32275e-02
  1.77000e+01  6.70526e-03
  1.77200e+01  3.10011e-02
  1.77400e+01  3.93665e-02
  1.77600e+01  3.76656e-02
  1.77800e+01  1.60646e-02
  1.78000e+01 -4.36938e-02
  1.78200e+01 -1.35517e-01
  1.78400e+01 -2.28981e-01
  1.78600e+01 -2.98127e-01
  1.78800e+01 -3.24477e-01
  1.79000e+01 -2.90870e-01
  1.79200e+01 -2.00923e-01
  1.79400e+01 -8.59090e-02
  1.79600e+01  1.39803e-02
  1.79800e+01  6.23379e-02
  1.80000e+01  4.66459e-02
  1.80200e+01 -8.45557e-03
  1.80400e+01 -6.81599e-02
  1.80600e+01 -1.07450e-01
  1.80800e+01 -1.05095e-01
  1.81000e+01 -5.47356e-02
  1.81200e+01  1.98497e-02
  1.81400e+01  8.60175e-02
  1.81600e+01  1.34699e-01
  1.81800e+01  1.67500e-01
  1.82000e+01  1.74341e-01
  1.82200e+01  1.61046e-01
  1.82400e+01  1.59524e-01
  1.82600e+01  1.78613e-01
  1.82800e+01  1.83015e-01
  1.83000e+01  1.34309e-01
  1.83200e+01  2.88056e-02
  1.83400e+01 -1.02938e-01
  1.83600e+01 -2.14498e-01
  1.83800e+01 -2.69031e-01
  1.84000e+01 -2.64399e-01
  1.84200e+01 -2.31218e-01
  1.84400e+01 -2.02201e-01
  1.84600e+01 -1.80858e-01
  1.84800e+01 -1.43471e-01
  1.85000e+01 -7.44556e-02
  1.85200e+01  1.88209e-02
  1.85400e+01  1.23424e-01
  1.85600e+01  2.27296e-01
  1.85800e+01  3.07958e-01
  1.86000e+01  3.27519e-01
  1.86200e+01  2.59082e-01
  1.86400e+01  1.31091e-01
  1.86600e+01  1.46621e-02
  1.86800e+01 -5.24979e-02
  1.87000e+01 -9.19963e-02
  1.87200e+01 -1.24452e-01
  1.87400e+01 -1.28643e-01
  1.87600e+01 -7.57312e-02
  1.87800e+01  1.94753e-02
  1.88000e+01  9.57533e-02
  1.88200e+01  9.99346e-02
  1.88400e+01  3.99111e-02
  1.88600e+01 -2.82404e-02
  1.88800e+01 -5.73941e-02
  1.89000e+01 -3.92915e-02
  1.89200e+01  6.44849e-03
  1.89400e+01  4.55764e-02
  1.89600e+01  4.01064e-02
  1.89800e+01 -1.96326e-02
  1.90000e+01 -9.10161e-02
  1.90200e+01 -1.13127e-01
  1.90400e+01 -6.79519e-02
  1.90600e+01  5.46810e-03
  1.90800e+01  5.63998e-02
  1.91000e+01  6.93250e-02
  1.91200e+01  5.82710e-02
  1.91400e+01  3.21528e-02
  1.91600e+01 -9.08896e-03
  1.91800e+01 -5.46187e-02
  1.92000e+01 -8.59655e-02
  1.92200e+01 -9.59668e-02
  1.92400e+01 -8.84955e-02
  1.92600e+01 -7.45440e-02
  1.92800e+01 -7.46338e-02
  1.93000e+01 -9.47392e-02
  1.93200e+01 -1.08286e-01
  1.93400e+01 -8.97689e-02
  1.93600e+01 -4.59776e-02
  1.93800e+01 -6.42545e-03
  1.94000e+01  5.41689e-03
  1.94200e+01 -3.88001e-03
  1.94400e+01 -1.02895e-02
  1.94600e+01 -4.04883e-03
  1.94800e+01  8.02280e-03
  1.95000e+01  1.48009e-02
  1.95200e+01  2.16165e-03
  1.95400e+01 -4.07622e-02
  1.95600e+01 -1.07096e-01
  1.95800e+01 -1.67870e-01
  1.96000e+01 -1.81740e-01
  1.96200e+01 -1.20756e-01
  1.96400e+01  1.64162e-04
  1.96600e+01  1.32116e-01
  1.96800e+01  2.34085e-01
  1.97000e+01  2.89224e-01
  1.97200e+01  2.93303e-01
  1.97400e+01  2.63661e-01
  1.97600e+01  2.41356e-01
  1.97800e+01  2.42988e-01
  1.98000e+01  2.42216e-01
  1.98200e+01  2.17152e-01
  1.98400e+01  1.71917e-01
  1.98600e+01  1.21682e-01
  1.98800e+01  8.30918e-02
  1.99000e+01  5.97480e-02
  1.99200e+01  3.99310e-02
  1.99400e+01  1.88873e-02
  1.99600e+01  2.18407e-03
  1.99800e+01 -1.19205e-02
  2.00000e+01 -2.36921e-02
  2.00200e+01 -1.80113e-02
  2.00400e+01  1.26009e-02
  2.00600e+01  5.51290e-02
  2.00800e+01  9.61096e-02
  2.01000e+01  1.26823e-01
  2.01200e+01  1.41067e-01
  2.01400e+01  1.47741e-01
  2.01600e+01  1.59609e-01
  2.01800e+01  1.63335e-01
  2.02000e+01  1.32763e-01
  2.02200e+01  6.55474e-02
  2.02400e+01 -1.34597e-02
  2.02600e+01 -6.49800e-02
  2.02800e+01 -5.72441e-02
  2.03000e+01 -2.71873e-04
  2.03200e+01  5.88947e-02
  2.03400e+01  8.04022e-02
  2.03600e+01  5.66037e-02
  2.03800e+01  5.61258e-03
  2.04000e+01 -4.76569e-02
  2.04200e+01 -8.53380e-02
  2.04400e+01 -9.85574e-02
  2.04600e+01 -8.58464e-02
  2.04800e+01 -4.95949e-02
  2.05000e+01  2.32603e-03
  2.05200e+01  4.90041e-02
  2.05400e+01  6.48027e-02
  2.05600e+01  4.09490e-02
  2.05800e+01 -1.65901e-03
  2.06000e+01 -2.56086e-02
  2.06200e+01 -1.79114e-02
  2.06400e+01 -3.84862e-03
  2.06600e+01 -9.05055e-03
  2.06800e+01 -3.95618e-02
  2.07000e+01 -9.14676e-02
  2.07200e+01 -1.49386e-01
  2.07400e+01 -1.97806e-01
  2.07600e+01 -2.35729e-01
  2.07800e+01 -2.58774e-01
  2.08000e+01 -2.52312e-01
  2.08200e+01 -2.15377e-01
  2.08400e+01 -1.69293e-01
  2.08600e+01 -1.38224e-01
  2.08800e+01 -1.29240e-01
  2.09000e+01 -1.32381e-01
  2.09200e+01 -1.31341e-01
  2.09400e+01 -1.11913e-01
  2.09600e+01 -7.84752e-02
  2.09800e+01 -6.27302e-02
  2.10000e+01 -8.90750e-02
  2.10200e+01 -1.32749e-01
  2.10400e+01 -1.38661e-01
  2.10600e+01 -8.11761e-02
  2.10800e+01  7.31153e-03
  2.11000e+01  6.63762e-02
  2.11200e+01  5.79252e-02
  2.11400e+01 -1.43206e-02
  2.11600e+01 -1.08030e-01
  2.11800e+01 -1.60270e-01
  2.12000e+01 -1.40229e-01
  2.12200e+01 -7.43374e-02
  2.12400e+01 -5.92675e-04
  2.12600e+01  6.30574e-02
  2.12800e+01  1.03758e-01
  2.13000e+01  1.12138e-01
  2.13200e+01  9.69680e-02
  2.13400e+01  7.92144e-02
  2.13600e+01  7.71271e-02
  2.13800e+01  1.02989e-01
  2.14000e+01  1.52605e-01
  2.14200e+01  1.97156e-01
  2.14400e+01  2.11549e-01
  2.14600e+01  1.99046e-01
  2.14800e+01  1.72239e-01
  2.15000e+01  1.39782e-01
  2.15200e+01  1.15281e-01
  2.15400e+01  1.04941e-01
  2.15600e+01  9.70860e-02
  2.15800e+01  8.15951e-02
  2.16000e+01  5.43678e-02
  2.16200e+01  9.67590e-03
  2.16400e+01 -4.42787e-02
  2.16600e+01 -8.40464e-02
  2.16800e+01 -9.97236e-02
  2.17000e+01 -1.00097e-01
  2.17200e+01 -8.70211e-02
  2.17400e+01 -5.30447e-02
  2.17600e+01 -4.59000e-03
  2.17800e+01  3.79023e-02
  2.18000e+01  5.96159e-02
  2.18200e+01  6.13260e-02
  2.18400e+01  5.53331e-02
  2.18600e+01  4.91061e-02
  2.18800e+01  3.77883e-02
  2.19000e+01  8.14670e-03
  2.19200e+01 -5.27779e-02
  2.19400e+01 -1.25507e-01
  2.19600e+01 -1.61206e-01
  2.19800e+01 -1.44650e-01
  2.20000e+01 -1.03357e-01
  2.20200e+01 -6.71255e-02
  2.20400e+01 -5.81492e-02
  2.20600e+01 -7.56720e-02
  2.20800e+01 -8.71183e-02
  2.21000e+01 -7.26024e-02
  2.21200e+01 -5.96836e-02
  2.21400e+01 -8.54568e-02
  2.21600e+01 -1.37117e-01
  2.21800e+01 -1.71821e-01
  2.22000e+01 -1.78609e-01
  2.22200e+01 -1.69318e-01
  2.22400e+01 -1.45973e-01
  2.22600e+01 -1.13960e-01
  2.22800e+01 -9.49041e-02
  2.23000e+01 -1.09184e-01
  2.23200e+01 -1.45377e-01
  2.23400e+01 -1.69332e-01
  2.23600e+01 -1.74814e-01
  2.23800e+01 -1.78586e-01
  2.24000e+01 -1.75700e-01
  2.24200e+01 -1.50121e-01
  2.24400e+01 -1.01049e-01
  2.24600e+01 -4.08111e-02
  2.24800e+01  1.27640e-02
  2.25000e+01  5.67433e-02
  2.25200e+01  1.06786e-01
  2.25400e+01  1.62353e-01
  2.25600e+01  2.01010e-01
  2.25800e+01  2.09165e-01
  2.26000e+01  1.91072e-01
  2.26200e+01  1.61478e-01
  2.26400e+01  1.40607e-01
  2.26600e+01  1.40802e-01
  2.26800e+01  1.56682e-01
  2.27000e+01  1.82255e-01
  2.27200e+01  2.24025e-01
  2.27400e+01  2.67102e-01
  2.27600e+01  2.66066e-01
  2.27800e+01  2.14142e-01
  2.28000e+01  1.55196e-01
  2.28200e+01  9.97237e-02
  2.28400e+01  2.30203e-02
  2.28600e+01 -5.80771e-02
  2.28800e+01 -9.87666e-02
  2.29000e+01 -8.69017e-02
  2.29200e+01 -3.60843e-02
  2.29400e+01  3.75120e-02
  2.29600e+01  1.07138e-01
  2.29800e+01  1.40952e-01
  2.30000e+01  1.29509e-01
  2.30200e+01  9.64135e-02
  2.30400e+01  8.12133e-02
  2.30600e+01  1.04522e-01
  2.30800e+01  1.46957e-01
  2.31000e+01  1.77290e-01
  2.31200e+01  1.85604e-01
  2.31400e+01  1.78801e-01
  2.31600e+01  1.70389e-01
  2.31800e+01  1.69355e-01
  2.32000e+01  1.67842e-01
  2.32200e+01  1.48277e-01
  2.32400e+01  9.68585e-02
  2.32600e+01  1.44634e-02
  2.32800e+01 -7.66561e-02
  2.33000e+01 -1.39653e-01
  2.33200e+01 -1.48493e-01
  2.33400e+01 -1.18745e-01
  2.33600e+01 -9.25930e-02
  2.33800e+01 -8.85150e-02
  2.34000e+01 -9.70270e-02
  2.34200e+01 -1.09337e-01
  2.34400e+01 -1.16235e-01
  2.34600e+01 -1.06090e-01
  2.34800e+01 -8.24331e-02
  2.35000e+01 -5.78709e-02
  2.35200e+01 -4.04168e-02
  2.35400e+01 -3.40702e-02
  2.35600e+01 -3.16381e-02
  2.35800e+01 -2.63365e-02
  2.36000e+01 -2.84961e-02
  2.36200e+01 -4.49293e-02
  2.36400e+01 -6.56468e-02
  2.36600e+01 -7.56737e-02
  2.36800e+01 -6.67492e-02
  2.37000e+01 -3.75562e-02
  2.37200e+01  1.56226e-02
  2.37400e+01  8.16224e-02
  2.37600e+01  1.22970e-01
  2.37800e+01  1.15426e-01
  2.38000e+01  7.03614e-02
  2.38200e+01  1.41373e-02
  2.38400e+01 -3.40575e-02
  2.38600e+01 -7.74676e-02
  2.38800e+01 -1.34276e-01
  2.39000e+01 -2.01196e-01
  2.39200e+01 -2.27831e-01
  2.39400e+01 -1.54280e-01
  2.39600e+01 -1.18850e-04
  2.39800e+01  1.16032e-01
  2.40000e+01  8.30805e-02
  2.40200e+01 -8.46585e-02
  2.40400e+01 -2.44685e-01
  2.40600e+01 -2.65415e-01
  2.40800e+01 -1.59610e-01
  2.41000e+01 -2.71115e-02
  2.41200e+01  7.08675e-02
  2.41400e+01  1.21078e-01
  2.41600e+01  1.29045e-01
  2.41800e+01  1.06970e-01
  2.42000e+01  6.54871e-02
  2.42200e+01  3.26576e-02
  2.42400e+01  4.10134e-02
  2.42600e+01  8.03241e-02
  2.42800e+01  1.11040e-01
  2.43000e+01  1.12878e-01
  2.43200e+01  8.97178e-02
  2.43400e+01  5.46854e-02
  2.43600e+01  2.84206e-02
  2.43800e+01  2.18582e-02
  2.44000e+01  2.50274e-02
  2.44200e+01  3.25996e-02
  2.44400e+01  4.19163e-02
  2.44600e+01  3.09632e-02
  2.44800e+01 -9.40561e-03
  2.45000e+01 -5.73921e-02
  2.45200e+01 -1.04831e-01
  2.45400e+01 -1.62302e-01
  2.45600e+01 -2.14863e-01
  2.45800e+01 -2.25008e-01
  2.46000e+01 -1.82379e-01
  2.46200e+01 -1.22942e-01
  2.46400e+01 -8.59577e-02
  2.46600e+01 -6.94057e-02
  2.46800e+01 -4.91646e-02
  2.47000e+01 -1.98321e-02
  2.47200e+01  7.12222e-03
  2.47400e+01  2.56026e-02
  2.47600e+01  3.45386e-02
  2.47800e+01  3.36088e-02
  2.48000e+01  3.33262e-02
  2.48200e+01  4.54022e-02
  2.48400e+01  6.89605e-02
  2.48600e+01  1.04482e-01
  2.48800e+01  1.44300e-01
  2.49000e+01  1.57877e-01
  2.49200e+01  1.37618e-01
  2.49400e+01  1.18955e-01
  2.49600e+01  1.18009e-01
  2.49800e+01  1.04889e-01
  2.50000e+01  5.75417e-02
  2.50200e+01 -3.11957e-03
  2.50400e+01 -3.86534e-02
  2.50600e+01 -3.05457e-02
  2.50800e+01  5.34823e-03
  2.51000e+01  3.62063e-02
  2.51200e+01  4.69137e-02
  2.51400e+01  4.64452e-02
  2.51600e+01  3.98916e-02
  2.51800e+01  2.17934e-02
  2.52000e+01 -1.19446e-03
  2.52200e+01 -1.61235e-02
  2.52400e+01 -2.44778e-02
  2.52600e+01 -2.53680e-02
  2.52800e+01 -5.08178e-03
  2.53000e+01  3.47162e-02
  2.53200e+01  6.56326e-02
  2.53400e+01  6.16545e-02
  2.53600e+01  2.51468e-02
  2.53800e+01 -2.80646e-02
  2.54000e+01 -9.31815e-02
  2.54200e+01 -1.69893e-01
  2.54400e+01 -2.41221e-01
  2.54600e+01 -2.69577e-01
  2.54800e+01 -2.34752e-01
  2.55000e+01 -1.68571e-01
  2.55200e+01 -1.19299e-01
  2.55400e+01 -1.00022e-01
  2.55600e+01 -8.59946e-02
  2.55800e+01 -4.78531e-02
  2.56000e+01  1.07083e-02
  2.56200e+01  5.62799e-02
  2.56400e+01  6.91018e-02
  2.56600e+01  5.96167e-02
  2.56800e+01  4.65387e-02
  2.57000e+01  4.66765e-02
  2.57200e+01  6.66047e-02
  2.57400e+01  8.53305e-02
  2.57600e+01  8.29661e-02
  2.57800e+01  7.47669e-02
  2.58000e+01  8.30336e-02
  2.58200e+01  1.09454e-01
  2.58400e+01  1.36713e-01
  2.58600e+01  1.38762e-01
  2.58800e+01  1.09425e-01
  2.59000e+01  6.56601e-02
  2.59200e+01  1.79406e-02
  2.59400e+01 -3.15781e-02
  2.59600e+01 -7.88791e-02
  2.59800e+01 -1.18710e-01
  2.60000e+01 -1.35580e-01
  2.60200e+01 -1.12907e-01
  2.60400e+01 -5.99294e-02
  2.60600e+01 -5.38061e-03
  2.60800e+01  2.35310e-02
  2.61000e+01  1.04202e-02
  2.61200e+01 -3.53329e-02
  2.61400e+01 -8.13160e-02
  2.61600e+01 -1.04474e-01
  2.61800e+01 -1.05923e-01
  2.62000e+01 -9.21784e-02
  2.62200e+01 -6.40558e-02
  2.62400e+01 -3.34806e-02
  2.62600e+01 -2.44156e-02
  2.62800e+01 -4.20726e-02
  2.63000e+01 -6.40017e-02
  2.63200e+01 -6.56398e-02
  2.63400e+01 -3.96242e-02
  2.63600e+01  5.69727e-03
  2.63800e+01  5.10149e-02
  2.64000e+01  7.08644e-02
  2.64200e+01  6.07548e-02
  2.64400e+01  5.58760e-02
  2.64600e+01  8.84649e-02
  2.64800e+01  1.46464e-01
  2.65000e+01  2.00371e-01
  2.65200e+01  2.34107e-01
  2.65400e+01  2.41628e-01
  2.65600e+01  2.26297e-01
  2.65800e+01  1.97187e-01
  2.66000e+01  1.55962e-01
  2.66200e+01  1.03649e-01
  2.66400e+01  5.89534e-02
  2.66600e+01  3.87433e-02
  2.66800e+01  1.71761e-02
  2.67000e+01 -4.17947e-02
  2.67200e+01 -1.21963e-01
  2.67400e+01 -1.86125e-01
  2.67600e+01 -2.21114e-01
  2.67800e+01 -2.19996e-01
  2.68000e+01 -1.83206e-01
  2.68200e+01 -1.28447e-01
  2.68400e+01 -7.45259e-02
  2.68600e+01 -4.28038e-02
  2.68800e+01 -5.10850e-02
  2.69000e+01 -8.64192e-02
  2.69200e+01 -1.14868e-01
  2.69400e+01 -1.18796e-01
  2.69600e+01 -1.06678e-01
  2.69800e+01 -9.04548e-02
  2.70000e+01 -7.14696e-02
  2.70200e+01 -5.22651e-02
  2.70400e+01 -3.57642e-02
  2.70600e+01 -1.66259e-02
  2.70800e+01  3.72291e-03
  2.71000e+01  1.67184e-02
  2.71200e+01  2.14290e-02
  2.71400e+01  1.87266e-02
  2.71600e+01  1.46873e-02
  2.71800e+01  2.43513e-02
  2.72000e+01  4.88428e-02
  2.72200e+01  7.11511e-02
  2.72400e+01  7.85380e-02
  2.72600e+01  7.50842e-02
  2.72800e+01  7.66163e-02
  2.73000e+01  9.14526e-02
  2.73200e+01  1.09375e-01
  2.73400e+01  1.19106e-01
  2.73600e+01  1.25781e-01
  2.73800e+01  1.35505e-01
  2.74000e+01  1.35455e-01
  2.74200e+01  1.11804e-01
  2.74400e+01  7.05106e-02
  2.74600e+01  2.40342e-02
  2.74800e+01 -1.58693e-02
  2.75000e+01 -3.30171e-02
  2.75200e+01 -2.25882e-02
  2.75400e+01  1.45731e-03
  2.75600e+01  2.59880e-02
  2.75800e+01  4.25041e-02
  2.76000e+01  3.61282e-02
  2.76200e+01  1.55834e-03
  2.76400e+01 -4.09406e-02
  2.76600e+01 -7.07238e-02
  2.76800e+01 -8.71729e-02
  2.77000e+01 -9.49441e-02
  2.77200e+01 -9.58971e-02
  2.77400e+01 -9.49856e-02
  2.77600e+01 -9.62624e-02
  2.77800e+01 -9.36663e-02
  2.78000e+01 -7.45179e-02
  2.78200e+01 -3.81567e-02
  2.78400e+01 -3.83719e-03
  2.78600e+01  9.10360e-03
  2.78800e+01  2.39276e-03
  2.79000e+01 -1.04843e-02
  2.79200e+01 -2.50758e-02
  2.79400e+01 -4.58028e-02
  2.79600e+01 -7.63734e-02
  2.79800e+01 -1.07760e-01
  2.80000e+01 -1.20199e-01
  2.80200e+01 -1.13365e-01
  2.80400e+01 -1.01852e-01
  2.80600e+01 -8.35460e-02
  2.80800e+01 -5.24286e-02
  2.81000e+01 -1.36047e-02
  2.81200e+01  2.72518e-02
  2.81400e+01  6.77701e-02
  2.81600e+01  1.06956e-01
  2.81800e+01  1.35416e-01
  2.82000e+01  1.40141e-01
  2.82200e+01  1.25511e-01
  2.82400e+01  1.04525e-01
  2.82600e+01  8.36277e-02
  2.82800e+01  6.84321e-02
  2.83000e+01  6.49743e-02
  2.83200e+01  7.62594e-02
  2.83400e+01  9.84143e-02
  2.83600e+01  1.18122e-01
  2.83800e+01  1.21516e-01
  2.84000e+01  1.05265e-01
  2.84200e+01  8.03085e-02
  2.84400e+01  6.20854e-02
  2.84600e+01  5.64670e-02
  2.84800e+01  6.78057e-02
  2.85000e+01  9.93376e-02
  2.85200e+01  1.29385e-01
  2.85400e+01  1.27791e-01
  2.85600e+01  9.61087e-02
  2.85800e+01  5.92811e-02
  2.86000e+01  3.43102e-02
  2.86200e+01  1.78187e-02
  2.86400e+01  7.99641e-04
  2.86600e+01 -1.15879e-02
  2.86800e+01 -1.83082e-02
  2.87000e+01 -3.44953e-02
  2.87200e+01 -5.89806e-02
  2.87400e+01 -7.31843e-02
  2.87600e+01 -7.50996e-02
  2.87800e+01 -7.00771e-02
  2.88000e+01 -5.08422e-02
  2.88200e+01 -1.85934e-02
  2.88400e+01  8.86280e-03
  2.88600e+01  2.04441e-02
  2.88800e+01  2.04017e-02
  2.89000e+01  2.05811e-02
  2.89200e+01  2.53441e-02
  2.89400e+01  2.28328e-02
  2.89600e+01  7.61658e-03
  2.89800e+01 -7.24191e-03
  2.90000e+01 -1.76669e-02
  2.90200e+01 -3.57787e-02
  2.90400e+01 -6.08356e-02
  2.90600e+01 -7.35647e-02
  2.90800e+01 -6.52469e-02
  2.91000e+01 -4.92364e-02
  2.91200e+01 -4.01846e-02
  2.91400e+01 -3.98009e-02
  2.91600e+01 -4.30291e-02
  2.91800e+01 -4.69729e-02
  2.92000e+01 -5.01853e-02
  2.92200e+01 -4.75058e-02
  2.92400e+01 -3.59707e-02
  2.92600e+01 -2.06805e-02
  2.92800e+01 -8.81281e-03
  2.93000e+01 -6.12181e-03
  2.93200e+01 -1.23160e-02
  2.93400e+01 -1.84564e-02
  2.93600e+01 -2.05383e-02
  2.93800e+01 -2.55736e-02
  2.94000e+01 -3.87117e-02
  2.94200e+01 -5.52405e-02
  2.94400e+01 -6.62502e-02
  2.94600e+01 -6.95284e-02
  2.94800e+01 -7.19476e-02
  2.95000e+01 -7.89048e-02
  2.95200e+01 -8.78085e-02
  2.95400e+01 -9.27001e-02
  2.95600e+01 -8.96204e-02
  2.95800e+01 -7.96837e-02
  2.96000e+01 -7.04012e-02
  2.96200e+01 -7.12895e-02
  2.96400e+01 -8.14570e-02
  2.96600e+01 -8.68704e-02
  2.96800e+01 -7.92252e-02
  2.97000e+01 -6.16049e-02
  2.97200e+01 -3.71522e-02
  2.97400e+01 -1.42468e-02
  2.97600e+01 -2.12190e-03
  2.97800e+01  8.24286e-03
  2.98000e+01  2.83679e-02
  2.98200e+01  4.91777e-02
  2.98400e+01  6.07071e-02
  2.98600e+01  6.95373e-02
  2.98800e+01  7.91208e-02
  2.99000e+01  7.99750e-02
  2.99200e+01  6.75244e-02
  2.99400e+01  5.08862e-02
  2.99600e+01  4.00228e-02
  2.99800e+01  3.63577e-02
  3.00000e+01  3.90397e-02
  3.00200e+01  4.25610e-02
  3.00400e+01  3.27990e-02
  3.00600e+01  6.88614e-03
  3.00800e+01 -1.93195e-02
  3.01000e+01 -3.31183e-02
  3.01200e+01 -3.49474e-02
  3.01400e+01 -2.84274e-02
  3.01600e+01 -1.69724e-02
  3.01800e+01 -7.87276e-03
  3.02000e+01 -4.97742e-03
  3.02200e+01 -5.08671e-03
  3.02400e+01 -9.08089e-03
  3.02600e+01 -2.10750e-02
  3.02800e+01 -4.08621e-02
  3.03000e+01 -6.14168e-02
  3.03200e+01 -6.98814e-02
  3.03400e+01 -6.32836e-02
  3.03600e+01 -5.17215e-02
  3.03800e+01 -4.11126e-02
  3.04000e+01 -3.27521e-02
  3.04200e+01 -2.75236e-02
  3.04400e+01 -2.60141e-02
  3.04600e+01 -3.15270e-02
  3.04800e+01 -3.49925e-02
  3.05000e+01 -1.67870e-02
  3.05200e+01  1.91698e-02
  3.05400e+01  5.19810e-02
  3.05600e+01  7.62645e-02
  3.05800e+01  9.65582e-02
  3.06000e+01  1.11390e-01
  3.06200e+01  1.14653e-01
  3.06400e+01  1.09560e-01
  3.06600e+01  1.13033e-01
  3.06800e+01  1.26609e-01
  3.07000e+01  1.28497e-01
  3.07200e+01  1.09776e-01
  3.07400e+01  8.37384e-02
  3.07600e+01  6.57534e-02
  3.07800e+01  6.52139e-02
  3.08000e+01  7.76992e-02
  3.08200e+01  8.18142e-02
  3.08400e+01  6.35584e-02
  3.08600e+01  3.49104e-02
  3.08800e+01  1.24418e-02
  3.09000e+01 -2.76749e-03
  3.09200e+01 -1.43929e-02
  3.09400e+01 -2.50330e-02
  3.09600e+01 -3.87557e-02
  3.09800e+01 -5.00563e-02
  3.10000e+01 -4.64406e-02
  3.10200e+01 -3.23610e-02
  3.10400e+01 -2.62610e-02
  3.10600e+01 -3.23080e-02
  3.10800e+01 -4.01133e-02
  3.11000e+01 -4.38735e-02
  3.11200e+01 -4.03208e-02
  3.11400e+01 -2.57864e-02
  3.11600e+01 -1.24600e-02
  3.11800e+01 -2.14895e-02
  3.12000e+01 -4.93896e-02
  3.12200e+01 -7.25701e-02
  3.12400e+01 -8.14904e-02
  3.12600e+01 -8.14282e-02
  3.12800e+01 -7.45794e-02
  3.13000e+01 -5.96609e-02
  3.13200e+01 -4.11732e-02
  3.13400e+01 -3.07285e-02
  3.13600e+01 -3.12996e-02
  3.13800e+01 -2.84311e-02
  3.14000e+01 -1.21133e-02
  3.14200e+01  8.36772e-03
  3.14400e+01  2.46775e-02
  3.14600e+01  4.16116e-02
  3.14800e+01  6.13226e-02
  3.15000e+01  7.74145e-02
  3.15200e+01  8.29280e-02
  3.15400e+01  7.34672e-02
  3.15600e+01  5.16565e-02
  3.15800e+01  2.67673e-02
  3.16000e+01  5.65661e-03
  3.16200e+01 -8.20575e-03
  3.16400e+01 -1.29643e-02
  3.16600e+01 -1.07012e-02
  3.16800e+01 -3.59191e-03
  3.17000e+01  8.93972e-03
  3.17200e+01  2.73374e-02
  3.17400e+01  4.71291e-02
  3.17600e+01  5.64086e-02
  3.17800e+01  5.16114e-02
  3.18000e+01  4.37623e-02
  3.18200e+01  3.61552e-02
  3.18400e+01  2.77317e-02
  3.18600e+01  2.73751e-02
  3.18800e+01  3.44604e-02
  3.19000e+01  3.68650e-02
  3.19200e+01  3.19705e-02
  3.19400e+01  2.07055e-02
  3.19600e+01  3.47918e-03
  3.19800e+01 -6.42275e-03
  3.20000e+01 -1.36099e-03
  3.20200e+01 -3.66562e-04
  3.20400e+01 -1.63307e-02
  3.20600e+01 -3.50815e-02
  3.20800e+01 -4.51945e-02
  3.21000e+01 -5.25023e-02
  3.21200e+01 -6.62217e-02
  3.21400e+01 -8.31003e-02
  3.21600e+01 -8.97663e-02
  3.21800e+01 -8.72215e-02
  3.22000e+01 -8.34210e-02
  3.22200e+01 -7.05478e-02
  3.22400e+01 -4.65231e-02
  3.22600e+01 -2.46330e-02
  3.22800e+01 -8.63282e-03
  3.23000e+01  7.47282e-03
  3.23200e+01  2.51041e-02
  3.23400e+01  4.12233e-02
  3.23600e+01  5.30946e-02
  3.23800e+01  6.26738e-02
  3.24000e+01  7.54323e-02
  3.24200e+01  9.17614e-02
  3.24400e+01  1.05704e-01
  3.24600e+01  1.14818e-01
  3.24800e+01  1.20981e-01
  3.25000e+01  1.18552e-01
  3.25200e+01  9.70844e-02
  3.25400e+01  5.95121e-02
  3.25600e+01  2.05080e-02
  3.25800e+01 -1.39562e-02
  3.26000e+01 -4.64359e-02
  3.26200e+01 -7.27090e-02
  3.26400e+01 -8.43970e-02
  3.26600e+01 -7.98695e-02
  3.26800e+01 -6.63544e-02
  3.27000e+01 -5.27613e-02
  3.27200e+01 -3.84549e-02
  3.27400e+01 -2.05573e-02
  3.27600e+01 -7.86394e-03
  3.27800e+01 -7.81202e-03
  3.28000e+01 -1.53467e-02
  3.28200e+01 -2.59848e-02
  3.28400e+01 -4.04506e-02
  3.28600e+01 -5.61822e-02
  3.28800e+01 -6.56304e-02
  3.29000e+01 -6.01654e-02
  3.29200e+01 -3.59093e-02
  3.29400e+01 -2.85652e-03
  3.29600e+01  1.93856e-02
  3.29800e+01  2.35199e-02
  3.30000e+01  1.33042e-02
  3.30200e+01 -1.36597e-02
  3.30400e+01 -5.21978e-02
  3.30600e+01 -8.15012e-02
  3.30800e+01 -8.82655e-02
  3.31000e+01 -7.80634e-02
  3.31200e+01 -6.57316e-02
  3.31400e+01 -5.36249e-02
  3.31600e+01 -3.02305e-02
  3.31800e+01 -5.13891e-03
  3.32000e+01 -1.52972e-03
  3.32200e+01 -1.24753e-02
  3.32400e+01 -1.80705e-02
  3.32600e+01 -1.83201e-02
  3.32800e+01 -1.60076e-02
  3.33000e+01 -8.61033e-03
  3.33200e+01 -2.10027e-03
  3.33400e+01 -1.36382e-03
  3.33600e+01  7.70982e-04
  3.33800e+01  1.44430e-02
  3.34000e+01  3.97145e-02
  3.34200e+01  5.97712e-02
  3.34400e+01  5.79290e-02
  3.34600e+01  3.75303e-02
  3.34800e+01  1.15517e-02
  3.35000e+01 -1.00899e-02
  3.35200e+01 -2.24173e-02
  3.35400e+01 -2.28714e-02
  3.35600e+01 -4.78425e-03
  3.35800e+01  2.93816e-02
  3.36000e+01  5.69543e-02
  3.36200e+01  5.87208e-02
  3.36400e+01  4.01983e-02
  3.36600e+01  2.29154e-02
  3.36800e+01  1.94382e-02
  3.37000e+01  2.44547e-02
  3.37200e+01  3.38101e-02
  3.37400e+01  4.60176e-02
  3.37600e+01  5.06886e-02
  3.37800e+01  4.73089e-02
  3.38000e+01  4.86308e-02
  3.38200e+01  5.21787e-02
  3.38400e+01  4.40048e-02
  3.38600e+01  2.43685e-02
  3.38800e+01  7.24233e-03
  3.39000e+01  4.05585e-03
  3.39200e+01  1.65260e-02
  3.39400e+01  3.92118e-02
  3.39600e+01  6.06735e-02
  3.39800e+01  7.50939e-02
  3.40000e+01  9.42448e-02
  3.40200e+01  1.18770e-01
  3.40400e+01  1.23003e-01
  3.40600e+01  9.95283e-02
  3.40800e+01  7.15142e-02
  3.41000e+01  5.28570e-02
  3.41200e+01  3.76726e-02
  3.41400e+01  1.85057e-02
  3.41600e+01 -3.27832e-03
  3.41800e+01 -1.98510e-02
  3.42000e+01 -2.71310e-02
  3.42200e+01 -2.83280e-02
  3.42400e+01 -2.73448e-02
  3.42600e+01 -2.44079e-02
  3.42800e+01 -2.19438e-02
  3.43000e+01 -2.65231e-02
  3.43200e+01 -3.76480e-02
  3.43400e+01 -4.82801e-02
  3.43600e+01 -5.42413e-02
  3.43800e+01 -5.15197e-02
  3.44000e+01 -4.17658e-02
  3.44200e+01 -3.71085e-02
  3.44400e+01 -3.87063e-02
  3.44600e+01 -3.21795e-02
  3.44800e+01 -1.56599e-02
  3.45000e+01 -5.89293e-03
  3.45200e+01 -1.48441e-02
  3.45400e+01 -3.64776e-02
  3.45600e+01 -5.66691e-02
  3.45800e+01 -6.74670e-02
  3.46000e+01 -6.93113e-02
  3.46200e+01 -6.77264e-02
  3.46400e+01 -6.70217e-02
  3.46600e+01 -6.69229e-02
  3.46800e+01 -7.11004e-02
  3.47000e+01 -8.22873e-02
  3.47200e+01 -8.97042e-02
  3.47400e+01 -8.42384e-02
  3.47600e+01 -6.96026e-02
  3.47800e+01 -5.12275e-02
  3.48000e+01 -3.87754e-02
  3.48200e+01 -4.20867e-02
  3.48400e+01 -5.09734e-02
  3.48600e+01 -4.83047e-02
  3.48800e+01 -3.53769e-02
  3.49000e+01 -2.51660e-02
  3.49200e+01 -2.45311e-02
  3.49400e+01 -2.52311e-02
  3.49600e+01 -1.42193e-02
  3.49800e+01  6.78889e-03
  3.50000e+01  2.62417e-02
  3.50200e+01  4.03136e-02
  3.50400e+01  5.72661e-02
  3.50600e+01  8.31904e-02
  3.50800e+01  1.02906e-01
  3.51000e+01  9.49673e-02
  3.51200e+01  6.29229e-02
  3.51400e+01  3.08237e-02
  3.51600e+01  1.73012e-02
  3.51800e+01  1.95638e-02
  3.52000e+01  1.76410e-02
  3.52200e+01 -2.21690e-03
  3.52400e+01 -3.21915e-02
  3.52600e+01 -5.12304e-02
  3.52800e+01 -4.42919e-02
  3.53000e+01 -1.63043e-02
  3.53200e+01  1.32886e-02
  3.53400e+01  2.77540e-02
  3.53600e+01  2.40569e-02
  3.53800e+01  1.27336e-02
  3.54000e+01  4.11482e-03
  3.54200e+01  1.65632e-03
  3.54400e+01  9.89495e-03
  3.54600e+01  2.72304e-02
  3.54800e+01  4.32749e-02
  3.55000e+01  5.04945e-02
  3.55200e+01  4.05044e-02
  3.55400e+01  1.69933e-02
  3.55600e+01  6.92212e-03
  3.55800e+01  2.09483e-02
  3.56000e+01  4.00025e-02
  3.56200e+01  5.08064e-02
  3.56400e+01  5.18156e-02
  3.56600e+01  4.33706e-02
  3.56800e+01  3.34323e-02
  3.57000e+01  2.77112e-02
  3.57200e+01  1.87281e-02
  3.57400e+01  1.60790e-03
  3.57600e+01 -1.69090e-02
  3.57800e+01 -2.64348e-02
  3.58000e+01 -2.02396e-02
  3.58200e+01 -8.62340e-03
  3.58400e+01 -1.03708e-02
  3.58600e+01 -2.16399e-02
  3.58800e+01 -2.86966e-02
  3.59000e+01 -3.43145e-02
  3.59200e+01 -4.05850e-02
  3.59400e+01 -4.19981e-02
  3.59600e+01 -3.85893e-02
  3.59800e+01 -3.11620e-02
  3.60000e+01 -2.25821e-02
  3.60200e+01 -1.93786e-02
  3.60400e+01 -1.93097e-02
  3.60600e+01 -1.70904e-02
  3.60800e+01 -1.55051e-02
  3.61000e+01 -1.94433e-02
  3.61200e+01 -2.91412e-02
  3.61400e+01 -3.64523e-02
  3.61600e+01 -3.36779e-02
  3.61800e+01 -3.01635e-02
  3.62000e+01 -3.82777e-02
  3.62200e+01 -4.86245e-02
  3.62400e+01 -4.32307e-02
  3.62600e+01 -2.36030e-02
  3.62800e+01 -9.77458e-03
  3.63000e+01 -1.25087e-02
  3.63200e+01 -1.85118e-02
  3.63400e+01 -1.17907e-02
  3.63600e+01  7.28389e-03
  3.63800e+01  2.63890e-02
  3.64000e+01  3.02322e-02
  3.64200e+01  2.07628e-02
  3.64400e+01  2.11509e-02
  3.64600e+01  4.08828e-02
  3.64800e+01  6.49465e-02
  3.65000e+01  7.68041e-02
  3.65200e+01  7.06043e-02
  3.65400e+01  5.32572e-02
  3.65600e+01  3.32980e-02
  3.65800e+01  1.13287e-02
  3.66000e+01 -1.15840e-02
  3.66200e+01 -3.12063e-02
  3.66400e+01 -3.82108e-02
  3.66600e+01 -2.45221e-02
  3.66800e+01 -2.15740e-03
  3.67000e+01  1.06160e-02
  3.67200e+01  1.13008e-02
  3.67400e+01  6.90460e-03
  3.67600e+01  9.03731e-03
  3.67800e+01  2.53954e-02
  3.68000e+01  4.73531e-02
  3.68200e+01  6.37302e-02
  3.68400e+01  7.41052e-02
  3.68600e+01  7.44963e-02
  3.68800e+01  5.87882e-02
  3.69000e+01  4.11057e-02
  3.69200e+01  3.99993e-02
  3.69400e+01  5.14108e-02
  3.69600e+01  6.28568e-02
  3.69800e+01  6.81393e-02
  3.70000e+01  6.26574e-02
  3.70200e+01  4.34788e-02
  3.70400e+01  1.36892e-02
  3.70600e+01 -1.72989e-02
  3.70800e+01 -4.03623e-02
  3.71000e+01 -5.52956e-02
  3.71200e+01 -6.87055e-02
  3.71400e+01 -7.90326e-02
  3.71600e+01 -7.75284e-02
  3.71800e+01 -6.54744e-02
  3.72000e+01 -4.67111e-02
  3.72200e+01 -1.93293e-02
  3.72400e+01  1.00979e-02
  3.72600e+01  2.87359e-02
  3.72800e+01  3.02304e-02
  3.73000e+01  1.79292e-02
  3.73200e+01  3.46825e-03
  3.73400e+01 -5.95894e-03
  3.73600e+01 -1.25954e-02
  3.73800e+01 -1.80055e-02
  3.74000e+01 -2.22322e-02
  3.74200e+01 -2.45096e-02
  3.74400e+01 -2.28727e-02
  3.74600e+01 -1.84197e-02
  3.74800e+01 -1.04782e-02
  3.75000e+01  2.65046e-03
  3.75200e+01  1.61284e-02
  3.75400e+01  2.61778e-02
  3.75600e+01  3.09427e-02
  3.75800e+01  2.24552e-02
  3.76000e+01 -4.19211e-03
  3.76200e+01 -4.00025e-02
  3.76400e+01 -6.56849e-02
  3.76600e+01 -6.88101e-02
  3.76800e+01 -5.77210e-02
  3.77000e+01 -4.58255e-02
  3.77200e+01 -3.54666e-02
  3.77400e+01 -2.58354e-02
  3.77600e+01 -1.56228e-02
  3.77800e+01 -4.58804e-03
  3.78000e+01  2.58219e-03
  3.78200e+01  7.12686e-03
  3.78400e+01  1.21096e-02
  3.78600e+01  1.04698e-02
  3.78800e+01  1.45596e-03
  3.79000e+01 -5.55061e-03
  3.79200e+01 -9.96769e-03
  3.79400e+01 -1.50733e-02
  3.79600e+01 -1.68440e-02
  3.79800e+01 -1.18990e-02
  3.80000e+01 -5.01570e-03
  3.80200e+01 -6.27382e-03
  3.80400e+01 -1.89546e-02
  3.80600e+01 -3.29760e-02
  3.80800e+01 -3.94629e-02
  3.81000e+01 -4.06247e-02
  3.81200e+01 -3.65744e-02
  3.81400e+01 -2.26576e-02
  3.81600e+01 -5.23415e-03
  3.81800e+01  6.27871e-03
  3.82000e+01  1.79920e-02
  3.82200e+01  3.38749e-02
  3.82400e+01  4.25231e-02
  3.82600e+01  4.17586e-02
  3.82800e+01  4.34731e-02
  3.83000e+01  5.02029e-02
  3.83200e+01  5.29303e-02
  3.83400e+01  4.81895e-02
  3.83600e+01  4.21004e-02
  3.83800e+01  3.58828e-02
  3.84000e+01  2.31463e-02
  3.84200e+01  5.73375e-03
  3.84400e+01 -9.33565e-03
  3.84600e+01 -2.05075e-02
  3.84800e+01 -2.16744e-02
  3.85000e+01 -8.16978e-03
  3.85200e+01  5.98536e-03
  3.85400e+01  7.96148e-03
  3.85600e+01  6.50318e-03
  3.85800e+01  1.24285e-02
  3.86000e+01  2.01762e-02
  3.86200e+01  1.90900e-02
  3.86400e+01  1.20013e-02
  3.86600e+01  1.34175e-02
  3.86800e+01  2.59829e-02
  3.87000e+01  3.24729e-02
  3.87200e+01  2.61784e-02
  3.87400e+01  2.37696e-02
  3.87600e+01  3.06295e-02
  3.87800e+01  3.07980e-02
  3.88000e+01  1.69636e-02
  3.88200e+01 -1.16419e-03
  3.88400e+01 -1.38072e-02
  3.88600e+01 -2.27259e-02
  3.88800e+01 -3.14913e-02
  3.89000e+01 -3.37677e-02
  3.89200e+01 -2.69883e-02
  3.89400e+01 -1.68221e-02
  3.89600e+01 -3.36886e-03
  3.89800e+01  1.14250e-02
  3.90000e+01  1.71500e-02
  3.90200e+01  1.19683e-02
  3.90400e+01  7.13476e-03
  3.90600e+01  1.05142e-02
  3.90800e+01  1.91136e-02
  3.91000e+01  2.41402e-02
  3.91200e+01  2.06092e-02
  3.91400e+01  1.53992e-02
  3.91600e+01  1.34170e-02
  3.91800e+01  7.59364e-03
  3.92000e+01 -2.38773e-03
  3.92200e+01 -9.80126e-03
  3.92400e+01 -1.67931e-02
  3.92600e+01 -2.45690e-02
  3.92800e+01 -2.40474e-02
  3.93000e+01 -1.20316e-02
  3.93200e+01 -1.06317e-03
  3.93400e+01 -8.77680e-06
  3.93600e+01 -2.06307e-03
  3.93800e+01 -1.51132e-03
  3.94000e+01 -1.09251e-03
  3.94200e+01 -1.59316e-03
  3.94400e+01  1.58148e-03
  3.94600e+01  1.29946e-02
  3.94800e+01  3.03846e-02
  3.95000e+01  4.23074e-02
  3.95200e+01  3.95253e-02
  3.95400e+01  3.11855e-02
  3.95600e+01  3.20859e-02
  3.95800e+01  3.73181e-02
  3.96000e+01  3.46162e-02
  3.96200e+01  2.47104e-02
  3.96400e+01  1.31486e-02
  3.96600e+01  2.89694e-03
  3.96800e+01 -6.24859e-03
  3.97000e+01 -1.73420e-02
  3.97200e+01 -2.95226e-02
  3.97400e+01 -4.23254e-02
  3.97600e+01 -5.78702e-02
  3.97800e+01 -6.70034e-02
  3.98000e+01 -5.79217e-02
  3.98200e+01 -3.75739e-02
  3.98400e+01 -2.23680e-02
  3.98600e+01 -1.83953e-02
  3.98800e+01 -2.19423e-02
  3.99000e+01 -2.98077e-02
  3.99200e+01 -3.76193e-02
  3.99400e+01 -3.69888e-02
  3.99600e+01 -2.83880e-02
  3.99800e+01 -1.98999e-02
  4.00000e+01 -1.38491e-02
  4.00200e+01 -1.34051e-02
  4.00400e+01 -2.15312e-02
  4.00600e+01 -3.06753e-02
  4.00800e+01 -3.51834e-02
  4.01000e+01 -3.86108e-02
  4.01200e+01 -3.71805e-02
  4.01400e+01 -1.84677e-02
  4.01600e+01  7.83725e-03
  4.01800e+01  1.21498e-02
  4.02000e+01 -3.54265e-03
  4.02200e+01 -1.51251e-02
  4.02400e+01 -2.28966e-02
  4.02600e+01 -2.55335e-02
  4.02800e+01 -1.05053e-02
  4.03000e+01  9.45088e-03
  4.03200e+01  1.79898e-02
  4.03400e+01  1.72473e-02
  4.03600e+01  7.39772e-03
  4.03800e+01 -9.35052e-03
  4.04000e+01 -2.25221e-02
  4.04200e+01 -2.42498e-02
  4.04400e+01 -1.31753e-02
  4.04600e+01  4.16753e-03
  4.04800e+01  1.99002e-02
  4.05000e+01  2.88337e-02
  4.05200e+01  2.59626e-02
  4.05400e+01  1.55634e-02
  4.05600e+01  1.24354e-02
  4.05800e+01  2.44317e-02
  4.06000e+01  4.03472e-02
  4.06200e+01  4.51094e-02
  4.06400e+01  4.53819e-02
  4.06600e+01  5.40056e-02
  4.06800e+01  6.05866e-02
  4.07000e+01  5.19616e-02
  4.07200e+01  3.33873e-02
  4.07400e+01  1.17969e-02
  4.07600e+01 -6.49066e-03
  4.07800e+01 -1.29131e-02
  4.08000e+01 -1.22111e-02
  4.08200e+01 -1.40639e-02
  4.08400e+01 -1.83011e-02
  4.08600e+01 -2.47442e-02
  4.08800e+01 -3.35446e-02
  4.09000e+01 -3.97119e-02
  4.09200e+01 -3.99493e-02
  4.09400e+01 -3.49894e-02
  4.09600e+01 -2.49171e-02
  4.09800e+01 -7.47782e-03
  4.10000e+01  1.27488e-02
  4.10200e+01  2.27569e-02
  4.10400e+01  1.90950e-02
  4.10600e+01  7.89395e-03
  4.10800e+01 -9.56597e-03
  4.11000e+01 -3.18125e-02
  4.11200e+01 -5.01811e-02
  4.11400e+01 -5.16372e-02
  4.11600e+01 -2.91923e-02
  4.11800e+01  2.18951e-03
  4.12000e+01  1.83449e-02
  4.12200e+01  1.68014e-02
  4.12400e+01  1.14258e-02
  4.12600e+01  1.13361e-02
  4.12800e+01  2.02125e-02
  4.13000e+01  3.43063e-02
  4.13200e+01  4.35057e-02
  4.13400e+01  4.56624e-02
  4.13600e+01  4.26011e-02
  4.13800e+01  3.23458e-02
  4.14000e+01  1.95711e-02
  4.14200e+01  8.81171e-03
  4.14400e+01 -4.26721e-03
  4.14600e+01 -1.80165e-02
  4.14800e+01 -2.62488e-02
  4.15000e+01 -2.80190e-02
  4.15200e+01 -2.31484e-02
  4.15400e+01 -1.46228e-02
  4.15600e+01 -7.27975e-03
  4.15800e+01 -3.13420e-03
  4.16000e+01 -5.61729e-03
  4.16200e+01 -1.07966e-02
  4.16400e+01 -4.15143e-03
  4.16600e+01  1.69265e-02
  4.16800e+01  3.74668e-02
  4.17000e+01  4.52963e-02
  4.17200e+01  4.24730e-02
  4.17400e+01  3.92854e-02
  4.17600e+01  3.85604e-02
  4.17800e+01  3.20554e-02
  4.18000e+01  1.90225e-02
  4.18200e+01  9.03334e-03
  4.18400e+01  2.85267e-03
  4.18600e+01 -6.83495e-03
  4.18800e+01 -1.87324e-02
  4.19000e+01 -2.32561e-02
  4.19200e+01 -1.77584e-02
  4.19400e+01 -1.49855e-02
  4.19600e+01 -2.60912e-02
  4.19800e+01 -3.53621e-02
  4.20000e+01 -2.38914e-02
  4.20200e+01 -8.49971e-03
  4.20400e+01 -9.27302e-03
  4.20600e+01 -1.40097e-02
  4.20800e+01 -9.76342e-03
  4.21000e+01 -6.31954e-04
  4.21200e+01  1.14288e-02
  4.21400e+01  2.79546e-02
  4.21600e+01  4.18910e-02
  4.21800e+01  4.42043e-02
  4.22000e+01  3.86002e-02
  4.22200e+01  3.13631e-02
  4.22400e+01  2.12315e-02
  4.22600e+01  1.07295e-02
  4.22800e+01  2.56371e-03
  4.23000e+01 -6.41902e-03
  4.23200e+01 -1.53627e-02
  4.23400e+01 -2.29534e-02
  4.23600e+01 -3.25824e-02
  4.23800e+01 -4.57308e-02
  4.24000e+01 -6.14922e-02
  4.24200e+01 -7.52766e-02
  4.24400e+01 -7.92581e-02
  4.24600e+01 -7.33605e-02
  4.24800e+01 -6.42793e-02
  4.25000e+01 -5.59315e-02
  4.25200e+01 -5.09871e-02
  4.25400e+01 -4.93112e-02
  4.25600e+01 -4.52711e-02
  4.25800e+01 -3.59203e-02
  4.26000e+01 -2.28012e-02
  4.26200e+01 -8.11219e-03
  4.26400e+01  4.27940e-03
  4.26600e+01  1.15527e-02
  4.26800e+01  1.35811e-02
  4.27000e+01  1.10217e-02
  4.27200e+01  7.04689e-03
  4.27400e+01  4.75485e-03
  4.27600e+01  4.99299e-03
  4.27800e+01  1.09761e-02
  4.28000e+01  2.24885e-02
  4.28200e+01  3.19466e-02
  4.28400e+01  3.91873e-02
  4.28600e+01  5.07328e-02
  4.28800e+01  6.18499e-02
  4.29000e+01  6.20585e-02
  4.29200e+01  5.11723e-02
  4.29400e+01  3.66057e-02
  4.29600e+01  2.37695e-02
  4.29800e+01  1.41532e-02
  4.30000e+01  1.02584e-02
  4.30200e+01  1.70135e-02
  4.30400e+01  3.34529e-02
  4.30600e+01  5.23212e-02
  4.30800e+01  6.87355e-02
  4.31000e+01  7.63895e-02
  4.31200e+01  6.99868e-02
  4.31400e+01  5.72945e-02
  4.31600e+01  4.53929e-02
  4.31800e+01  3.08879e-02
  4.32000e+01  1.52772e-02
  4.32200e+01  2.44365e-03
  4.32400e+01 -8.88138e-03
  4.32600e+01 -1.70292e-02
  4.32800e+01 -1.90268e-02
  4.33000e+01 -1.49019e-02
  4.33200e+01 -4.29153e-03
  4.33400e+01  1.21623e-02
  4.33600e+01  2.75958e-02
  4.33800e+01  3.11386e-02
  4.34000e+01  2.16798e-02
  4.34200e+01  1.13969e-02
  4.34400e+01  8.02083e-03
  4.34600e+01  7.64590e-03
  4.34800e+01  6.47867e-03
  4.35000e+01  3.57999e-03
  4.35200e+01 -2.18409e-03
  4.35400e+01 -8.54874e-03
  4.35600e+01 -1.28246e-02
  4.35800e+01 -1.52452e-02
  4.36000e+01 -1.70381e-02
  4.36200e+01 -2.33042e-02
  4.36400e+01 -3.53356e-02
  4.36600e+01 -4.34107e-02
  4.36800e+01 -4.48977e-02
  4.37000e+01 -4.95600e-02
  4.37200e+01 -5.64935e-02
  4.37400e+01 -5.49617e-02
  4.37600e+01 -4.88393e-02
  4.37800e+01 -4.81831e-02
  4.38000e+01 -4.83319e-02
  4.38200e+01 -4.22917e-02
  4.38400e+01 -2.84196e-02
  4.38600e+01 -7.08890e-03
  4.38800e+01  3.64677e-03
  4.39000e+01 -1.74471e-02
  4.39200e+01 -5.28355e-02
  4.39400e+01 -6.38927e-02
  4.39600e+01 -4.21146e-02
  4.39800e+01 -9.23772e-03
  4.40000e+01  1.24743e-02
  4.40200e+01  1.72104e-02
  4.40400e+01  1.99366e-02
  4.40600e+01  3.37599e-02
  4.40800e+01  4.44384e-02
  4.41000e+01  3.49636e-02
  4.41200e+01  1.59100e-02
  4.41400e+01  5.39405e-03
  4.41600e+01  8.51868e-03
  4.41800e+01  2.01477e-02
  4.42000e+01  2.28911e-02
  4.42200e+01  8.56417e-03
  4.42400e+01 -1.03736e-03
  4.42600e+01  6.45637e-03
  4.42800e+01  1.44965e-02
  4.43000e+01  1.56863e-02
  4.43200e+01  1.58850e-02
  4.43400e+01  1.41622e-02
  4.43600e+01  8.74893e-03
  4.43800e+01  1.43163e-03
  4.44000e+01 -5.22496e-03
  4.44200e+01 -8.55314e-03
  4.44400e+01 -9.13421e-03
  4.44600e+01 -8.35264e-03
  4.44800e+01 -5.81092e-03
  4.45000e+01 -3.85340e-03
  4.45200e+01 -5.67045e-03
  4.45400e+01 -8.35131e-03
  4.45600e+01 -2.55765e-03
  4.45800e+01  1.76540e-02
  4.46000e+01  4.05779e-02
  4.46200e+01  4.86305e-02
  4.46400e+01  4.43000e-02
  4.46600e+01  3.89618e-02
  4.46800e+01  3.38644e-02
  4.47000e+01  2.52256e-02
  4.47200e+01  6.52224e-03
  4.47400e+01 -2.29158e-02
  4.47600e+01 -4.73633e-02
  4.47800e+01 -5.37839e-02
  4.48000e+01 -4.85379e-02
  4.48200e+01 -3.96903e-02
  4.48400e+01 -2.66597e-02
  4.48600e+01 -1.43393e-02
  4.48800e+01 -7.27312e-03
  4.49000e+01  5.36110e-05
  4.49200e+01  8.08285e-03
  4.49400e+01  1.41860e-02
  4.49600e+01  2.15412e-02
  4.49800e+01  2.74384e-02
  4.50000e+01  2.88006e-02
  4.50200e+01  3.41510e-02
  4.50400e+01  4.39024e-02
  4.50600e+01  3.95748e-02
  4.50800e+01  1.56283e-02
  4.51000e+01 -9.25538e-03
  4.51200e+01 -2.27398e-02
  4.51400e+01 -2.13451e-02
  4.51600e+01 -2.62798e-03
  4.51800e+01  2.04835e-02
  4.52000e+01  3.40514e-02
  4.52200e+01  3.87868e-02
  4.52400e+01  3.40859e-02
  4.52600e+01  1.88801e-02
  4.52800e+01 -5.30582e-04
  4.53000e+01 -1.60027e-02
  4.53200e+01 -2.06077e-02
  4.53400e+01 -1.75152e-02
  4.53600e+01 -1.75764e-02
  4.53800e+01 -2.03561e-02
  4.54000e+01 -1.80340e-02
  4.54200e+01 -1.18422e-02
  4.54400e+01 -9.35641e-03
  4.54600e+01 -1.13432e-02
  4.54800e+01 -1.16439e-02
  4.55000e+01 -1.09788e-02
  4.55200e+01 -1.26167e-02
  4.55400e+01 -1.17921e-02
  4.55600e+01 -8.77805e-03
  4.55800e+01 -8.99155e-03
  4.56000e+01 -1.20688e-02
  4.56200e+01 -1.98107e-02
  4.56400e+01 -3.33568e-02
  4.56600e+01 -4.54393e-02
  4.56800e+01 -4.89555e-02
  4.57000e+01 -4.25777e-02
  4.57200e+01 -3.35027e-02
  4.57400e+01 -3.26018e-02
  4.57600e+01 -3.66958e-02
  4.57800e+01 -3.19752e-02
  4.58000e+01 -1.99857e-02
  4.58200e+01 -1.44481e-02
  4.58400e+01 -1.35676e-02
  4.58600e+01 -4.70150e-03
  4.58800e+01  1.36646e-02
  4.59000e+01  3.38501e-02
  4.59200e+01  4.77504e-02
  4.59400e+01  4.86125e-02
  4.59600e+01  3.53387e-02
  4.59800e+01  1.64180e-02
  4.60000e+01  2.64539e-03
  4.60200e+01 -4.12462e-03
  4.60400e+01 -8.86893e-03
  4.60600e+01 -1.26192e-02
  4.60800e+01 -9.00765e-03
  4.61000e+01  4.10985e-03
  4.61200e+01  1.45922e-02
  4.61400e+01  1.00415e-02
  4.61600e+01 -5.00895e-03
  4.61800e+01 -1.82295e-02
  4.62000e+01 -2.90717e-02
  4.62200e+01 -4.38397e-02
  4.62400e+01 -5.67462e-02
  4.62600e+01 -5.73652e-02
  4.62800e+01 -4.56055e-02
  4.63000e+01 -2.51404e-02
  4.63200e+01 -4.75373e-03
  4.63400e+01  1.59252e-03
  4.63600e+01 -8.95113e-04
  4.63800e+01  2.12838e-03
  4.64000e+01  1.71782e-03
  4.64200e+01 -5.86653e-03
  4.64400e+01 -5.72776e-04
  4.64600e+01  1.64241e-02
  4.64800e+01  2.28587e-02
  4.65000e+01  1.38769e-02
  4.65200e+01  2.08579e-04
  4.65400e+01 -3.52614e-03
  4.65600e+01  6.83395e-03
  4.65800e+01  1.62395e-02
  4.66000e+01  1.77001e-02
  4.66200e+01  2.15501e-02
  4.66400e+01  3.15589e-02
  4.66600e+01  3.96232e-02
  4.66800e+01  3.77661e-02
  4.67000e+01  2.88781e-02
  4.67200e+01  2.19716e-02
  4.67400e+01  1.74722e-02
  4.67600e+01  1.58764e-02
  4.67800e+01  2.39992e-02
  4.68000e+01  3.68714e-02
  4.68200e+01  4.02050e-02
  4.68400e+01  2.91784e-02
  4.68600e+01  1.27174e-02
  4.68800e+01  6.74878e-03
  4.69000e+01  1.52652e-02
  4.69200e+01  2.34861e-02
  4.69400e+01  1.63828e-02
  4.69600e+01 -4.56880e-03
  4.69800e+01 -1.90679e-02
  4.70000e+01 -1.70681e-02
  4.70200e+01 -1.63449e-02
  4.70400e+01 -2.13860e-02
  4.70600e+01 -1.76114e-02
  4.70800e+01 -7.61366e-03
  4.71000e+01  3.54360e-03
  4.71200e+01  1.83080e-02
  4.71400e+01  3.02534e-02
  4.71600e+01  3.56446e-02
  4.71800e+01  3.67741e-02
  4.72000e+01  3.54801e-02
  4.72200e+01  3.46063e-02
  4.72400e+01  3.08124e-02
  4.72600e+01  2.45858e-02
  4.72800e+01  2.33765e-02
  4.73000e+01  2.18578e-02
  4.73200e+01  1.61954e-02
  4.73400e+01  1.35767e-02
  4.73600e+01  8.79880e-03
  4.73800e+01 -4.18836e-03
  4.74000e+01 -1.64891e-02
  4.74200e+01 -2.36657e-02
  4.74400e+01 -2.73761e-02
  4.74600e+01 -2.74999e-02
  4.74800e+01 -2.65874e-02
  4.75000e+01 -2.31474e-02
  4.75200e+01 -1.20546e-02
  4.75400e+01  1.91471e-03
  4.75600e+01  6.69128e-03
  4.75800e+01  2.36888e-04
  4.76000e+01 -5.63838e-03
  4.76200e+01 -7.14875e-03
  4.76400e+01 -1.00339e-02
  4.76600e+01 -7.40245e-03
  4.76800e+01  2.42476e-03
  4.77000e+01  3.07260e-03
  4.77200e+01 -9.15908e-03
  4.77400e+01 -2.42844e-02
  4.77600e+01 -3.37591e-02
  4.77800e+01 -2.84038e-02
  4.78000e+01 -8.99851e-03
  4.78200e+01  1.14180e-02
  4.78400e+01  1.66704e-02
  4.78600e+01 -1.87427e-03
  4.78800e+01 -2.87404e-02
  4.79000e+01 -4.18680e-02
  4.79200e+01 -3.76431e-02
  4.79400e+01 -2.11502e-02
  4.79600e+01 -6.77312e-04
  4.79800e+01  1.28444e-02
  4.80000e+01  1.19480e-02
  4.80200e+01 -3.68193e-03
  4.80400e+01 -1.91685e-02
  4.80600e+01 -1.86980e-02
  4.80800e+01 -9.59144e-03
  4.81000e+01 -8.93541e-03
  4.81200e+01 -1.72151e-02
  4.81400e+01 -2.07483e-02
  4.81600e+01 -1.45141e-02
  4.81800e+01 -6.23056e-03
  4.82000e+01 -2.65391e-03
  4.82200e+01 -7.20486e-03
  4.82400e+01 -1.62725e-02
  4.82600e+01 -1.92988e-02
  4.82800e+01 -1.45752e-02
  4.83000e+01 -7.46278e-03
  4.83200e+01  2.11342e-03
  4.83400e+01  7.86117e-03
  4.83600e+01 -5.11505e-03
  4.83800e+01 -2.61363e-02
  4.84000e+01 -2.31068e-02
  4.84200e+01  3.52919e-03
  4.84400e+01  2.41150e-02
  4.84600e+01  3.03765e-02
  4.84800e+01  3.67224e-02
  4.85000e+01  4.62204e-02
  4.85200e+01  4.80512e-02
  4.85400e+01  4.21015e-02
  4.85600e+01  3.78681e-02
  4.85800e+01  3.57147e-02
  4.86000e+01  2.95799e-02
  4.86200e+01  1.82553e-02
  4.86400e+01  5.62758e-03
  4.86600e+01 -9.41630e-03
  4.86800e+01 -2.93764e-02
  4.87000e+01 -4.01690e-02
  4.87200e+01 -2.88538e-02
  4.87400e+01 -1.00185e-02
  4.87600e+01 -1.46507e-03
  4.87800e+01 -1.87164e-03
  4.88000e+01 -7.33987e-03
  4.88200e+01 -1.69737e-02
  4.88400e+01 -2.48030e-02
  4.88600e+01 -2.32650e-02
  4.88800e+01 -8.29925e-03
  4.89000e+01  1.18356e-02
  4.89200e+01  1.88228e-02
  4.89400e+01  6.78332e-03
  4.89600e+01 -1.63387e-02
  4.89800e+01 -4.35084e-02
  4.90000e+01 -7.51512e-02
  4.90200e+01 -1.13834e-01
  4.90400e+01 -1.36031e-01
  4.90600e+01 -1.00450e-01
  4.90800e+01 -3.43315e-03
  4.91000e+01  1.15203e-01
  4.91200e+01  2.04763e-01
  4.91400e+01  2.32606e-01
  4.91600e+01  2.13788e-01
  4.91800e+01  1.82714e-01
  4.92000e+01  1.38105e-01
  4.92200e+01  6.42968e-02
  4.92400e+01 -2.57545e-02
  4.92600e+01 -1.01642e-01
  4.92800e+01 -1.41535e-01
  4.93000e+01 -1.38106e-01
  4.93200e+01 -9.47259e-02
  4.93400e+01 -2.85720e-02
  4.93600e+01  2.82414e-02
  4.93800e+01  5.10636e-02
  4.94000e+01  4.52323e-02
  4.94200e+01  3.29472e-02
  4.94400e+01  2.35108e-02
  4.94600e+01  9.49816e-03
  4.94800e+01 -1.56372e-02
  4.95000e+01 -4.71010e-02
  4.95200e+01 -6.56383e-02
  4.95400e+01 -5.05673e-02
  4.95600e+01 -4.95218e-03
  4.95800e+01  5.00812e-02
  4.96000e+01  9.82636e-02
  4.96200e+01  1.32277e-01
  4.96400e+01  1.53192e-01
  4.96600e+01  1.58763e-01
  4.96800e+01  1.29172e-01
  4.97000e+01  5.70438e-02
  4.97200e+01 -2.44378e-02
  4.97400e+01 -8.05552e-02
  4.97600e+01 -1.08745e-01
  4.97800e+01 -1.13092e-01
  4.98000e+01 -9.33273e-02
  4.98200e+01 -6.14766e-02
  4.98400e+01 -3.05764e-02
  4.98600e+01 -2.10614e-03
  4.98800e+01  2.16902e-02
  4.99000e+01  3.48120e-02
  4.99200e+01  3.12119e-02
  4.99400e+01  4.37856e-03
  4.99600e+01 -3.77717e-02
  4.99800e+01 -6.85846e-02
  5.00000e+01 -7.34022e-02
  5.00200e+01 -6.11595e-02
  5.00400e+01 -3.79464e-02
  5.00600e+01 -2.14110e-03
  5.00800e+01  2.97904e-02
  5.01000e+01  2.68897e-02
  5.01200e+01 -1.22203e-02
  5.01400e+01 -5.10001e-02
  5.01600e+01 -6.13757e-02
  5.01800e+01 -4.62804e-02
  5.02000e+01 -2.74108e-02
  5.02200e+01 -2.73723e-02
  5.02400e+01 -4.32531e-02
  5.02600e+01 -5.23078e-02
  5.02800e+01 -4.80890e-02
  5.03000e+01 -4.07542e-02
  5.03200e+01 -3.54535e-02
  5.03400e+01 -3.08146e-02
  5.03600e+01 -2.88413e-02
  5.03800e+01 -3.63275e-02
  5.04000e+01 -4.87677e-02
  5.04200e+01 -5.12207e-02
  5.04400e+01 -4.86868e-02
  5.04600e+01 -5.65955e-02
  5.04800e+01 -6.36551e-02
  5.05000e+01 -5.25807e-02
  5.05200e+01 -3.03057e-02
  5.05400e+01 -7.16802e-03
  5.05600e+01  1.31938e-02
  5.05800e+01  2.41187e-02
  5.06000e+01  2.81528e-02
  5.06200e+01  3.74709e-02
  5.06400e+01  5.07087e-02
  5.06600e+01  5.53825e-02
  5.06800e+01  4.85437e-02
  5.07000e+01  3.59489e-02
  5.07200e+01  2.19530e-02
  5.07400e+01  9.42310e-03
  5.07600e+01  5.17245e-03
  5.07800e+01  1.72107e-02
  5.08000e+01  3.94757e-02
  5.08200e+01  5.34418e-02
  5.08400e+01  4.99422e-02
  5.08600e+01  3.67334e-02
  5.08800e+01  2.65162e-02
  5.09000e+01  2.36889e-02
  5.09200e+01  2.26904e-02
  5.09400e+01  1.23753e-02
  5.09600e+01 -8.07057e-03
  5.09800e+01 -1.52278e-02
  5.10000e+01  2.82620e-03
  5.10200e+01  2.21126e-02
  5.10400e+01  2.58875e-02
  5.10600e+01  2.08840e-02
  5.10800e+01  1.17483e-02
  5.11000e+01  1.90077e-03
  5.11200e+01 -1.81268e-03
  5.11400e+01  2.27719e-03
  5.11600e+01  1.06789e-02
  5.11800e+01  1.70980e-02
  5.12000e+01  1.54802e-02
  5.12200e+01  7.59722e-03
  5.12400e+01 -5.73912e-04
  5.12600e+01 -9.41950e-03
  5.12800e+01 -2.01094e-02
  5.13000e+01 -2.68266e-02
  5.13200e+01 -2.40684e-02
  5.13400e+01 -1.32182e-02
  5.13600e+01 -8.34935e-05
  5.13800e+01  1.14544e-02
  5.14000e+01  2.13527e-02
  5.14200e+01  3.13275e-02
  5.14400e+01  4.21234e-02
  5.14600e+01  4.75401e-02
  5.14800e+01  4.08974e-02
  5.15000e+01  2.21484e-02
  5.15200e+01 -6.98717e-03
  5.15400e+01 -3.30056e-02
  5.15600e+01 -3.86457e-02
  5.15800e+01 -3.33921e-02
  5.16000e+01 -3.63669e-02
  5.16200e+01 -4.47333e-02
  5.16400e+01 -4.60457e-02
  5.16600e+01 -3.76589e-02
  5.16800e+01 -2.23614e-02
  5.17000e+01  2.64909e-05
  5.17200e+01  2.34100e-02
  5.17400e+01  3.12181e-02
  5.17600e+01  2.02088e-02
  5.17800e+01  7.39212e-03
  5.18000e+01 -5.84711e-06
  5.18200e+01 -1.04427e-02
  5.18400e+01 -2.33060e-02
  5.18600e+01 -2.94008e-02
  5.18800e+01 -2.78721e-02
  5.19000e+01 -2.41671e-02
  5.19200e+01 -1.73966e-02
  5.19400e+01 -5.53457e-03
  5.19600e+01  1.62139e-03
  5.19800e+01 -3.60355e-04
  5.20000e+01 -2.38729e-03
  5.20200e+01 -5.16571e-03
  5.20400e+01 -1.36162e-02
  5.20600e+01 -2.02816e-02
  5.20800e+01 -1.61360e-02
  5.21000e+01 -2.41243e-03
  5.21200e+01  9.66123e-03
  5.21400e+01  1.37003e-02
  5.21600e+01  1.65527e-02
  5.21800e+01  2.29234e-02
  5.22000e+01  2.83444e-02
  5.22200e+01  2.88179e-02
  5.22400e+01  2.59778e-02
  5.22600e+01  2.46479e-02
  5.22800e+01  2.78863e-02
  5.23000e+01  3.45929e-02
  5.23200e+01  4.14603e-02
  5.23400e+01  4.50598e-02
  5.23600e+01  4.50945e-02
  5.23800e+01  4.63193e-02
  5.24000e+01  4.83889e-02
  5.24200e+01  4.15456e-02
  5.24400e+01  2.51804e-02
  5.24600e+01  1.43698e-02
  5.24800e+01  1.75374e-02
  5.25000e+01  2.53915e-02
  5.25200e+01  2.81525e-02
  5.25400e+01  2.73235e-02
  5.25600e+01  2.83958e-02
  5.25800e+01  3.21570e-02
  5.26000e+01  3.20954e-02
  5.26200e+01  2.52981e-02
  5.26400e+01  2.00039e-02
  5.26600e+01  1.76613e-02
  5.26800e+01  8.71577e-03
  5.27000e+01 -5.62302e-03
  5.27200e+01 -1.37381e-02
  5.27400e+01 -1.39867e-02
  5.27600e+01 -1.52085e-02
  5.27800e+01 -2.08541e-02
  5.28000e+01 -2.78998e-02
  5.28200e+01 -3.46221e-02
  5.28400e+01 -3.80456e-02
  5.28600e+01 -3.83020e-02
  5.28800e+01 -4.47735e-02
  5.29000e+01 -6.11500e-02
  5.29200e+01 -7.43204e-02
  5.29400e+01 -6.86439e-02
  5.29600e+01 -4.70926e-02
  5.29800e+01 -2.91529e-02
  5.30000e+01 -2.22439e-02
  5.30200e+01 -1.32569e-02
  5.30400e+01  5.71942e-03
  5.30600e+01  2.36688e-02
  5.30800e+01  2.32937e-02
  5.31000e+01  1.88138e-03
  5.31200e+01 -2.07414e-02
  5.31400e+01 -2.43296e-02
  5.31600e+01 -1.13334e-02
  5.31800e+01  1.63433e-03
  5.32000e+01  3.02539e-03
  5.32200e+01 -6.88532e-03
  5.32400e+01 -1.94486e-02
  5.32600e+01 -2.72969e-02
  5.32800e+01 -3.27800e-02
  5.33000e+01 -4.02109e-02
  5.33200e+01 -4.04197e-02
  5.33400e+01 -2.40217e-02
  5.33600e+01 -4.15858e-03
  5.33800e+01  3.21366e-03
  5.34000e+01  2.97232e-03
  5.34200e+01  4.62288e-03
  5.34400e+01  6.67451e-03
  5.34600e+01  5.23198e-03
  5.34800e+01  7.64761e-03
  5.35000e+01  2.44557e-02
  5.35200e+01  4.37727e-02
  5.35400e+01  4.43601e-02
  5.35600e+01  3.19252e-02
  5.35800e+01  2.28675e-02
  5.36000e+01  1.42126e-02
  5.36200e+01  4.13131e-04
  5.36400e+01 -1.39602e-02
  5.36600e+01 -2.50936e-02
  5.36800e+01 -2.68952e-02
  5.37000e+01 -1.74047e-02
  5.37200e+01 -1.14962e-02
  5.37400e+01 -1.66342e-02
  5.37600e+01 -1.94323e-02
  5.37800e+01 -1.49245e-02
  5.38000e+01 -1.34874e-02
  5.38200e+01 -1.62473e-02
  5.38400e+01 -1.39179e-02
  5.38600e+01 -5.61673e-03
  5.38800e+01  3.36074e-03
  5.39000e+01  1.34305e-02
  5.39200e+01  2.40170e-02
  5.39400e+01  2.89800e-02
  5.39600e+01  2.58446e-02
  5.39800e+01  2.14746e-02
  5.40000e+01  2.31764e-02
  5.40200e+01  2.33634e-02
  5.40400e+01  1.48180e-02
  5.40600e+01  1.01159e-02
  5.40800e+01  1.37374e-02
  5.41000e+01  1.15697e-02
  5.41200e+01  2.85097e-03
  5.41400e+01  4.92358e-04
  5.41600e+01  6.13253e-03
  5.41800e+01  8.23037e-03
  5.42000e+01  2.13078e-04
  5.42200e+01 -1.24685e-02
  5.42400e+01 -2.60677e-02
  5.42600e+01 -3.57568e-02
  5.42800e+01 -2.92636e-02
  5.43000e+01 -1.04366e-02
  5.43200e+01  2.23037e-03
  5.43400e+01  4.78339e-03
  5.43600e+01  4.90883e-03
  5.43800e+01  8.19901e-03
  5.44000e+01  1.31772e-02
  5.44200e+01  9.92695e-03
  5.44400e+01 -4.60043e-03
  5.44600e+01 -1.93925e-02
  5.44800e+01 -2.35471e-02
  5.45000e+01 -1.76570e-02
  5.45200e+01 -9.59909e-03
  5.45400e+01 -2.45133e-03
  5.45600e+01  2.84264e-03
  5.45800e+01  4.99741e-03
  5.46000e+01  9.33420e-03
  5.46200e+01  1.67503e-02
  5.46400e+01  2.14220e-02
  5.46600e+01  2.40993e-02
  5.46800e+01  2.35252e-02
  5.47000e+01  1.38297e-02
  5.47200e+01  5.57353e-04
  5.47400e+01 -5.03735e-03
  5.47600e+01 -3.26278e-03
  5.47800e+01 -4.43253e-04
  5.48000e+01  1.52991e-03
  5.48200e+01  1.22170e-03
  5.48400e+01  1.09020e-03
  5.48600e+01  8.26157e-03
  5.48800e+01  1.82842e-02
  5.49000e+01  2.09610e-02
  5.49200e+01  2.17568e-02
  5.49400e+01  3.06536e-02
  5.49600e+01  3.91344e-02
  5.49800e+01  3.32577e-02
  5.50000e+01  1.69956e-02
  5.50200e+01  1.50940e-03
  5.50400e+01 -7.04791e-03
  5.50600e+01 -4.60439e-03
  5.50800e+01  7.57849e-04
  5.51000e+01 -6.31219e-03
  5.51200e+01 -2.43356e-02
  5.51400e+01 -3.67318e-02
  5.51600e+01 -3.02400e-02
  5.51800e+01 -9.24685e-03
  5.52000e+01  7.56279e-03
  5.52200e+01  1.45673e-02
  5.52400e+01  2.10104e-02
  5.52600e+01  2.72252e-02
  5.52800e+01  2.99234e-02
  5.53000e+01  2.95162e-02
  5.53200e+01  2.28577e-02
  5.53400e+01  1.21160e-02
  5.53600e+01  3.64567e-03
  5.53800e+01 -2.30083e-03
  5.54000e+01 -5.35841e-03
  5.54200e+01 -6.60083e-03
  5.54400e+01 -8.41253e-03
  5.54600e+01 -5.99133e-03
  5.54800e+01  9.59232e-04
  5.55000e+01  2.97384e-04
  5.55200e+01 -1.46413e-02
  5.55400e+01 -3.30750e-02
  5.55600e+01 -3.96052e-02
  5.55800e+01 -2.96266e-02
  5.56000e+01 -1.04208e-02
  5.56200e+01  5.43428e-03
  5.56400e+01  1.05594e-02
  5.56600e+01  5.45264e-03
  5.56800e+01 -4.02155e-03
  5.57000e+01 -6.15285e-03
  5.57200e+01 -1.25727e-04
  5.57400e+01  1.19665e-03
  5.57600e+01 -1.73550e-03
  5.57800e+01 -1.44485e-03
  5.58000e+01 -6.94070e-04
  5.58200e+01 -4.57479e-08
  5.58400e+01 -7.20669e-05
  5.58600e+01 -5.59990e-03
  5.58800e+01 -1.09399e-02
  5.59000e+01 -9.98912e-03
  5.59200e+01 -7.28357e-03
  5.59400e+01 -4.32688e-03
  5.59600e+01 -4.49983e-04
  5.59800e+01  7.26469e-04
  5.60000e+01  3.43870e-04
  5.60200e+01  3.76811e-03
  5.60400e+01  1.36475e-02
  5.60600e+01  2.60570e-02
  5.60800e+01  3.02658e-02
  5.61000e+01  2.15161e-02
  5.61200e+01  6.22460e-03
  5.61400e+01 -6.10019e-03
  5.61600e+01 -1.13127e-02
  5.61800e+01 -1.48351e-02
  5.62000e+01 -1.84579e-02
  5.62200e+01 -1.72681e-02
  5.62400e+01 -1.32442e-02
  5.62600e+01 -9.47328e-03
  5.62800e+01 -6.74980e-03
  5.63000e+01 -8.35327e-03
  5.63200e+01 -1.65803e-02
  5.63400e+01 -3.29578e-02
  5.63600e+01 -4.74663e-02
  5.63800e+01 -4.32732e-02
  5.64000e+01 -2.91216e-02
  5.64200e+01 -2.21237e-02
  5.64400e+01 -1.66021e-02
  5.64600e+01 -9.50362e-03
  5.64800e+01 -8.57148e-03
  5.65000e+01 -1.21745e-02
  5.65200e+01 -1.68506e-02
  5.65400e+01 -2.06920e-02
  5.65600e+01 -1.87748e-02
  5.65800e+01 -1.45102e-02
  5.66000e+01 -1.77839e-02
  5.66200e+01 -2.78536e-02
  5.66400e+01 -3.23381e-02
  5.66600e+01 -2.64829e-02
  5.66800e+01 -2.23230e-02
  5.67000e+01 -2.77725e-02
  5.67200e+01 -3.33369e-02
  5.67400e+01 -3.27663e-02
  5.67600e+01 -3.12429e-02
  5.67800e+01 -2.80734e-02
  5.68000e+01 -2.24705e-02
  5.68200e+01 -2.17149e-02
  5.68400e+01 -2.70844e-02
  5.68600e+01 -3.79597e-02
  5.68800e+01 -4.58747e-02
  5.69000e+01 -2.36092e-02
  5.69200e+01  3.09514e-02
  5.69400e+01  8.13906e-02
  5.69600e+01  1.02684e-01
  5.69800e+01  9.43461e-02
  5.70000e+01  6.41504e-02
  5.70200e+01  3.09042e-02
  5.70400e+01  2.05699e-02
  5.70600e+01  3.79375e-02
  5.70800e+01  5.21410e-02
  5.71000e+01  3.67110e-02
  5.71200e+01  7.66864e-03
  5.71400e+01 -4.63030e-03
  5.71600e+01  6.53302e-03
  5.71800e+01  2.34358e-02
  5.72000e+01  2.86582e-02
  5.72200e+01  2.53905e-02
  5.72400e+01  2.40061e-02
  5.72600e+01  2.12288e-02
  5.72800e+01  6.81543e-03
  5.73000e+01 -1.79576e-02
  5.73200e+01 -4.01450e-02
  5.73400e+01 -4.91411e-02
  5.73600e+01 -3.76847e-02
  5.73800e+01 -4.92936e-03
  5.74000e+01  3.03354e-02
  5.74200e+01  4.63790e-02
  5.74400e+01  4.55100e-02
  5.74600e+01  4.25565e-02
  5.74800e+01  4.21096e-02
  5.75000e+01  3.90498e-02
  5.75200e+01  2.94984e-02
  5.75400e+01  1.67787e-02
  5.75600e+01  7.79084e-03
  5.75800e+01  3.94747e-03
  5.76000e+01  2.63779e-03
  5.76200e+01  5.61826e-03
  5.76400e+01  1.47104e-02
  5.76600e+01  2.63936e-02
  5.76800e+01  3.55327e-02
  5.77000e+01  3.47744e-02
  5.77200e+01  2.14961e-02
  5.77400e+01  7.58654e-03
  5.77600e+01  2.54791e-03
  5.77800e+01  4.40643e-04
  5.78000e+01 -4.68906e-03
  5.78200e+01 -1.06642e-02
  5.78400e+01 -1.26143e-02
  5.78600e+01 -7.64923e-03
  5.78800e+01 -6.14353e-05
  5.79000e+01  2.78934e-03
  5.79200e+01  4.84141e-04
  5.79400e+01 -1.31043e-03
  5.79600e+01  3.81285e-04
  5.79800e+01  2.43577e-03
  5.80000e+01  1.84767e-03
  5.80200e+01 -2.56585e-04
  5.80400e+01 -1.71039e-03
  5.80600e+01 -8.75592e-04
  5.80800e+01  1.27232e-03
  5.81000e+01 -2.66254e-04
  5.81200e+01 -7.41142e-03
  5.81400e+01 -1.46890e-02
  5.81600e+01 -1.78520e-02
  5.81800e+01 -1.79273e-02
  5.82000e+01 -1.37464e-02
  5.82200e+01 -4.21949e-03
  5.82400e+01  4.25296e-03
  5.82600e+01  4.68450e-03
  5.82800e+01 -2.96847e-03
  5.83000e+01 -1.28304e-02
  5.83200e+01 -1.63998e-02
  5.83400e+01 -1.13632e-02
  5.83600e+01 -5.11076e-03
  5.83800e+01 -3.41241e-03
  5.84000e+01 -4.04222e-03
  5.84200e+01 -4.57150e-03
  5.84400e+01 -6.73964e-03
  5.84600e+01 -1.06281e-02
  5.84800e+01 -1.26826e-02
  5.85000e+01 -1.19032e-02
  5.85200e+01 -1.09466e-02
  5.85400e+01 -1.09885e-02
  5.85600e+01 -1.12889e-02
  5.85800e+01 -1.14312e-02
  5.86000e+01 -1.11121e-02
  5.86200e+01 -1.03895e-02
  5.86400e+01 -9.67037e-03
  5.86600e+01 -8.56816e-03
  5.86800e+01 -7.07067e-03
  5.87000e+01 -6.17686e-03
  5.87200e+01 -5.54211e-03
  5.87400e+01 -4.34158e-03
  5.87600e+01 -3.53718e-03
  5.87800e+01 -3.37513e-03
  5.88000e+01 -2.61088e-03
  5.88200e+01 -1.38250e-03
  5.88400e+01 -9.01865e-04
  5.88600e+01 -1.60842e-03
  5.88800e+01 -2.65368e-03
  5.89000e+01 -2.67826e-03
  5.89200e+01 -1.61736e-03
  5.89400e+01 -3.58863e-04
  5.89600e+01  6.82311e-04
  5.89800e+01  1.45735e-03
  5.90000e+01  1.91149e-03
  5.90200e+01  1.81786e-03
  5.90400e+01  1.29414e-03
  5.90600e+01  1.00395e-03
  5.90800e+01  1.14816e-03
  5.91000e+01  1.45487e-03
  5.91200e+01  1.67693e-03
  5.91400e+01  1.62880e-03
  5.91600e+01  1.47290e-03
  5.91800e+01  1.43757e-03
  5.92000e+01  1.47364e-03
  5.92200e+01  1.52577e-03
  5.92400e+01  1.55026e-03
  5.92600e+01  1.50534e-03
  5.92800e+01  1.41108e-03
  5.93000e+01  1.26799e-03
  5.93200e+01  1.13876e-03
  5.93400e+01  1.10675e-03
  5.93600e+01  1.13144e-03
  5.93800e+01  1.15322e-03
  5.94000e+01  1.13838e-03
  5.94200e+01  1.04652e-03
  5.94400e+01  9.25791e-04
  5.94600e+01  8.73814e-04
  5.94800e+01  8.88110e-04
  5.95000e+01  9.02501e-04
  5.95200e+01  8.92445e-04
  5.95400e+01  8.71148e-04
  5.95600e+01  8.50289e-04
  5.95800e+01  8.30675e-04
  5.96000e+01  8.10788e-04
  5.96200e+01  7.90497e-04
  5.96400e+01  7.65581e-04
  5.96600e+01  7.29413e-04
  5.96800e+01  6.79582e-04
  5.97000e+01  6.20930e-04
  5.97200e+01  5.62114e-04
  5.97400e+01  5.06625e-04
  5.97600e+01  4.52941e-04
  5.97800e+01  4.01804e-04
  5.98000e+01  3.54660e-04
  5.98200e+01  3.10762e-04
  5.98400e+01  2.69109e-04
  5.98600e+01  2.30144e-04
  5.98800e+01  1.94364e-04
  5.99000e+01  1.61126e-04
  5.99200e+01  1.30623e-04
  5.99400e+01  1.02578e-04
  5.99600e+01  7.74050e-05
  5.99800e+01  5.51441e-05
