  0.00000e+00  0.00000e+00
  2.00000e-02  1.29443e-03
  4.00000e-02  7.40792e-04
  6.00000e-02  6.31881e-04
  8.00000e-02  5.15124e-04
  1.00000e-01  3.90247e-04
  1.20000e-01  2.57209e-04
  1.40000e-01  1.16380e-04
  1.60000e-01 -2.99058e-05
  1.80000e-01 -1.84688e-04
  2.00000e-01 -3.52547e-04
  2.20000e-01 -5.25655e-04
  2.40000e-01 -6.91728e-04
  2.60000e-01 -8.64441e-04
  2.80000e-01 -1.08473e-03
  3.00000e-01 -1.35475e-03
  3.20000e-01 -1.59170e-03
  3.40000e-01 -1.73704e-03
  3.60000e-01 -1.87344e-03
  3.80000e-01 -2.11282e-03
  4.00000e-01 -2.43882e-03
  4.20000e-01 -2.72554e-03
  4.40000e-01 -2.85991e-03
  4.60000e-01 -2.91909e-03
  4.80000e-01 -3.14100e-03
  5.00000e-01 -3.60124e-03
  5.20000e-01 -4.33405e-03
  5.40000e-01 -5.45083e-03
  5.60000e-01 -6.24877e-03
  5.80000e-01 -5.48835e-03
  6.00000e-01 -3.66003e-03
  6.20000e-01 -2.88965e-03
  6.40000e-01 -4.06343e-03
  6.60000e-01 -6.34455e-03
  6.80000e-01 -8.62825e-03
  7.00000e-01 -9.30259e-03
  7.20000e-01 -7.47644e-03
  7.40000e-01 -5.60217e-03
  7.60000e-01 -6.17875e-03
  7.80000e-01 -7.96599e-03
  8.00000e-01 -9.83635e-03
  8.20000e-01 -1.13016e-02
  8.40000e-01 -9.64433e-03
  8.60000e-01 -6.32052e-03
  8.80000e-01 -7.87623e-03
  9.00000e-01 -1.46064e-02
  9.20000e-01 -2.04581e-02
  9.40000e-01 -2.11251e-02
  9.60000e-01 -1.52149e-02
  9.80000e-01 -5.43250e-03
  1.00000e+00  2.06405e-03
  1.02000e+00  2.45226e-03
  1.04000e+00 -5.43530e-03
  1.06000e+00 -1.67673e-02
  1.08000e+00 -2.38164e-02
  1.10000e+00 -2.55725e-02
  1.12000e+00 -2.47056e-02
  1.14000e+00 -1.76472e-02
  1.16000e+00 -3.65499e-03
  1.18000e+00  3.85744e-03
  1.20000e+00 -1.83119e-03
  1.22000e+00 -3.40502e-03
  1.24000e+00  4.11546e-03
  1.26000e+00 -5.63383e-03
  1.28000e+00 -3.42912e-02
  1.30000e+00 -4.33136e-02
  1.32000e+00 -1.86195e-02
  1.34000e+00  1.31863e-02
  1.36000e+00  2.67423e-02
  1.38000e+00  1.84156e-02
  1.40000e+00  1.99925e-03
  1.42000e+00 -1.09205e-02
  1.44000e+00 -1.93443e-02
  1.46000e+00 -1.09827e-02
  1.48000e+00  2.69269e-02
  1.50000e+00  5.45800e-02
  1.52000e+00  1.16406e-02
  1.54000e+00 -6.70434e-02
  1.56000e+00 -7.92319e-02
  1.58000e+00 -9.99346e-03
  1.60000e+00  6.09814e-02
  1.62000e+00  6.98768e-02
  1.64000e+00  1.83523e-02
  1.66000e+00 -4.45685e-02
  1.68000e+00 -7.82754e-02
  1.70000e+00 -6.46452e-02
  1.72000e+00  7.62002e-03
  1.74000e+00  8.73860e-02
  1.76000e+00  8.96027e-02
  1.78000e+00  4.14799e-02
  1.80000e+00  2.75337e-02
  1.82000e+00  2.57457e-02
  1.84000e+00 -5.72773e-03
  1.86000e+00 -6.46365e-03
  1.88000e+00  6.71126e-02
  1.90000e+00  1.20104e-01
  1.92000e+00  3.74808e-02
  1.94000e+00 -1.02578e-01
  1.96000e+00 -1.18078e-01
  1.98000e+00 -2.20154e-02
  2.00000e+00  7.49334e-02
  2.02000e+00  2.07639e-01
  2.04000e+00  3.37518e-01
  2.06000e+00  2.47766e-01
  2.08000e+00 -7.46627e-02
  2.10000e+00 -3.65721e-01
  2.12000e+00 -4.23170e-01
  2.14000e+00 -2.39547e-01
  2.16000e+00  6.20270e-02
  2.18000e+00  3.03152e-01
  2.20000e+00  3.44039e-01
  2.22000e+00  1.79888e-01
  2.24000e+00 -4.38870e-02
  2.26000e+00 -1.68648e-01
  2.28000e+00 -1.32097e-01
  2.30000e+00  1.53627e-04
  2.32000e+00  8.01315e-02
  2.34000e+00  9.02386e-02
  2.36000e+00  1.28856e-01
  2.38000e+00  1.61810e-01
  2.40000e+00  1.11642e-01
  2.42000e+00  5.39172e-02
  2.44000e+00  8.03081e-02
  2.46000e+00  1.10138e-01
  2.48000e+00 -5.72759e-03
  2.50000e+00 -2.39587e-01
  2.52000e+00 -4.01096e-01
  2.54000e+00 -3.73750e-01
  2.56000e+00 -1.87589e-01
  2.58000e+00  8.18805e-02
  2.60000e+00  3.33686e-01
  2.62000e+00  4.27612e-01
  2.64000e+00  3.28500e-01
  2.66000e+00  1.84006e-01
  2.68000e+00  1.36414e-01
  2.70000e+00  1.77014e-01
  2.72000e+00  2.19368e-01
  2.74000e+00  2.45083e-01
  2.76000e+00  2.92237e-01
  2.78000e+00  2.96787e-01
  2.80000e+00  1.85875e-01
  2.82000e+00  6.63861e-03
  2.84000e+00 -2.44783e-01
  2.86000e+00 -5.34028e-01
  2.88000e+00 -6.57154e-01
  2.90000e+00 -5.84567e-01
  2.92000e+00 -4.35837e-01
  2.94000e+00 -1.68607e-01
  2.96000e+00  1.47633e-01
  2.98000e+00  2.87581e-01
  3.00000e+00  3.19270e-01
  3.02000e+00  4.37430e-01
  3.04000e+00  5.76111e-01
  3.06000e+00  6.31958e-01
  3.08000e+00  5.84311e-01
  3.10000e+00  3.39745e-01
  3.12000e+00 -4.37616e-02
  3.14000e+00 -3.10467e-01
  3.16000e+00 -3.87603e-01
  3.18000e+00 -3.20677e-01
  3.20000e+00 -8.60988e-02
  3.22000e+00  1.86127e-01
  3.24000e+00  2.50531e-01
  3.26000e+00  5.90407e-02
  3.28000e+00 -1.98747e-01
  3.30000e+00 -2.92658e-01
  3.32000e+00 -1.70630e-01
  3.34000e+00  1.88861e-02
  3.36000e+00  8.98929e-02
  3.38000e+00 -1.44901e-02
  3.40000e+00 -1.11967e-01
  3.42000e+00  5.24816e-02
  3.44000e+00  3.92510e-01
  3.46000e+00  4.95695e-01
  3.48000e+00  2.44129e-01
  3.50000e+00 -1.82315e-03
  3.52000e+00 -5.97062e-02
  3.54000e+00 -1.59703e-01
  3.56000e+00 -3.88942e-01
  3.58000e+00 -5.57118e-01
  3.60000e+00 -5.99952e-01
  3.62000e+00 -6.21887e-01
  3.64000e+00 -6.55862e-01
  3.66000e+00 -6.68677e-01
  3.68000e+00 -6.80002e-01
  3.70000e+00 -7.29919e-01
  3.72000e+00 -8.18275e-01
  3.74000e+00 -9.18667e-01
  3.76000e+00 -9.78225e-01
  3.78000e+00 -8.81370e-01
  3.80000e+00 -4.75125e-01
  3.82000e+00  2.67276e-01
  3.84000e+00  1.13836e+00
  3.86000e+00  1.87643e+00
  3.88000e+00  2.37870e+00
  3.90000e+00  2.65481e+00
  3.92000e+00  2.73891e+00
  3.94000e+00  2.67227e+00
  3.96000e+00  2.36127e+00
  3.98000e+00  1.54578e+00
  4.00000e+00  1.13277e-01
  4.02000e+00 -1.68675e+00
  4.04000e+00 -3.39327e+00
  4.06000e+00 -4.53314e+00
  4.08000e+00 -4.77270e+00
  4.10000e+00 -4.18176e+00
  4.12000e+00 -3.15489e+00
  4.14000e+00 -1.85853e+00
  4.16000e+00 -3.09530e-01
  4.18000e+00  1.18175e+00
  4.20000e+00  2.26782e+00
  4.22000e+00  2.69844e+00
  4.24000e+00  2.24435e+00
  4.26000e+00  9.98616e-01
  4.28000e+00 -6.05442e-01
  4.30000e+00 -1.98534e+00
  4.32000e+00 -2.67303e+00
  4.34000e+00 -2.64798e+00
  4.36000e+00 -2.05004e+00
  4.38000e+00 -8.88051e-01
  4.40000e+00  6.65243e-01
  4.42000e+00  2.14631e+00
  4.44000e+00  3.15079e+00
  4.46000e+00  3.74292e+00
  4.48000e+00  4.27420e+00
  4.50000e+00  4.79613e+00
  4.52000e+00  4.88775e+00
  4.54000e+00  4.01810e+00
  4.56000e+00  2.10238e+00
  4.58000e+00 -4.44893e-01
  4.60000e+00 -2.99354e+00
  4.62000e+00 -4.68751e+00
  4.64000e+00 -4.94710e+00
  4.66000e+00 -3.99077e+00
  4.68000e+00 -2.31039e+00
  4.70000e+00 -4.15106e-01
  4.72000e+00  1.12784e+00
  4.74000e+00  2.14065e+00
  4.76000e+00  2.72195e+00
  4.78000e+00  2.86040e+00
  4.80000e+00  2.58646e+00
  4.82000e+00  1.98661e+00
  4.84000e+00  1.13239e+00
  4.86000e+00  2.40656e-01
  4.88000e+00 -3.85819e-01
  4.90000e+00 -6.41236e-01
  4.92000e+00 -7.12977e-01
  4.94000e+00 -8.59501e-01
  4.96000e+00 -1.14973e+00
  4.98000e+00 -1.47724e+00
  5.00000e+00 -1.70086e+00
  5.02000e+00 -1.72232e+00
  5.04000e+00 -1.54973e+00
  5.06000e+00 -1.26606e+00
  5.08000e+00 -9.34139e-01
  5.10000e+00 -6.25519e-01
  5.12000e+00 -4.47645e-01
  5.14000e+00 -4.58373e-01
  5.16000e+00 -6.35579e-01
  5.18000e+00 -9.25920e-01
  5.20000e+00 -1.28354e+00
  5.22000e+00 -1.66704e+00
  5.24000e+00 -2.03276e+00
  5.26000e+00 -2.44375e+00
  5.28000e+00 -3.00498e+00
  5.30000e+00 -3.63968e+00
  5.32000e+00 -4.35900e+00
  5.34000e+00 -5.12233e+00
  5.36000e+00 -4.94932e+00
  5.38000e+00 -2.76942e+00
  5.40000e+00  6.73258e-01
  5.42000e+00  3.52268e+00
  5.44000e+00  4.95860e+00
  5.46000e+00  5.40565e+00
  5.48000e+00  5.40227e+00
  5.50000e+00  5.07622e+00
  5.52000e+00  4.35610e+00
  5.54000e+00  3.40757e+00
  5.56000e+00  2.64001e+00
  5.58000e+00  2.14681e+00
  5.60000e+00  1.77119e+00
  5.62000e+00  1.62843e+00
  5.64000e+00  1.81831e+00
  5.66000e+00  2.11426e+00
  5.68000e+00  2.16005e+00
  5.70000e+00  1.67254e+00
  5.72000e+00  8.01570e-01
  5.74000e+00 -1.45547e-01
  5.76000e+00 -1.41719e+00
  5.78000e+00 -3.17491e+00
  5.80000e+00 -4.60973e+00
  5.82000e+00 -4.67900e+00
  5.84000e+00 -3.28869e+00
  5.86000e+00 -1.23704e+00
  5.88000e+00  7.47849e-01
  5.90000e+00  2.14504e+00
  5.92000e+00  2.35352e+00
  5.94000e+00  1.57412e+00
  5.96000e+00  8.90426e-01
  5.98000e+00  6.96734e-01
  6.00000e+00  5.22480e-01
  6.02000e+00  1.84285e-01
  6.04000e+00 -8.26957e-02
  6.06000e+00 -1.64397e-01
  6.08000e+00 -1.09541e-01
  6.10000e+00  1.64038e-01
  6.12000e+00  6.71141e-01
  6.14000e+00  1.08694e+00
  6.16000e+00  1.21416e+00
  6.18000e+00  1.18154e+00
  6.20000e+00  1.04282e+00
  6.22000e+00  7.75446e-01
  6.24000e+00  3.98243e-01
  6.26000e+00 -1.05711e-01
  6.28000e+00 -7.01050e-01
  6.30000e+00 -1.34176e+00
  6.32000e+00 -2.06627e+00
  6.34000e+00 -2.71702e+00
  6.36000e+00 -2.98561e+00
  6.38000e+00 -2.95343e+00
  6.40000e+00 -2.81058e+00
  6.42000e+00 -2.22831e+00
  6.44000e+00 -1.01962e+00
  6.46000e+00  2.17417e-01
  6.48000e+00  8.53079e-01
  6.50000e+00  8.55221e-01
  6.52000e+00  5.04075e-01
  6.54000e+00 -1.32830e-02
  6.56000e+00 -6.41971e-01
  6.58000e+00 -1.22128e+00
  6.60000e+00 -1.53188e+00
  6.62000e+00 -1.53197e+00
  6.64000e+00 -1.33771e+00
  6.66000e+00 -1.06466e+00
  6.68000e+00 -6.47731e-01
  6.70000e+00 -1.50775e-04
  6.72000e+00  6.97459e-01
  6.74000e+00  1.26378e+00
  6.76000e+00  1.77448e+00
  6.78000e+00  2.34230e+00
  6.80000e+00  2.96923e+00
  6.82000e+00  3.63028e+00
  6.84000e+00  4.13341e+00
  6.86000e+00  3.94317e+00
  6.88000e+00  2.78825e+00
  6.90000e+00  1.16421e+00
  6.92000e+00 -3.66922e-01
  6.94000e+00 -1.56275e+00
  6.96000e+00 -2.05463e+00
  6.98000e+00 -1.60531e+00
  7.00000e+00 -6.27328e-01
  7.02000e+00  2.23062e-01
  7.04000e+00  6.37531e-01
  7.06000e+00  7.11491e-01
  7.08000e+00  8.02373e-01
  7.10000e+00  1.22984e+00
  7.12000e+00  1.86785e+00
  7.14000e+00  2.28785e+00
  7.16000e+00  2.31632e+00
  7.18000e+00  2.10658e+00
  7.20000e+00  1.81639e+00
  7.22000e+00  1.53492e+00
  7.24000e+00  1.36074e+00
  7.26000e+00  1.28612e+00
  7.28000e+00  1.11979e+00
  7.30000e+00  7.38185e-01
  7.32000e+00  2.41751e-01
  7.34000e+00 -2.97827e-01
  7.36000e+00 -9.41484e-01
  7.38000e+00 -1.59471e+00
  7.40000e+00 -1.96223e+00
  7.42000e+00 -1.91866e+00
  7.44000e+00 -1.65280e+00
  7.46000e+00 -1.38887e+00
  7.48000e+00 -1.19679e+00
  7.50000e+00 -1.11370e+00
  7.52000e+00 -1.21676e+00
  7.54000e+00 -1.46328e+00
  7.56000e+00 -1.65824e+00
  7.58000e+00 -1.67635e+00
  7.60000e+00 -1.56170e+00
  7.62000e+00 -1.40276e+00
  7.64000e+00 -1.17773e+00
  7.66000e+00 -7.76820e-01
  7.68000e+00 -2.69492e-01
  7.70000e+00  6.77191e-02
  7.72000e+00  9.41666e-02
  7.74000e+00 -1.69644e-01
  7.76000e+00 -7.14427e-01
  7.78000e+00 -1.36644e+00
  7.80000e+00 -1.80389e+00
  7.82000e+00 -1.98024e+00
  7.84000e+00 -2.08164e+00
  7.86000e+00 -1.99947e+00
  7.88000e+00 -1.40559e+00
  7.90000e+00 -4.04594e-01
  7.92000e+00  5.14757e-01
  7.94000e+00  1.12627e+00
  7.96000e+00  1.48714e+00
  7.98000e+00  1.63902e+00
  8.00000e+00  1.64603e+00
  8.02000e+00  1.44127e+00
  8.04000e+00  7.23484e-01
  8.06000e+00 -5.05753e-01
  8.08000e+00 -1.73489e+00
  8.10000e+00 -2.54923e+00
  8.12000e+00 -2.95999e+00
  8.14000e+00 -3.12918e+00
  8.16000e+00 -3.05125e+00
  8.18000e+00 -2.49898e+00
  8.20000e+00 -1.44711e+00
  8.22000e+00 -3.95603e-01
  8.24000e+00  1.62007e-01
  8.26000e+00  2.44648e-01
  8.28000e+00  9.91404e-02
  8.30000e+00 -1.09459e-01
  8.32000e+00 -2.92500e-01
  8.34000e+00 -3.76388e-01
  8.36000e+00 -2.15738e-01
  8.38000e+00  2.59501e-01
  8.40000e+00  8.32846e-01
  8.42000e+00  1.25084e+00
  8.44000e+00  1.48797e+00
  8.46000e+00  1.59090e+00
  8.48000e+00  1.58612e+00
  8.50000e+00  1.54490e+00
  8.52000e+00  1.52828e+00
  8.54000e+00  1.55926e+00
  8.56000e+00  1.60021e+00
  8.58000e+00  1.53113e+00
  8.60000e+00  1.32542e+00
  8.62000e+00  1.08455e+00
  8.64000e+00  8.47959e-01
  8.66000e+00  6.18870e-01
  8.68000e+00  4.52116e-01
  8.70000e+00  3.72975e-01
  8.72000e+00  3.33179e-01
  8.74000e+00  2.31048e-01
  8.76000e+00 -9.82223e-02
  8.78000e+00 -7.46411e-01
  8.80000e+00 -1.40451e+00
  8.82000e+00 -1.55007e+00
  8.84000e+00 -1.14155e+00
  8.86000e+00 -5.29472e-01
  8.88000e+00  1.11128e-01
  8.90000e+00  6.82567e-01
  8.92000e+00  1.06391e+00
  8.94000e+00  1.29592e+00
  8.96000e+00  1.43826e+00
  8.98000e+00  1.45484e+00
  9.00000e+00  1.33857e+00
  9.02000e+00  1.16660e+00
  9.04000e+00  1.00648e+00
  9.06000e+00  7.80556e-01
  9.08000e+00  5.11731e-01
  9.10000e+00  4.89680e-01
  9.12000e+00  6.85645e-01
  9.14000e+00  6.42275e-01
  9.16000e+00  2.28333e-01
  9.18000e+00 -2.65930e-01
  9.20000e+00 -6.40309e-01
  9.22000e+00 -8.55431e-01
  9.24000e+00 -8.97328e-01
  9.26000e+00 -9.26468e-01
  9.28000e+00 -1.20375e+00
  9.30000e+00 -1.51986e+00
  9.32000e+00 -1.34888e+00
  9.34000e+00 -7.44008e-01
  9.36000e+00 -2.04455e-01
  9.38000e+00  1.11161e-01
  9.40000e+00  3.82367e-01
  9.42000e+00  7.59992e-01
  9.44000e+00  1.22580e+00
  9.46000e+00  1.64218e+00
  9.48000e+00  1.91342e+00
  9.50000e+00  1.99157e+00
  9.52000e+00  1.83052e+00
  9.54000e+00  1.45919e+00
  9.56000e+00  9.52093e-01
  9.58000e+00  3.79941e-01
  9.60000e+00 -1.03916e-01
  9.62000e+00 -2.77648e-01
  9.64000e+00 -8.74938e-02
  9.66000e+00  1.96475e-01
  9.68000e+00  2.38132e-01
  9.70000e+00 -4.27820e-03
  9.72000e+00 -3.48402e-01
  9.74000e+00 -6.29828e-01
  9.76000e+00 -7.32786e-01
  9.78000e+00 -6.49392e-01
  9.80000e+00 -5.56561e-01
  9.82000e+00 -6.24605e-01
  9.84000e+00 -8.23332e-01
  9.86000e+00 -1.00081e+00
  9.88000e+00 -1.04177e+00
  9.90000e+00 -9.62335e-01
  9.92000e+00 -8.89033e-01
  9.94000e+00 -9.07738e-01
  9.96000e+00 -9.84235e-01
  9.98000e+00 -1.05974e+00
  1.00000e+01 -1.11776e+00
  1.00200e+01 -1.11947e+00
  1.00400e+01 -1.01328e+00
  1.00600e+01 -8.25812e-01
  1.00800e+01 -6.00189e-01
  1.01000e+01 -3.22612e-01
  1.01200e+01 -8.42049e-03
  1.01400e+01  2.70627e-01
  1.01600e+01  4.66418e-01
  1.01800e+01  5.85738e-01
  1.02000e+01  6.70347e-01
  1.02200e+01  7.56918e-01
  1.02400e+01  8.42528e-01
  1.02600e+01  9.07837e-01
  1.02800e+01  9.33486e-01
  1.03000e+01  8.35783e-01
  1.03200e+01  5.09600e-01
  1.03400e+01  3.15479e-02
  1.03600e+01 -3.66087e-01
  1.03800e+01 -5.63595e-01
  1.04000e+01 -6.18413e-01
  1.04200e+01 -6.26746e-01
  1.04400e+01 -6.33915e-01
  1.04600e+01 -6.29011e-01
  1.04800e+01 -5.97284e-01
  1.05000e+01 -5.53288e-01
  1.05200e+01 -5.17392e-01
  1.05400e+01 -4.90485e-01
  1.05600e+01 -4.39183e-01
  1.05800e+01 -3.21485e-01
  1.06000e+01 -1.51877e-01
  1.06200e+01 -9.72541e-03
  1.06400e+01  2.82778e-02
  1.06600e+01 -4.29011e-02
  1.06800e+01 -1.45737e-01
  1.07000e+01 -1.80407e-01
  1.07200e+01 -1.04684e-01
  1.07400e+01  3.71389e-02
  1.07600e+01  1.66303e-01
  1.07800e+01  2.54192e-01
  1.08000e+01  3.30786e-01
  1.08200e+01  4.24358e-01
  1.08400e+01  5.33476e-01
  1.08600e+01  6.27429e-01
  1.08800e+01  6.73021e-01
  1.09000e+01  6.89367e-01
  1.09200e+01  7.23317e-01
  1.09400e+01  7.72174e-01
  1.09600e+01  7.72794e-01
  1.09800e+01  6.45945e-01
  1.10000e+01  3.95300e-01
  1.10200e+01  1.62803e-01
  1.10400e+01  8.30842e-02
  1.10600e+01  1.33677e-01
  1.10800e+01  2.04136e-01
  1.11000e+01  2.15342e-01
  1.11200e+01  1.36039e-01
  1.11400e+01  1.07271e-03
  1.11600e+01 -6.24015e-02
  1.11800e+01  4.12533e-02
  1.12000e+01  2.31921e-01
  1.12200e+01  3.54810e-01
  1.12400e+01  3.52730e-01
  1.12600e+01  2.66920e-01
  1.12800e+01  1.74115e-01
  1.13000e+01  1.35761e-01
  1.13200e+01  1.42254e-01
  1.13400e+01  1.36277e-01
  1.13600e+01  9.16903e-02
  1.13800e+01  1.43419e-02
  1.14000e+01 -9.14129e-02
  1.14200e+01 -2.05961e-01
  1.14400e+01 -2.90473e-01
  1.14600e+01 -3.18318e-01
  1.14800e+01 -3.02331e-01
  1.15000e+01 -2.93317e-01
  1.15200e+01 -3.33301e-01
  1.15400e+01 -4.26301e-01
  1.15600e+01 -5.60677e-01
  1.15800e+01 -7.14607e-01
  1.16000e+01 -8.46993e-01
  1.16200e+01 -9.22006e-01
  1.16400e+01 -9.22327e-01
  1.16600e+01 -8.30299e-01
  1.16800e+01 -6.49985e-01
  1.17000e+01 -4.40928e-01
  1.17200e+01 -2.68726e-01
  1.17400e+01 -1.42475e-01
  1.17600e+01 -3.11595e-02
  1.17800e+01  9.20891e-02
  1.18000e+01  2.27045e-01
  1.18200e+01  3.48588e-01
  1.18400e+01  4.25636e-01
  1.18600e+01  4.26765e-01
  1.18800e+01  3.36825e-01
  1.19000e+01  1.95486e-01
  1.19200e+01  7.28831e-02
  1.19400e+01 -8.59237e-03
  1.19600e+01 -7.78972e-02
  1.19800e+01 -1.39792e-01
  1.20000e+01 -1.51000e-01
  1.20200e+01 -8.03849e-02
  1.20400e+01  4.43899e-02
  1.20600e+01  1.48318e-01
  1.20800e+01  1.62569e-01
  1.21000e+01  8.73384e-02
  1.21200e+01 -1.19140e-02
  1.21400e+01 -7.24790e-02
  1.21600e+01 -7.59407e-02
  1.21800e+01 -3.45818e-02
  1.22000e+01  3.83779e-02
  1.22200e+01  1.31704e-01
  1.22400e+01  2.24507e-01
  1.22600e+01  2.91755e-01
  1.22800e+01  3.10161e-01
  1.23000e+01  2.73332e-01
  1.23200e+01  2.12514e-01
  1.23400e+01  1.68502e-01
  1.23600e+01  1.51028e-01
  1.23800e+01  1.42098e-01
  1.24000e+01  1.12410e-01
  1.24200e+01  4.52770e-02
  1.24400e+01 -3.87595e-02
  1.24600e+01 -1.05814e-01
  1.24800e+01 -1.46514e-01
  1.25000e+01 -1.65295e-01
  1.25200e+01 -1.55514e-01
  1.25400e+01 -1.06232e-01
  1.25600e+01 -2.53251e-02
  1.25800e+01  5.54640e-02
  1.26000e+01  9.90064e-02
  1.26200e+01  9.11170e-02
  1.26400e+01  6.20306e-02
  1.26600e+01  4.98430e-02
  1.26800e+01  3.91203e-02
  1.27000e+01 -8.42704e-03
  1.27200e+01 -9.20110e-02
  1.27400e+01 -1.75363e-01
  1.27600e+01 -2.09406e-01
  1.27800e+01 -1.77234e-01
  1.28000e+01 -1.26792e-01
  1.28200e+01 -1.14915e-01
  1.28400e+01 -1.54407e-01
  1.28600e+01 -2.13390e-01
  1.28800e+01 -2.16570e-01
  1.29000e+01 -9.18377e-02
  1.29200e+01  1.50662e-01
  1.29400e+01  4.19748e-01
  1.29600e+01  6.18252e-01
  1.29800e+01  6.93725e-01
  1.30000e+01  6.43656e-01
  1.30200e+01  4.97738e-01
  1.30400e+01  2.90092e-01
  1.30600e+01  6.41823e-02
  1.30800e+01 -1.15685e-01
  1.31000e+01 -2.12645e-01
  1.31200e+01 -2.48972e-01
  1.31400e+01 -2.67870e-01
  1.31600e+01 -2.98039e-01
  1.31800e+01 -3.34606e-01
  1.32000e+01 -3.41703e-01
  1.32200e+01 -2.96453e-01
  1.32400e+01 -2.11256e-01
  1.32600e+01 -1.14194e-01
  1.32800e+01 -3.34348e-02
  1.33000e+01  1.63462e-02
  1.33200e+01  5.34908e-02
  1.33400e+01  1.22454e-01
  1.33600e+01  2.45185e-01
  1.33800e+01  3.84691e-01
  1.34000e+01  4.72356e-01
  1.34200e+01  4.61055e-01
  1.34400e+01  3.53679e-01
  1.34600e+01  2.04393e-01
  1.34800e+01  8.41557e-02
  1.35000e+01  2.05457e-02
  1.35200e+01 -2.00067e-02
  1.35400e+01 -7.94364e-02
  1.35600e+01 -1.43447e-01
  1.35800e+01 -1.35978e-01
  1.36000e+01 -2.61881e-03
  1.36200e+01  2.10005e-01
  1.36400e+01  4.04647e-01
  1.36600e+01  5.22651e-01
  1.36800e+01  5.40566e-01
  1.37000e+01  4.53485e-01
  1.37200e+01  2.97705e-01
  1.37400e+01  1.35843e-01
  1.37600e+01  1.81248e-02
  1.37800e+01 -1.86305e-02
  1.38000e+01  4.13085e-02
  1.38200e+01  1.63896e-01
  1.38400e+01  2.87658e-01
  1.38600e+01  3.71750e-01
  1.38800e+01  4.03278e-01
  1.39000e+01  3.88190e-01
  1.39200e+01  3.37274e-01
  1.39400e+01  2.46671e-01
  1.39600e+01  1.04772e-01
  1.39800e+01 -8.51630e-02
  1.40000e+01 -2.97446e-01
  1.40200e+01 -4.93825e-01
  1.40400e+01 -6.37785e-01
  1.40600e+01 -7.03875e-01
  1.40800e+01 -6.88692e-01
  1.41000e+01 -6.15516e-01
  1.41200e+01 -5.20011e-01
  1.41400e+01 -4.29611e-01
  1.41600e+01 -3.47211e-01
  1.41800e+01 -2.50135e-01
  1.42000e+01 -1.16334e-01
  1.42200e+01  4.24519e-02
  1.42400e+01  1.81147e-01
  1.42600e+01  2.59537e-01
  1.42800e+01  2.72379e-01
  1.43000e+01  2.43276e-01
  1.43200e+01  1.88664e-01
  1.43400e+01  8.78619e-02
  1.43600e+01 -8.36271e-02
  1.43800e+01 -3.01926e-01
  1.44000e+01 -5.00858e-01
  1.44200e+01 -6.08419e-01
  1.44400e+01 -6.01361e-01
  1.44600e+01 -5.27484e-01
  1.44800e+01 -4.27818e-01
  1.45000e+01 -2.96160e-01
  1.45200e+01 -1.44417e-01
  1.45400e+01 -2.37014e-02
  1.45600e+01  2.06084e-02
  1.45800e+01 -3.06921e-02
  1.46000e+01 -1.61076e-01
  1.46200e+01 -2.90000e-01
  1.46400e+01 -3.10084e-01
  1.46600e+01 -2.05136e-01
  1.46800e+01 -6.94485e-02
  1.47000e+01  2.60208e-04
  1.47200e+01 -2.63651e-02
  1.47400e+01 -1.08240e-01
  1.47600e+01 -1.66184e-01
  1.47800e+01 -1.58439e-01
  1.48000e+01 -1.11250e-01
  1.48200e+01 -7.82953e-02
  1.48400e+01 -9.68520e-02
  1.48600e+01 -1.55013e-01
  1.48800e+01 -1.86913e-01
  1.49000e+01 -1.33169e-01
  1.49200e+01 -9.38982e-03
  1.49400e+01  1.09946e-01
  1.49600e+01  1.66405e-01
  1.49800e+01  1.58280e-01
  1.50000e+01  1.25111e-01
  1.50200e+01  1.01296e-01
  1.50400e+01  8.08914e-02
  1.50600e+01  4.07709e-02
  1.50800e+01 -2.35956e-02
  1.51000e+01 -1.01324e-01
  1.51200e+01 -1.64560e-01
  1.51400e+01 -1.80776e-01
  1.51600e+01 -1.62014e-01
  1.51800e+01 -1.46632e-01
  1.52000e+01 -1.27454e-01
  1.52200e+01 -6.93863e-02
  1.52400e+01  2.83716e-02
  1.52600e+01  1.43582e-01
  1.52800e+01  2.69333e-01
  1.53000e+01  4.12922e-01
  1.53200e+01  5.64830e-01
  1.53400e+01  6.83965e-01
  1.53600e+01  7.17283e-01
  1.53800e+01  6.07279e-01
  1.54000e+01  3.39136e-01
  1.54200e+01  1.80917e-02
  1.54400e+01 -2.16682e-01
  1.54600e+01 -3.29417e-01
  1.54800e+01 -3.45150e-01
  1.55000e+01 -2.84134e-01
  1.55200e+01 -1.80154e-01
  1.55400e+01 -6.98350e-02
  1.55600e+01  3.37950e-02
  1.55800e+01  1.30710e-01
  1.56000e+01  2.12911e-01
  1.56200e+01  2.63996e-01
  1.56400e+01  2.73487e-01
  1.56600e+01  2.36563e-01
  1.56800e+01  1.58205e-01
  1.57000e+01  7.49214e-02
  1.57200e+01  3.10044e-02
  1.57400e+01  2.36895e-02
  1.57600e+01  2.20572e-02
  1.57800e+01  2.70935e-02
  1.58000e+01  6.88484e-02
  1.58200e+01  1.67662e-01
  1.58400e+01  3.11936e-01
  1.58600e+01  4.57423e-01
  1.58800e+01  5.60167e-01
  1.59000e+01  6.07397e-01
  1.59200e+01  6.06460e-01
  1.59400e+01  5.64651e-01
  1.59600e+01  4.63448e-01
  1.59800e+01  2.47523e-01
  1.60000e+01 -8.48601e-02
  1.60200e+01 -4.09977e-01
  1.60400e+01 -5.96293e-01
  1.60600e+01 -6.22011e-01
  1.60800e+01 -5.28584e-01
  1.61000e+01 -3.64499e-01
  1.61200e+01 -1.88003e-01
  1.61400e+01 -5.34262e-02
  1.61600e+01  1.64976e-02
  1.61800e+01  2.47568e-02
  1.62000e+01 -2.97215e-02
  1.62200e+01 -1.43778e-01
  1.62400e+01 -2.75964e-01
  1.62600e+01 -3.62468e-01
  1.62800e+01 -3.72401e-01
  1.63000e+01 -3.30374e-01
  1.63200e+01 -2.88070e-01
  1.63400e+01 -2.83393e-01
  1.63600e+01 -3.18706e-01
  1.63800e+01 -3.68729e-01
  1.64000e+01 -4.03559e-01
  1.64200e+01 -4.00955e-01
  1.64400e+01 -3.62947e-01
  1.64600e+01 -3.24564e-01
  1.64800e+01 -3.11383e-01
  1.65000e+01 -2.98229e-01
  1.65200e+01 -2.38171e-01
  1.65400e+01 -1.23016e-01
  1.65600e+01  8.09303e-03
  1.65800e+01  1.20903e-01
  1.66000e+01  2.16605e-01
  1.66200e+01  3.07215e-01
  1.66400e+01  3.95332e-01
  1.66600e+01  4.79037e-01
  1.66800e+01  5.46214e-01
  1.67000e+01  5.67838e-01
  1.67200e+01  5.30171e-01
  1.67400e+01  4.62637e-01
  1.67600e+01  4.00424e-01
  1.67800e+01  3.43421e-01
  1.68000e+01  2.76687e-01
  1.68200e+01  2.01547e-01
  1.68400e+01  1.33931e-01
  1.68600e+01  9.67348e-02
  1.68800e+01  1.10598e-01
  1.69000e+01  1.70221e-01
  1.69200e+01  2.44191e-01
  1.69400e+01  3.12242e-01
  1.69600e+01  3.75818e-01
  1.69800e+01  4.21596e-01
  1.70000e+01  4.09044e-01
  1.70200e+01  3.11156e-01
  1.70400e+01  1.42514e-01
  1.70600e+01 -5.53207e-02
  1.70800e+01 -2.25894e-01
  1.71000e+01 -3.11472e-01
  1.71200e+01 -2.94752e-01
  1.71400e+01 -2.12221e-01
  1.71600e+01 -1.13442e-01
  1.71800e+01 -3.40347e-02
  1.72000e+01  5.61644e-03
  1.72200e+01  1.06952e-02
  1.72400e+01  1.00445e-02
  1.72600e+01  2.97582e-02
  1.72800e+01  7.14840e-02
  1.73000e+01  1.16133e-01
  1.73200e+01  1.43303e-01
  1.73400e+01  1.39299e-01
  1.73600e+01  1.05672e-01
  1.73800e+01  6.62483e-02
  1.74000e+01  3.18389e-02
  1.74200e+01 -2.03457e-02
  1.74400e+01 -1.00204e-01
  1.74600e+01 -1.81144e-01
  1.74800e+01 -2.29535e-01
  1.75000e+01 -2.22934e-01
  1.75200e+01 -1.67720e-01
  1.75400e+01 -1.17250e-01
  1.75600e+01 -1.29573e-01
  1.75800e+01 -2.04458e-01
  1.76000e+01 -2.95363e-01
  1.76200e+01 -3.64144e-01
  1.76400e+01 -4.04543e-01
  1.76600e+01 -4.35821e-01
  1.76800e+01 -4.68896e-01
  1.77000e+01 -4.76889e-01
  1.77200e+01 -4.25594e-01
  1.77400e+01 -3.08476e-01
  1.77600e+01 -1.49387e-01
  1.77800e+01 -1.07241e-02
  1.78000e+01  4.95239e-02
  1.78200e+01  4.87448e-02
  1.78400e+01  4.20354e-02
  1.78600e+01  5.02729e-02
  1.78800e+01  7.33644e-02
  1.79000e+01  1.08452e-01
  1.79200e+01  1.39196e-01
  1.79400e+01  1.52074e-01
  1.79600e+01  1.48676e-01
  1.79800e+01  1.25411e-01
  1.80000e+01  6.98925e-02
  1.80200e+01 -9.53995e-03
  1.80400e+01 -7.47303e-02
  1.80600e+01 -9.07973e-02
  1.80800e+01 -5.17068e-02
  1.81000e+01  1.89633e-02
  1.81200e+01  7.77811e-02
  1.81400e+01  9.80300e-02
  1.81600e+01  9.51649e-02
  1.81800e+01  9.66186e-02
  1.82000e+01  1.11056e-01
  1.82200e+01  1.27273e-01
  1.82400e+01  1.24811e-01
  1.82600e+01  1.04645e-01
  1.82800e+01  1.02205e-01
  1.83000e+01  1.44784e-01
  1.83200e+01  2.13194e-01
  1.83400e+01  2.57417e-01
  1.83600e+01  2.37248e-01
  1.83800e+01  1.48261e-01
  1.84000e+01  1.55265e-02
  1.84200e+01 -1.31223e-01
  1.84400e+01 -2.70091e-01
  1.84600e+01 -3.82693e-01
  1.84800e+01 -4.49932e-01
  1.85000e+01 -4.57524e-01
  1.85200e+01 -4.02448e-01
  1.85400e+01 -2.91385e-01
  1.85600e+01 -1.46548e-01
  1.85800e+01 -1.15947e-02
  1.86000e+01  7.49856e-02
  1.86200e+01  1.11525e-01
  1.86400e+01  1.21971e-01
  1.86600e+01  1.19657e-01
  1.86800e+01  9.68239e-02
  1.87000e+01  5.50288e-02
  1.87200e+01  2.20917e-02
  1.87400e+01  2.03772e-02
  1.87600e+01  4.59736e-02
  1.87800e+01  8.48478e-02
  1.88000e+01  1.23525e-01
  1.88200e+01  1.53647e-01
  1.88400e+01  1.76957e-01
  1.88600e+01  1.99171e-01
  1.88800e+01  2.27403e-01
  1.89000e+01  2.62237e-01
  1.89200e+01  2.81931e-01
  1.89400e+01  2.63475e-01
  1.89600e+01  2.14139e-01
  1.89800e+01  1.58353e-01
  1.90000e+01  1.15767e-01
  1.90200e+01  9.43426e-02
  1.90400e+01  8.44549e-02
  1.90600e+01  7.20968e-02
  1.90800e+01  5.51922e-02
  1.91000e+01  2.75013e-02
  1.91200e+01 -3.35298e-02
  1.91400e+01 -1.39897e-01
  1.91600e+01 -2.68469e-01
  1.91800e+01 -3.71385e-01
  1.92000e+01 -4.02455e-01
  1.92200e+01 -3.46041e-01
  1.92400e+01 -2.31157e-01
  1.92600e+01 -1.09042e-01
  1.92800e+01 -1.93051e-02
  1.93000e+01  2.48953e-02
  1.93200e+01  3.52375e-02
  1.93400e+01  3.14193e-02
  1.93600e+01  2.04287e-02
  1.93800e+01 -6.70765e-03
  1.94000e+01 -6.38575e-02
  1.94200e+01 -1.52754e-01
  1.94400e+01 -2.47021e-01
  1.94600e+01 -3.02374e-01
  1.94800e+01 -2.95901e-01
  1.95000e+01 -2.47623e-01
  1.95200e+01 -1.91070e-01
  1.95400e+01 -1.31817e-01
  1.95600e+01 -5.70989e-02
  1.95800e+01  2.12716e-02
  1.96000e+01  7.02703e-02
  1.96200e+01  7.80747e-02
  1.96400e+01  6.08360e-02
  1.96600e+01  4.04941e-02
  1.96800e+01  2.97654e-02
  1.97000e+01  2.30544e-02
  1.97200e+01  8.19292e-03
  1.97400e+01 -1.37504e-02
  1.97600e+01 -3.33891e-02
  1.97800e+01 -4.80971e-02
  1.98000e+01 -7.05923e-02
  1.98200e+01 -1.14198e-01
  1.98400e+01 -1.58254e-01
  1.98600e+01 -1.55506e-01
  1.98800e+01 -8.60051e-02
  1.99000e+01  1.68315e-02
  1.99200e+01  9.97582e-02
  1.99400e+01  1.41665e-01
  1.99600e+01  1.61014e-01
  1.99800e+01  1.78590e-01
  2.00000e+01  1.95384e-01
  2.00200e+01  1.98042e-01
  2.00400e+01  1.72676e-01
  2.00600e+01  1.30460e-01
  2.00800e+01  1.11331e-01
  2.01000e+01  1.35523e-01
  2.01200e+01  1.75281e-01
  2.01400e+01  1.96404e-01
  2.01600e+01  1.91927e-01
  2.01800e+01  1.67276e-01
  2.02000e+01  1.28826e-01
  2.02200e+01  8.26867e-02
  2.02400e+01  2.69140e-02
  2.02600e+01 -4.25354e-02
  2.02800e+01 -1.18599e-01
  2.03000e+01 -1.84205e-01
  2.03200e+01 -2.17612e-01
  2.03400e+01 -1.97529e-01
  2.03600e+01 -1.12300e-01
  2.03800e+01  3.29958e-02
  2.04000e+01  2.07989e-01
  2.04200e+01  3.59210e-01
  2.04400e+01  4.42406e-01
  2.04600e+01  4.47719e-01
  2.04800e+01  3.90798e-01
  2.05000e+01  2.97879e-01
  2.05200e+01  1.96423e-01
  2.05400e+01  1.16247e-01
  2.05600e+01  8.49173e-02
  2.05800e+01  9.38713e-02
  2.06000e+01  1.03487e-01
  2.06200e+01  1.01437e-01
  2.06400e+01  9.97902e-02
  2.06600e+01  8.94084e-02
  2.06800e+01  5.66911e-02
  2.07000e+01  9.11745e-03
  2.07200e+01 -4.41344e-02
  2.07400e+01 -9.78726e-02
  2.07600e+01 -1.40312e-01
  2.07800e+01 -1.62264e-01
  2.08000e+01 -1.67952e-01
  2.08200e+01 -1.66801e-01
  2.08400e+01 -1.58339e-01
  2.08600e+01 -1.36423e-01
  2.08800e+01 -1.06575e-01
  2.09000e+01 -8.32954e-02
  2.09200e+01 -7.53697e-02
  2.09400e+01 -8.54461e-02
  2.09600e+01 -1.13962e-01
  2.09800e+01 -1.52341e-01
  2.10000e+01 -1.82059e-01
  2.10200e+01 -1.88416e-01
  2.10400e+01 -1.64490e-01
  2.10600e+01 -1.10431e-01
  2.10800e+01 -4.43113e-02
  2.11000e+01  2.59665e-03
  2.11200e+01  3.49394e-03
  2.11400e+01 -5.55816e-02
  2.11600e+01 -1.64006e-01
  2.11800e+01 -2.85366e-01
  2.12000e+01 -3.82340e-01
  2.12200e+01 -4.39269e-01
  2.12400e+01 -4.62419e-01
  2.12600e+01 -4.58749e-01
  2.12800e+01 -4.23271e-01
  2.13000e+01 -3.56969e-01
  2.13200e+01 -2.71201e-01
  2.13400e+01 -1.72010e-01
  2.13600e+01 -7.08204e-02
  2.13800e+01  7.94331e-03
  2.14000e+01  5.06209e-02
  2.14200e+01  5.70674e-02
  2.14400e+01  2.59768e-02
  2.14600e+01 -2.75668e-02
  2.14800e+01 -6.14230e-02
  2.15000e+01 -4.32061e-02
  2.15200e+01  1.67632e-02
  2.15400e+01  8.18951e-02
  2.15600e+01  1.29836e-01
  2.15800e+01  1.59344e-01
  2.16000e+01  1.68627e-01
  2.16200e+01  1.60997e-01
  2.16400e+01  1.51393e-01
  2.16600e+01  1.43922e-01
  2.16800e+01  1.29470e-01
  2.17000e+01  1.05996e-01
  2.17200e+01  8.97012e-02
  2.17400e+01  1.04920e-01
  2.17600e+01  1.51292e-01
  2.17800e+01  1.94444e-01
  2.18000e+01  2.00842e-01
  2.18200e+01  1.66628e-01
  2.18400e+01  1.10150e-01
  2.18600e+01  4.82871e-02
  2.18800e+01 -1.32042e-02
  2.19000e+01 -7.27570e-02
  2.19200e+01 -1.18381e-01
  2.19400e+01 -1.21870e-01
  2.19600e+01 -6.40379e-02
  2.19800e+01  4.30143e-02
  2.20000e+01  1.67465e-01
  2.20200e+01  2.73511e-01
  2.20400e+01  3.36183e-01
  2.20600e+01  3.58579e-01
  2.20800e+01  3.63026e-01
  2.21000e+01  3.65136e-01
  2.21200e+01  3.68290e-01
  2.21400e+01  3.69125e-01
  2.21600e+01  3.57991e-01
  2.21800e+01  3.30413e-01
  2.22000e+01  2.91614e-01
  2.22200e+01  2.42172e-01
  2.22400e+01  1.79536e-01
  2.22600e+01  1.07914e-01
  2.22800e+01  3.44938e-02
  2.23000e+01 -3.14919e-02
  2.23200e+01 -7.57924e-02
  2.23400e+01 -8.90263e-02
  2.23600e+01 -7.97692e-02
  2.23800e+01 -6.52300e-02
  2.24000e+01 -5.61993e-02
  2.24200e+01 -6.12505e-02
  2.24400e+01 -8.67969e-02
  2.24600e+01 -1.26631e-01
  2.24800e+01 -1.60558e-01
  2.25000e+01 -1.63516e-01
  2.25200e+01 -1.23871e-01
  2.25400e+01 -6.06752e-02
  2.25600e+01 -1.33328e-02
  2.25800e+01 -1.59126e-03
  2.26000e+01 -9.57423e-03
  2.26200e+01 -1.75140e-02
  2.26400e+01 -2.34697e-02
  2.26600e+01 -3.37003e-02
  2.26800e+01 -4.51308e-02
  2.27000e+01 -3.87031e-02
  2.27200e+01 -6.80746e-03
  2.27400e+01  2.74080e-02
  2.27600e+01  3.73847e-02
  2.27800e+01  1.74553e-02
  2.28000e+01 -1.87869e-02
  2.28200e+01 -5.37553e-02
  2.28400e+01 -7.86848e-02
  2.28600e+01 -8.55222e-02
  2.28800e+01 -6.69588e-02
  2.29000e+01 -3.07371e-02
  2.29200e+01  3.42162e-03
  2.29400e+01  1.95301e-02
  2.29600e+01  1.76532e-02
  2.29800e+01  8.94932e-03
  2.30000e+01  4.74715e-03
  2.30200e+01  1.49354e-02
  2.30400e+01  3.48598e-02
  2.30600e+01  4.84735e-02
  2.30800e+01  5.90911e-02
  2.31000e+01  7.74930e-02
  2.31200e+01  8.92128e-02
  2.31400e+01  7.24661e-02
  2.31600e+01  2.47484e-02
  2.31800e+01 -4.38760e-02
  2.32000e+01 -1.18844e-01
  2.32200e+01 -1.80728e-01
  2.32400e+01 -2.10519e-01
  2.32600e+01 -1.97901e-01
  2.32800e+01 -1.50086e-01
  2.33000e+01 -9.18783e-02
  2.33200e+01 -4.65222e-02
  2.33400e+01 -1.89048e-02
  2.33600e+01 -2.88708e-03
  2.33800e+01  2.15888e-03
  2.34000e+01 -9.04061e-03
  2.34200e+01 -3.04999e-02
  2.34400e+01 -3.96663e-02
  2.34600e+01 -2.24710e-02
  2.34800e+01  3.73069e-03
  2.35000e+01  7.42228e-03
  2.35200e+01 -2.23140e-02
  2.35400e+01 -6.92643e-02
  2.35600e+01 -1.09011e-01
  2.35800e+01 -1.33365e-01
  2.36000e+01 -1.58944e-01
  2.36200e+01 -1.98192e-01
  2.36400e+01 -2.40469e-01
  2.36600e+01 -2.74653e-01
  2.36800e+01 -2.97355e-01
  2.37000e+01 -3.05105e-01
  2.37200e+01 -3.00790e-01
  2.37400e+01 -2.89273e-01
  2.37600e+01 -2.66236e-01
  2.37800e+01 -2.28479e-01
  2.38000e+01 -1.87847e-01
  2.38200e+01 -1.60251e-01
  2.38400e+01 -1.46185e-01
  2.38600e+01 -1.33043e-01
  2.38800e+01 -1.12607e-01
  2.39000e+01 -9.27306e-02
  2.39200e+01 -8.41334e-02
  2.39400e+01 -7.52157e-02
  2.39600e+01 -4.57520e-02
  2.39800e+01 -1.57524e-03
  2.40000e+01  3.01763e-02
  2.40200e+01  3.10628e-02
  2.40400e+01  6.00688e-03
  2.40600e+01 -2.68850e-02
  2.40800e+01 -5.45439e-02
  2.41000e+01 -6.68325e-02
  2.41200e+01 -5.17765e-02
  2.41400e+01 -1.25634e-02
  2.41600e+01  2.82281e-02
  2.41800e+01  4.95866e-02
  2.42000e+01  4.79970e-02
  2.42200e+01  3.69553e-02
  2.42400e+01  3.15461e-02
  2.42600e+01  3.75425e-02
  2.42800e+01  5.91915e-02
  2.43000e+01  1.00579e-01
  2.43200e+01  1.54985e-01
  2.43400e+01  2.07997e-01
  2.43600e+01  2.50725e-01
  2.43800e+01  2.81028e-01
  2.44000e+01  2.98625e-01
  2.44200e+01  3.04582e-01
  2.44400e+01  3.00111e-01
  2.44600e+01  2.87325e-01
  2.44800e+01  2.69045e-01
  2.45000e+01  2.46714e-01
  2.45200e+01  2.24479e-01
  2.45400e+01  2.07598e-01
  2.45600e+01  1.97858e-01
  2.45800e+01  1.97842e-01
  2.46000e+01  2.08627e-01
  2.46200e+01  2.20735e-01
  2.46400e+01  2.16200e-01
  2.46600e+01  1.86005e-01
  2.46800e+01  1.42530e-01
  2.47000e+01  1.05748e-01
  2.47200e+01  8.52499e-02
  2.47400e+01  7.68872e-02
  2.47600e+01  6.58596e-02
  2.47800e+01  4.19910e-02
  2.48000e+01  1.14493e-02
  2.48200e+01 -1.61444e-02
  2.48400e+01 -3.81506e-02
  2.48600e+01 -5.44631e-02
  2.48800e+01 -6.53519e-02
  2.49000e+01 -6.94969e-02
  2.49200e+01 -6.68293e-02
  2.49400e+01 -6.40816e-02
  2.49600e+01 -6.37250e-02
  2.49800e+01 -6.12123e-02
  2.50000e+01 -6.05022e-02
  2.50200e+01 -6.87523e-02
  2.50400e+01 -8.41707e-02
  2.50600e+01 -1.01437e-01
  2.50800e+01 -1.10584e-01
  2.51000e+01 -9.84333e-02
  2.51200e+01 -6.92528e-02
  2.51400e+01 -4.61052e-02
  2.51600e+01 -4.18630e-02
  2.51800e+01 -4.85546e-02
  2.52000e+01 -5.71544e-02
  2.52200e+01 -7.20688e-02
  2.52400e+01 -1.01704e-01
  2.52600e+01 -1.35325e-01
  2.52800e+01 -1.41910e-01
  2.53000e+01 -1.03525e-01
  2.53200e+01 -3.48776e-02
  2.53400e+01  3.71822e-02
  2.53600e+01  9.62299e-02
  2.53800e+01  1.31789e-01
  2.54000e+01  1.35000e-01
  2.54200e+01  1.13036e-01
  2.54400e+01  8.45983e-02
  2.54600e+01  5.68193e-02
  2.54800e+01  2.66028e-02
  2.55000e+01 -6.98932e-03
  2.55200e+01 -3.99358e-02
  2.55400e+01 -5.96969e-02
  2.55600e+01 -5.06211e-02
  2.55800e+01 -1.18669e-02
  2.56000e+01  3.93719e-02
  2.56200e+01  8.66692e-02
  2.56400e+01  1.18248e-01
  2.56600e+01  1.12613e-01
  2.56800e+01  5.80464e-02
  2.57000e+01 -1.71320e-02
  2.57200e+01 -7.11540e-02
  2.57400e+01 -8.78864e-02
  2.57600e+01 -7.08804e-02
  2.57800e+01 -3.19403e-02
  2.58000e+01  9.81903e-03
  2.58200e+01  3.83582e-02
  2.58400e+01  4.15405e-02
  2.58600e+01  1.26350e-02
  2.58800e+01 -3.09223e-02
  2.59000e+01 -5.57611e-02
  2.59200e+01 -4.53323e-02
  2.59400e+01 -8.04935e-03
  2.59600e+01  3.53083e-02
  2.59800e+01  6.97175e-02
  2.60000e+01  9.59992e-02
  2.60200e+01  1.13748e-01
  2.60400e+01  1.08125e-01
  2.60600e+01  6.84887e-02
  2.60800e+01  6.80852e-03
  2.61000e+01 -4.87866e-02
  2.61200e+01 -7.56996e-02
  2.61400e+01 -7.28742e-02
  2.61600e+01 -5.52666e-02
  2.61800e+01 -4.00663e-02
  2.62000e+01 -3.80937e-02
  2.62200e+01 -5.01126e-02
  2.62400e+01 -7.34681e-02
  2.62600e+01 -1.04944e-01
  2.62800e+01 -1.33646e-01
  2.63000e+01 -1.45365e-01
  2.63200e+01 -1.34367e-01
  2.63400e+01 -1.07510e-01
  2.63600e+01 -8.02744e-02
  2.63800e+01 -6.41485e-02
  2.64000e+01 -5.52216e-02
  2.64200e+01 -4.13507e-02
  2.64400e+01 -2.03504e-02
  2.64600e+01 -5.25851e-04
  2.64800e+01  1.20202e-02
  2.65000e+01  1.59538e-02
  2.65200e+01  1.42284e-02
  2.65400e+01  1.47352e-02
  2.65600e+01  2.42926e-02
  2.65800e+01  4.16280e-02
  2.66000e+01  5.87989e-02
  2.66200e+01  6.86674e-02
  2.66400e+01  6.67935e-02
  2.66600e+01  5.42846e-02
  2.66800e+01  4.27941e-02
  2.67000e+01  4.31548e-02
  2.67200e+01  5.17265e-02
  2.67400e+01  5.50128e-02
  2.67600e+01  4.24458e-02
  2.67800e+01  1.61096e-02
  2.68000e+01 -1.26257e-02
  2.68200e+01 -3.70419e-02
  2.68400e+01 -5.76503e-02
  2.68600e+01 -7.49766e-02
  2.68800e+01 -8.56216e-02
  2.69000e+01 -7.96291e-02
  2.69200e+01 -5.14257e-02
  2.69400e+01 -1.32194e-02
  2.69600e+01  2.12824e-02
  2.69800e+01  4.77936e-02
  2.70000e+01  5.49333e-02
  2.70200e+01  2.86427e-02
  2.70400e+01 -2.48579e-02
  2.70600e+01 -7.96238e-02
  2.70800e+01 -1.10531e-01
  2.71000e+01 -1.10854e-01
  2.71200e+01 -9.38400e-02
  2.71400e+01 -7.54923e-02
  2.71600e+01 -5.68157e-02
  2.71800e+01 -3.30702e-02
  2.72000e+01 -1.31670e-02
  2.72200e+01 -8.82885e-03
  2.72400e+01 -1.52575e-02
  2.72600e+01 -2.01077e-02
  2.72800e+01 -1.67961e-02
  2.73000e+01 -4.32106e-03
  2.73200e+01  9.42800e-03
  2.73400e+01  1.38640e-02
  2.73600e+01  1.42664e-02
  2.73800e+01  2.28405e-02
  2.74000e+01  3.65117e-02
  2.74200e+01  4.35679e-02
  2.74400e+01  4.01627e-02
  2.74600e+01  3.14616e-02
  2.74800e+01  2.11109e-02
  2.75000e+01  4.89787e-03
  2.75200e+01 -1.75394e-02
  2.75400e+01 -3.33820e-02
  2.75600e+01 -3.06748e-02
  2.75800e+01 -1.16916e-02
  2.76000e+01  1.53596e-02
  2.76200e+01  4.37818e-02
  2.76400e+01  6.51113e-02
  2.76600e+01  7.41973e-02
  2.76800e+01  7.21812e-02
  2.77000e+01  5.93914e-02
  2.77200e+01  4.02873e-02
  2.77400e+01  3.04043e-02
  2.77600e+01  4.31093e-02
  2.77800e+01  7.48079e-02
  2.78000e+01  1.08394e-01
  2.78200e+01  1.27003e-01
  2.78400e+01  1.27217e-01
  2.78600e+01  1.15587e-01
  2.78800e+01  9.08062e-02
  2.79000e+01  5.26282e-02
  2.79200e+01  1.97604e-02
  2.79400e+01  1.06433e-02
  2.79600e+01  2.87107e-02
  2.79800e+01  6.60285e-02
  2.80000e+01  9.68672e-02
  2.80200e+01  9.62596e-02
  2.80400e+01  6.99568e-02
  2.80600e+01  3.91644e-02
  2.80800e+01  1.23993e-02
  2.81000e+01 -1.31165e-02
  2.81200e+01 -3.78657e-02
  2.81400e+01 -5.77988e-02
  2.81600e+01 -7.26104e-02
  2.81800e+01 -8.47074e-02
  2.82000e+01 -8.61551e-02
  2.82200e+01 -6.12588e-02
  2.82400e+01 -9.36000e-03
  2.82600e+01  4.87949e-02
  2.82800e+01  9.15706e-02
  2.83000e+01  1.09726e-01
  2.83200e+01  1.02045e-01
  2.83400e+01  7.37880e-02
  2.83600e+01  3.68296e-02
  2.83800e+01  3.50327e-03
  2.84000e+01 -1.74608e-02
  2.84200e+01 -2.71242e-02
  2.84400e+01 -3.70433e-02
  2.84600e+01 -5.00121e-02
  2.84800e+01 -5.66779e-02
  2.85000e+01 -5.55919e-02
  2.85200e+01 -5.31288e-02
  2.85400e+01 -5.31732e-02
  2.85600e+01 -6.02594e-02
  2.85800e+01 -7.95732e-02
  2.86000e+01 -1.07659e-01
  2.86200e+01 -1.30274e-01
  2.86400e+01 -1.36250e-01
  2.86600e+01 -1.29129e-01
  2.86800e+01 -1.19442e-01
  2.87000e+01 -1.11015e-01
  2.87200e+01 -1.02151e-01
  2.87400e+01 -9.56476e-02
  2.87600e+01 -9.37198e-02
  2.87800e+01 -8.92070e-02
  2.88000e+01 -7.42553e-02
  2.88200e+01 -4.92010e-02
  2.88400e+01 -2.47322e-02
  2.88600e+01 -1.54229e-02
  2.88800e+01 -2.16804e-02
  2.89000e+01 -3.28975e-02
  2.89200e+01 -4.34909e-02
  2.89400e+01 -4.85781e-02
  2.89600e+01 -4.51372e-02
  2.89800e+01 -4.00835e-02
  2.90000e+01 -4.20215e-02
  2.90200e+01 -5.24766e-02
  2.90400e+01 -6.43298e-02
  2.90600e+01 -6.92918e-02
  2.90800e+01 -6.84783e-02
  2.91000e+01 -6.46905e-02
  2.91200e+01 -5.35577e-02
  2.91400e+01 -3.23790e-02
  2.91600e+01 -5.83061e-03
  2.91800e+01  1.89059e-02
  2.92000e+01  3.51092e-02
  2.92200e+01  4.03983e-02
  2.92400e+01  4.28757e-02
  2.92600e+01  5.17672e-02
  2.92800e+01  6.29448e-02
  2.93000e+01  6.95676e-02
  2.93200e+01  7.35156e-02
  2.93400e+01  7.37024e-02
  2.93600e+01  6.44003e-02
  2.93800e+01  4.74878e-02
  2.94000e+01  2.97731e-02
  2.94200e+01  1.46652e-02
  2.94400e+01  4.49793e-03
  2.94600e+01  2.54839e-03
  2.94800e+01  9.44976e-03
  2.95000e+01  2.16673e-02
  2.95200e+01  3.29650e-02
  2.95400e+01  4.03699e-02
  2.95600e+01  4.81460e-02
  2.95800e+01  5.70852e-02
  2.96000e+01  5.78395e-02
  2.96200e+01  4.40223e-02
  2.96400e+01  2.00561e-02
  2.96600e+01 -7.13960e-03
  2.96800e+01 -3.08975e-02
  2.97000e+01 -4.22030e-02
  2.97200e+01 -3.89188e-02
  2.97400e+01 -3.00487e-02
  2.97600e+01 -2.56678e-02
  2.97800e+01 -3.38198e-02
  2.98000e+01 -5.67062e-02
  2.98200e+01 -8.38789e-02
  2.98400e+01 -1.01046e-01
  2.98600e+01 -9.76263e-02
  2.98800e+01 -7.01709e-02
  2.99000e+01 -3.25210e-02
  2.99200e+01 -3.49865e-03
  2.99400e+01  1.64530e-02
  2.99600e+01  3.58449e-02
  2.99800e+01  5.50869e-02
  3.00000e+01  6.90828e-02
  3.00200e+01  7.16426e-02
  3.00400e+01  6.14721e-02
  3.00600e+01  4.79471e-02
  3.00800e+01  4.21946e-02
  3.01000e+01  4.57943e-02
  3.01200e+01  5.51055e-02
  3.01400e+01  7.07755e-02
  3.01600e+01  9.16715e-02
  3.01800e+01  1.07809e-01
  3.02000e+01  1.12677e-01
  3.02200e+01  1.11143e-01
  3.02400e+01  1.11629e-01
  3.02600e+01  1.18008e-01
  3.02800e+01  1.23877e-01
  3.03000e+01  1.18728e-01
  3.03200e+01  1.02732e-01
  3.03400e+01  8.52579e-02
  3.03600e+01  7.30256e-02
  3.03800e+01  6.82362e-02
  3.04000e+01  7.16255e-02
  3.04200e+01  8.06000e-02
  3.04400e+01  8.73088e-02
  3.04600e+01  8.15043e-02
  3.04800e+01  5.93966e-02
  3.05000e+01  3.11469e-02
  3.05200e+01  8.94800e-03
  3.05400e+01 -6.03336e-03
  3.05600e+01 -1.25539e-02
  3.05800e+01 -6.30565e-03
  3.06000e+01  8.20301e-03
  3.06200e+01  2.29708e-02
  3.06400e+01  3.27134e-02
  3.06600e+01  3.09823e-02
  3.06800e+01  1.38128e-02
  3.07000e+01 -1.73565e-02
  3.07200e+01 -5.71351e-02
  3.07400e+01 -9.56187e-02
  3.07600e+01 -1.20645e-01
  3.07800e+01 -1.24383e-01
  3.08000e+01 -1.10805e-01
  3.08200e+01 -9.10241e-02
  3.08400e+01 -7.02561e-02
  3.08600e+01 -4.97609e-02
  3.08800e+01 -3.25460e-02
  3.09000e+01 -1.95802e-02
  3.09200e+01 -1.01807e-02
  3.09400e+01 -2.02139e-03
  3.09600e+01  1.11458e-02
  3.09800e+01  3.23634e-02
  3.10000e+01  5.77976e-02
  3.10200e+01  8.27454e-02
  3.10400e+01  1.00820e-01
  3.10600e+01  1.04292e-01
  3.10800e+01  9.39020e-02
  3.11000e+01  7.75559e-02
  3.11200e+01  6.08445e-02
  3.11400e+01  4.61337e-02
  3.11600e+01  3.50123e-02
  3.11800e+01  2.92402e-02
  3.12000e+01  2.79339e-02
  3.12200e+01  2.84464e-02
  3.12400e+01  3.13386e-02
  3.12600e+01  3.34138e-02
  3.12800e+01  2.70337e-02
  3.13000e+01  1.26036e-02
  3.13200e+01 -3.72682e-03
  3.13400e+01 -1.58648e-02
  3.13600e+01 -1.69231e-02
  3.13800e+01 -8.94893e-03
  3.14000e+01 -7.44248e-03
  3.14200e+01 -2.54493e-02
  3.14400e+01 -5.86256e-02
  3.14600e+01 -8.90474e-02
  3.14800e+01 -1.04271e-01
  3.15000e+01 -1.05901e-01
  3.15200e+01 -9.46209e-02
  3.15400e+01 -6.79115e-02
  3.15600e+01 -3.40522e-02
  3.15800e+01 -4.03702e-03
  3.16000e+01  1.98984e-02
  3.16200e+01  3.65733e-02
  3.16400e+01  3.98695e-02
  3.16600e+01  2.59787e-02
  3.16800e+01  4.91304e-03
  3.17000e+01 -9.29835e-03
  3.17200e+01 -1.51586e-02
  3.17400e+01 -1.57817e-02
  3.17600e+01 -1.41595e-02
  3.17800e+01 -1.51522e-02
  3.18000e+01 -1.92001e-02
  3.18200e+01 -2.46259e-02
  3.18400e+01 -3.08681e-02
  3.18600e+01 -3.82901e-02
  3.18800e+01 -4.80016e-02
  3.19000e+01 -5.77591e-02
  3.19200e+01 -6.64086e-02
  3.19400e+01 -7.55584e-02
  3.19600e+01 -8.24029e-02
  3.19800e+01 -8.31402e-02
  3.20000e+01 -7.50547e-02
  3.20200e+01 -5.45748e-02
  3.20400e+01 -2.75702e-02
  3.20600e+01 -1.01574e-02
  3.20800e+01 -1.04610e-02
  3.21000e+01 -2.25617e-02
  3.21200e+01 -3.67103e-02
  3.21400e+01 -4.74226e-02
  3.21600e+01 -5.46958e-02
  3.21800e+01 -5.89784e-02
  3.22000e+01 -6.04334e-02
  3.22200e+01 -6.22441e-02
  3.22400e+01 -6.62424e-02
  3.22600e+01 -7.04485e-02
  3.22800e+01 -7.48570e-02
  3.23000e+01 -8.40598e-02
  3.23200e+01 -9.83274e-02
  3.23400e+01 -1.07012e-01
  3.23600e+01 -1.02563e-01
  3.23800e+01 -9.23961e-02
  3.24000e+01 -8.58616e-02
  3.24200e+01 -7.98638e-02
  3.24400e+01 -6.95880e-02
  3.24600e+01 -6.22126e-02
  3.24800e+01 -6.08574e-02
  3.25000e+01 -5.56308e-02
  3.25200e+01 -4.23930e-02
  3.25400e+01 -2.45857e-02
  3.25600e+01 -6.69671e-03
  3.25800e+01  5.13383e-03
  3.26000e+01  1.15770e-02
  3.26200e+01  1.65980e-02
  3.26400e+01  1.66091e-02
  3.26600e+01  8.70500e-03
  3.26800e+01  1.17708e-03
  3.27000e+01  6.32634e-03
  3.27200e+01  2.40379e-02
  3.27400e+01  4.08549e-02
  3.27600e+01  4.19816e-02
  3.27800e+01  2.09709e-02
  3.28000e+01 -1.04020e-02
  3.28200e+01 -3.33407e-02
  3.28400e+01 -4.49599e-02
  3.28600e+01 -4.95454e-02
  3.28800e+01 -4.62485e-02
  3.29000e+01 -3.64841e-02
  3.29200e+01 -2.30247e-02
  3.29400e+01 -8.03942e-03
  3.29600e+01  4.59542e-03
  3.29800e+01  1.54469e-02
  3.30000e+01  2.89580e-02
  3.30200e+01  4.55991e-02
  3.30400e+01  6.19890e-02
  3.30600e+01  7.22638e-02
  3.30800e+01  7.35709e-02
  3.31000e+01  7.37215e-02
  3.31200e+01  7.76211e-02
  3.31400e+01  7.74551e-02
  3.31600e+01  7.18332e-02
  3.31800e+01  7.18540e-02
  3.32000e+01  8.51411e-02
  3.32200e+01  1.06569e-01
  3.32400e+01  1.17297e-01
  3.32600e+01  1.01434e-01
  3.32800e+01  6.71141e-02
  3.33000e+01  3.39206e-02
  3.33200e+01  1.07198e-02
  3.33400e+01 -1.73322e-03
  3.33600e+01 -2.89482e-03
  3.33800e+01  7.74335e-03
  3.34000e+01  2.44301e-02
  3.34200e+01  3.12598e-02
  3.34400e+01  2.01848e-02
  3.34600e+01  4.34753e-03
  3.34800e+01 -2.57374e-03
  3.35000e+01 -4.12695e-03
  3.35200e+01 -9.72866e-03
  3.35400e+01 -1.98503e-02
  3.35600e+01 -2.68929e-02
  3.35800e+01 -2.45394e-02
  3.36000e+01 -1.48215e-02
  3.36200e+01 -3.18603e-03
  3.36400e+01  1.10775e-02
  3.36600e+01  2.84926e-02
  3.36800e+01  4.27051e-02
  3.37000e+01  4.66720e-02
  3.37200e+01  3.66236e-02
  3.37400e+01  2.02723e-02
  3.37600e+01  1.55896e-02
  3.37800e+01  2.64861e-02
  3.38000e+01  4.05166e-02
  3.38200e+01  4.97381e-02
  3.38400e+01  5.17158e-02
  3.38600e+01  4.66684e-02
  3.38800e+01  4.12440e-02
  3.39000e+01  3.75996e-02
  3.39200e+01  3.13024e-02
  3.39400e+01  2.48933e-02
  3.39600e+01  2.16104e-02
  3.39800e+01  1.57933e-02
  3.40000e+01  4.86250e-03
  3.40200e+01 -1.46754e-03
  3.40400e+01  7.95127e-03
  3.40600e+01  2.82980e-02
  3.40800e+01  4.30999e-02
  3.41000e+01  4.46108e-02
  3.41200e+01  3.65645e-02
  3.41400e+01  2.65910e-02
  3.41600e+01  2.27208e-02
  3.41800e+01  2.93347e-02
  3.42000e+01  4.50871e-02
  3.42200e+01  6.12462e-02
  3.42400e+01  6.83355e-02
  3.42600e+01  6.77406e-02
  3.42800e+01  6.59034e-02
  3.43000e+01  6.60171e-02
  3.43200e+01  6.97242e-02
  3.43400e+01  7.39482e-02
  3.43600e+01  7.20283e-02
  3.43800e+01  6.28135e-02
  3.44000e+01  5.06740e-02
  3.44200e+01  3.90078e-02
  3.44400e+01  2.85199e-02
  3.44600e+01  2.02427e-02
  3.44800e+01  1.58428e-02
  3.45000e+01  1.42276e-02
  3.45200e+01  1.13647e-02
  3.45400e+01  7.24191e-05
  3.45600e+01 -2.47838e-02
  3.45800e+01 -5.30672e-02
  3.46000e+01 -6.84457e-02
  3.46200e+01 -6.99087e-02
  3.46400e+01 -6.45874e-02
  3.46600e+01 -5.32100e-02
  3.46800e+01 -3.43126e-02
  3.47000e+01 -1.26637e-02
  3.47200e+01  3.28304e-04
  3.47400e+01 -2.06139e-03
  3.47600e+01 -1.46129e-02
  3.47800e+01 -3.03746e-02
  3.48000e+01 -4.87315e-02
  3.48200e+01 -6.75675e-02
  3.48400e+01 -7.71356e-02
  3.48600e+01 -7.05146e-02
  3.48800e+01 -5.14537e-02
  3.49000e+01 -2.87657e-02
  3.49200e+01 -1.33102e-02
  3.49400e+01 -1.20832e-02
  3.49600e+01 -1.98986e-02
  3.49800e+01 -2.86238e-02
  3.50000e+01 -3.72353e-02
  3.50200e+01 -4.40092e-02
  3.50400e+01 -4.27077e-02
  3.50600e+01 -3.20969e-02
  3.50800e+01 -1.90625e-02
  3.51000e+01 -1.10541e-02
  3.51200e+01 -1.13068e-02
  3.51400e+01 -2.02118e-02
  3.51600e+01 -3.62606e-02
  3.51800e+01 -5.58971e-02
  3.52000e+01 -7.60274e-02
  3.52200e+01 -9.36882e-02
  3.52400e+01 -1.03056e-01
  3.52600e+01 -1.00938e-01
  3.52800e+01 -9.19572e-02
  3.53000e+01 -8.11836e-02
  3.53200e+01 -6.86546e-02
  3.53400e+01 -5.49776e-02
  3.53600e+01 -4.29268e-02
  3.53800e+01 -3.23918e-02
  3.54000e+01 -2.34823e-02
  3.54200e+01 -1.89255e-02
  3.54400e+01 -1.57215e-02
  3.54600e+01 -5.82547e-03
  3.54800e+01  1.29902e-02
  3.55000e+01  3.37105e-02
  3.55200e+01  4.65609e-02
  3.55400e+01  5.15086e-02
  3.55600e+01  5.73852e-02
  3.55800e+01  6.50357e-02
  3.56000e+01  6.86767e-02
  3.56200e+01  7.14104e-02
  3.56400e+01  8.04719e-02
  3.56600e+01  9.21525e-02
  3.56800e+01  9.88381e-02
  3.57000e+01  1.03007e-01
  3.57200e+01  1.04987e-01
  3.57400e+01  9.66586e-02
  3.57600e+01  7.98864e-02
  3.57800e+01  6.37307e-02
  3.58000e+01  5.10792e-02
  3.58200e+01  4.38699e-02
  3.58400e+01  4.29127e-02
  3.58600e+01  4.70219e-02
  3.58800e+01  5.55669e-02
  3.59000e+01  5.83401e-02
  3.59200e+01  4.27296e-02
  3.59400e+01  1.50480e-02
  3.59600e+01 -9.15522e-03
  3.59800e+01 -2.34763e-02
  3.60000e+01 -3.10135e-02
  3.60200e+01 -3.88962e-02
  3.60400e+01 -4.54877e-02
  3.60600e+01 -4.25994e-02
  3.60800e+01 -3.56599e-02
  3.61000e+01 -3.49877e-02
  3.61200e+01 -3.77555e-02
  3.61400e+01 -3.87403e-02
  3.61600e+01 -3.98334e-02
  3.61800e+01 -4.35784e-02
  3.62000e+01 -4.54915e-02
  3.62200e+01 -3.63575e-02
  3.62400e+01 -1.92630e-02
  3.62600e+01 -1.19146e-02
  3.62800e+01 -2.28988e-02
  3.63000e+01 -4.11422e-02
  3.63200e+01 -5.11418e-02
  3.63400e+01 -5.08328e-02
  3.63600e+01 -5.30014e-02
  3.63800e+01 -6.69126e-02
  3.64000e+01 -8.28962e-02
  3.64200e+01 -8.10426e-02
  3.64400e+01 -5.47475e-02
  3.64600e+01 -1.98438e-02
  3.64800e+01  3.35532e-03
  3.65000e+01  7.71125e-03
  3.65200e+01 -1.19071e-03
  3.65400e+01 -1.23281e-02
  3.65600e+01 -2.01392e-02
  3.65800e+01 -2.87734e-02
  3.66000e+01 -4.11458e-02
  3.66200e+01 -5.33233e-02
  3.66400e+01 -6.11537e-02
  3.66600e+01 -6.39361e-02
  3.66800e+01 -6.26752e-02
  3.67000e+01 -5.74464e-02
  3.67200e+01 -4.84712e-02
  3.67400e+01 -4.03428e-02
  3.67600e+01 -3.70820e-02
  3.67800e+01 -3.33788e-02
  3.68000e+01 -2.20040e-02
  3.68200e+01 -6.00020e-03
  3.68400e+01  6.55480e-03
  3.68600e+01  1.34836e-02
  3.68800e+01  1.75735e-02
  3.69000e+01  1.96130e-02
  3.69200e+01  1.70638e-02
  3.69400e+01  9.08799e-03
  3.69600e+01 -2.42944e-03
  3.69800e+01 -1.67011e-02
  3.70000e+01 -3.32637e-02
  3.70200e+01 -4.86365e-02
  3.70400e+01 -5.28745e-02
  3.70600e+01 -3.49555e-02
  3.70800e+01 -2.56869e-03
  3.71000e+01  2.01362e-02
  3.71200e+01  2.34269e-02
  3.71400e+01  1.86441e-02
  3.71600e+01  1.69786e-02
  3.71800e+01  1.90209e-02
  3.72000e+01  2.02086e-02
  3.72200e+01  1.89348e-02
  3.72400e+01  1.76463e-02
  3.72600e+01  1.84684e-02
  3.72800e+01  2.24964e-02
  3.73000e+01  3.01548e-02
  3.73200e+01  3.79507e-02
  3.73400e+01  3.88120e-02
  3.73600e+01  3.08862e-02
  3.73800e+01  2.24788e-02
  3.74000e+01  2.33610e-02
  3.74200e+01  3.48133e-02
  3.74400e+01  4.97518e-02
  3.74600e+01  6.00512e-02
  3.74800e+01  6.44903e-02
  3.75000e+01  6.70401e-02
  3.75200e+01  6.66696e-02
  3.75400e+01  5.98080e-02
  3.75600e+01  5.19571e-02
  3.75800e+01  5.12479e-02
  3.76000e+01  5.70500e-02
  3.76200e+01  6.36022e-02
  3.76400e+01  6.26113e-02
  3.76600e+01  4.85893e-02
  3.76800e+01  2.95794e-02
  3.77000e+01  1.71449e-02
  3.77200e+01  1.22785e-02
  3.77400e+01  1.35608e-02
  3.77600e+01  2.20793e-02
  3.77800e+01  3.63114e-02
  3.78000e+01  5.31086e-02
  3.78200e+01  6.41007e-02
  3.78400e+01  5.92650e-02
  3.78600e+01  4.52934e-02
  3.78800e+01  3.74011e-02
  3.79000e+01  3.70351e-02
  3.79200e+01  3.78467e-02
  3.79400e+01  3.50624e-02
  3.79600e+01  2.54757e-02
  3.79800e+01  1.15283e-02
  3.80000e+01 -1.68734e-03
  3.80200e+01 -1.26352e-02
  3.80400e+01 -2.17201e-02
  3.80600e+01 -2.50764e-02
  3.80800e+01 -1.66473e-02
  3.81000e+01 -2.79080e-03
  3.81200e+01  3.85190e-03
  3.81400e+01  5.21162e-03
  3.81600e+01  6.72554e-03
  3.81800e+01  1.74463e-03
  3.82000e+01 -1.41142e-02
  3.82200e+01 -3.29363e-02
  3.82400e+01 -4.50033e-02
  3.82600e+01 -4.92756e-02
  3.82800e+01 -5.05563e-02
  3.83000e+01 -4.86985e-02
  3.83200e+01 -4.24756e-02
  3.83400e+01 -3.98479e-02
  3.83600e+01 -4.78677e-02
  3.83800e+01 -6.25912e-02
  3.84000e+01 -7.49791e-02
  3.84200e+01 -7.94475e-02
  3.84400e+01 -7.88219e-02
  3.84600e+01 -7.54446e-02
  3.84800e+01 -6.42255e-02
  3.85000e+01 -4.25270e-02
  3.85200e+01 -1.43486e-02
  3.85400e+01  8.81261e-03
  3.85600e+01  1.45834e-02
  3.85800e+01  8.44696e-03
  3.86000e+01  4.51027e-03
  3.86200e+01  1.91620e-03
  3.86400e+01 -8.82915e-03
  3.86600e+01 -2.71435e-02
  3.86800e+01 -4.34236e-02
  3.87000e+01 -5.55432e-02
  3.87200e+01 -6.54059e-02
  3.87400e+01 -6.53865e-02
  3.87600e+01 -5.25089e-02
  3.87800e+01 -3.83965e-02
  3.88000e+01 -3.47087e-02
  3.88200e+01 -4.21124e-02
  3.88400e+01 -4.85582e-02
  3.88600e+01 -4.12260e-02
  3.88800e+01 -2.18136e-02
  3.89000e+01 -9.33814e-04
  3.89200e+01  1.51937e-02
  3.89400e+01  2.74904e-02
  3.89600e+01  3.77061e-02
  3.89800e+01  4.19126e-02
  3.90000e+01  3.67548e-02
  3.90200e+01  2.85711e-02
  3.90400e+01  2.50144e-02
  3.90600e+01  2.56123e-02
  3.90800e+01  2.67437e-02
  3.91000e+01  2.51141e-02
  3.91200e+01  2.02304e-02
  3.91400e+01  1.49100e-02
  3.91600e+01  8.50089e-03
  3.91800e+01  8.18614e-04
  3.92000e+01 -5.08135e-03
  3.92200e+01 -9.29018e-03
  3.92400e+01 -1.10639e-02
  3.92600e+01 -8.68196e-03
  3.92800e+01 -3.35110e-03
  3.93000e+01  3.45106e-03
  3.93200e+01  8.69811e-03
  3.93400e+01  9.85489e-03
  3.93600e+01  7.17307e-03
  3.93800e+01  4.19783e-03
  3.94000e+01  9.80393e-03
  3.94200e+01  2.73997e-02
  3.94400e+01  4.87862e-02
  3.94600e+01  6.23296e-02
  3.94800e+01  6.08044e-02
  3.95000e+01  5.28597e-02
  3.95200e+01  5.46767e-02
  3.95400e+01  6.39173e-02
  3.95600e+01  6.89011e-02
  3.95800e+01  6.94920e-02
  3.96000e+01  6.59883e-02
  3.96200e+01  5.48019e-02
  3.96400e+01  4.14831e-02
  3.96600e+01  3.53834e-02
  3.96800e+01  4.00413e-02
  3.97000e+01  5.34756e-02
  3.97200e+01  6.70392e-02
  3.97400e+01  7.30562e-02
  3.97600e+01  7.33083e-02
  3.97800e+01  7.13287e-02
  3.98000e+01  6.59602e-02
  3.98200e+01  5.48758e-02
  3.98400e+01  3.92448e-02
  3.98600e+01  2.41952e-02
  3.98800e+01  1.21138e-02
  3.99000e+01  1.37423e-04
  3.99200e+01 -1.30964e-02
  3.99400e+01 -2.33166e-02
  3.99600e+01 -2.27332e-02
  3.99800e+01 -8.31139e-03
  4.00000e+01  1.23130e-02
  4.00200e+01  2.81824e-02
  4.00400e+01  3.39843e-02
  4.00600e+01  3.23536e-02
  4.00800e+01  3.01894e-02
  4.01000e+01  2.92500e-02
  4.01200e+01  2.63326e-02
  4.01400e+01  2.25744e-02
  4.01600e+01  2.27555e-02
  4.01800e+01  2.71058e-02
  4.02000e+01  2.88078e-02
  4.02200e+01  2.20696e-02
  4.02400e+01  8.68237e-03
  4.02600e+01 -7.39495e-03
  4.02800e+01 -2.23366e-02
  4.03000e+01 -3.29685e-02
  4.03200e+01 -4.28382e-02
  4.03400e+01 -5.59907e-02
  4.03600e+01 -6.84032e-02
  4.03800e+01 -7.35973e-02
  4.04000e+01 -6.70659e-02
  4.04200e+01 -4.87005e-02
  4.04400e+01 -2.74843e-02
  4.04600e+01 -1.57642e-02
  4.04800e+01 -1.62094e-02
  4.05000e+01 -2.13421e-02
  4.05200e+01 -2.50656e-02
  4.05400e+01 -2.65220e-02
  4.05600e+01 -2.71625e-02
  4.05800e+01 -2.81563e-02
  4.06000e+01 -2.76799e-02
  4.06200e+01 -2.69935e-02
  4.06400e+01 -3.18866e-02
  4.06600e+01 -4.16612e-02
  4.06800e+01 -5.23663e-02
  4.07000e+01 -6.44620e-02
  4.07200e+01 -7.85102e-02
  4.07400e+01 -9.38168e-02
  4.07600e+01 -1.06576e-01
  4.07800e+01 -1.13187e-01
  4.08000e+01 -1.17240e-01
  4.08200e+01 -1.18308e-01
  4.08400e+01 -1.09756e-01
  4.08600e+01 -9.33118e-02
  4.08800e+01 -7.65159e-02
  4.09000e+01 -6.51044e-02
  4.09200e+01 -6.11945e-02
  4.09400e+01 -6.27787e-02
  4.09600e+01 -6.96364e-02
  4.09800e+01 -8.07048e-02
  4.10000e+01 -8.92211e-02
  4.10200e+01 -8.92425e-02
  4.10400e+01 -7.93526e-02
  4.10600e+01 -6.41074e-02
  4.10800e+01 -4.86364e-02
  4.11000e+01 -3.15899e-02
  4.11200e+01 -1.55925e-02
  4.11400e+01 -4.23892e-03
  4.11600e+01  1.04537e-02
  4.11800e+01  3.02023e-02
  4.12000e+01  4.35613e-02
  4.12200e+01  4.50016e-02
  4.12400e+01  3.63717e-02
  4.12600e+01  2.42969e-02
  4.12800e+01  1.99235e-02
  4.13000e+01  2.35110e-02
  4.13200e+01  2.17090e-02
  4.13400e+01  8.45997e-03
  4.13600e+01 -6.23224e-03
  4.13800e+01 -1.31382e-02
  4.14000e+01 -1.33083e-02
  4.14200e+01 -6.97471e-03
  4.14400e+01  8.52167e-03
  4.14600e+01  3.09998e-02
  4.14800e+01  5.32979e-02
  4.15000e+01  6.75450e-02
  4.15200e+01  7.43056e-02
  4.15400e+01  8.19818e-02
  4.15600e+01  9.15265e-02
  4.15800e+01  9.71822e-02
  4.16000e+01  9.63620e-02
  4.16200e+01  8.88106e-02
  4.16400e+01  7.73839e-02
  4.16600e+01  6.50246e-02
  4.16800e+01  5.00174e-02
  4.17000e+01  3.30667e-02
  4.17200e+01  1.87684e-02
  4.17400e+01  1.04230e-02
  4.17600e+01  9.58088e-03
  4.17800e+01  1.32001e-02
  4.18000e+01  1.71623e-02
  4.18200e+01  2.31425e-02
  4.18400e+01  2.95415e-02
  4.18600e+01  2.88143e-02
  4.18800e+01  2.02545e-02
  4.19000e+01  6.96559e-03
  4.19200e+01 -9.74882e-03
  4.19400e+01 -2.37707e-02
  4.19600e+01 -2.98217e-02
  4.19800e+01 -2.91171e-02
  4.20000e+01 -2.43325e-02
  4.20200e+01 -1.76929e-02
  4.20400e+01 -8.07626e-03
  4.20600e+01  4.29337e-03
  4.20800e+01  1.54936e-02
  4.21000e+01  2.71082e-02
  4.21200e+01  3.81757e-02
  4.21400e+01  4.28103e-02
  4.21600e+01  4.37155e-02
  4.21800e+01  4.16189e-02
  4.22000e+01  3.09412e-02
  4.22200e+01  1.77584e-02
  4.22400e+01  1.38499e-02
  4.22600e+01  2.03518e-02
  4.22800e+01  3.06757e-02
  4.23000e+01  3.78943e-02
  4.23200e+01  4.19654e-02
  4.23400e+01  4.97481e-02
  4.23600e+01  5.83826e-02
  4.23800e+01  5.58069e-02
  4.24000e+01  4.22147e-02
  4.24200e+01  2.68041e-02
  4.24400e+01  1.27297e-02
  4.24600e+01  9.41937e-04
  4.24800e+01 -4.91864e-03
  4.25000e+01 -1.22269e-03
  4.25200e+01  1.21821e-02
  4.25400e+01  2.91746e-02
  4.25600e+01  3.80996e-02
  4.25800e+01  3.21598e-02
  4.26000e+01  1.90635e-02
  4.26200e+01  8.40898e-03
  4.26400e+01  1.85493e-05
  4.26600e+01 -8.96150e-03
  4.26800e+01 -2.04055e-02
  4.27000e+01 -3.07223e-02
  4.27200e+01 -3.07314e-02
  4.27400e+01 -1.91872e-02
  4.27600e+01 -3.23864e-03
  4.27800e+01  1.08775e-02
  4.28000e+01  2.02207e-02
  4.28200e+01  2.45766e-02
  4.28400e+01  2.18082e-02
  4.28600e+01  8.17540e-03
  4.28800e+01 -1.37486e-02
  4.29000e+01 -3.59417e-02
  4.29200e+01 -5.14244e-02
  4.29400e+01 -5.43580e-02
  4.29600e+01 -4.15216e-02
  4.29800e+01 -1.92416e-02
  4.30000e+01  3.51618e-04
  4.30200e+01  1.42394e-02
  4.30400e+01  2.62321e-02
  4.30600e+01  3.13253e-02
  4.30800e+01  2.45549e-02
  4.31000e+01  1.24975e-02
  4.31200e+01 -4.86716e-04
  4.31400e+01 -1.11377e-02
  4.31600e+01 -1.09777e-02
  4.31800e+01  2.92400e-03
  4.32000e+01  2.55881e-02
  4.32200e+01  3.67873e-02
  4.32400e+01  2.06679e-02
  4.32600e+01  1.23161e-03
  4.32800e+01 -2.41843e-03
  4.33000e+01 -1.04104e-02
  4.33200e+01 -3.42487e-02
  4.33400e+01 -5.77624e-02
  4.33600e+01 -6.23876e-02
  4.33800e+01 -5.00631e-02
  4.34000e+01 -3.71427e-02
  4.34200e+01 -2.88616e-02
  4.34400e+01 -2.76440e-02
  4.34600e+01 -3.38218e-02
  4.34800e+01 -3.06011e-02
  4.35000e+01 -1.66946e-02
  4.35200e+01 -1.54460e-02
  4.35400e+01 -2.59472e-02
  4.35600e+01 -2.74996e-02
  4.35800e+01 -2.36360e-02
  4.36000e+01 -2.69301e-02
  4.36200e+01 -3.33840e-02
  4.36400e+01 -3.42785e-02
  4.36600e+01 -2.25186e-02
  4.36800e+01  3.34503e-04
  4.37000e+01  1.85519e-02
  4.37200e+01  2.07916e-02
  4.37400e+01  1.30702e-02
  4.37600e+01  7.38018e-03
  4.37800e+01  4.01921e-04
  4.38000e+01 -1.95140e-02
  4.38200e+01 -4.41775e-02
  4.38400e+01 -5.57330e-02
  4.38600e+01 -4.89862e-02
  4.38800e+01 -2.86039e-02
  4.39000e+01 -8.82076e-03
  4.39200e+01 -2.89411e-03
  4.39400e+01 -3.26264e-03
  4.39600e+01  6.37910e-04
  4.39800e+01 -9.68864e-05
  4.40000e+01 -1.17031e-02
  4.40200e+01 -2.51384e-02
  4.40400e+01 -3.40557e-02
  4.40600e+01 -3.55466e-02
  4.40800e+01 -2.83657e-02
  4.41000e+01 -1.61040e-02
  4.41200e+01 -1.05893e-04
  4.41400e+01  1.25019e-02
  4.41600e+01  7.98010e-03
  4.41800e+01 -1.15729e-02
  4.42000e+01 -3.22002e-02
  4.42200e+01 -4.89860e-02
  4.42400e+01 -6.24926e-02
  4.42600e+01 -6.85459e-02
  4.42800e+01 -6.22088e-02
  4.43000e+01 -4.31313e-02
  4.43200e+01 -1.44254e-02
  4.43400e+01  1.56994e-02
  4.43600e+01  3.68804e-02
  4.43800e+01  4.89789e-02
  4.44000e+01  5.56754e-02
  4.44200e+01  5.05064e-02
  4.44400e+01  3.01677e-02
  4.44600e+01  6.10654e-03
  4.44800e+01 -7.70008e-03
  4.45000e+01 -8.73594e-03
  4.45200e+01 -6.60843e-03
  4.45400e+01 -8.88939e-03
  4.45600e+01 -1.29112e-02
  4.45800e+01 -1.24666e-02
  4.46000e+01 -7.97940e-03
  4.46200e+01 -1.00373e-02
  4.46400e+01 -2.07034e-02
  4.46600e+01 -2.48185e-02
  4.46800e+01 -1.49711e-02
  4.47000e+01  7.42214e-05
  4.47200e+01  1.12949e-02
  4.47400e+01  1.63607e-02
  4.47600e+01  1.51238e-02
  4.47800e+01  7.18964e-03
  4.48000e+01 -7.21715e-04
  4.48200e+01 -2.88597e-03
  4.48400e+01 -8.71286e-03
  4.48600e+01 -2.17714e-02
  4.48800e+01 -2.69799e-02
  4.49000e+01 -1.62839e-02
  4.49200e+01  3.92582e-03
  4.49400e+01  2.90779e-02
  4.49600e+01  5.49444e-02
  4.49800e+01  7.44732e-02
  4.50000e+01  8.55272e-02
  4.50200e+01  8.61954e-02
  4.50400e+01  7.61515e-02
  4.50600e+01  6.62550e-02
  4.50800e+01  6.36638e-02
  4.51000e+01  6.34006e-02
  4.51200e+01  6.22077e-02
  4.51400e+01  5.79660e-02
  4.51600e+01  4.51007e-02
  4.51800e+01  2.25777e-02
  4.52000e+01 -3.42820e-03
  4.52200e+01 -2.35444e-02
  4.52400e+01 -2.79490e-02
  4.52600e+01 -1.58635e-02
  4.52800e+01 -2.01372e-03
  4.53000e+01  1.03293e-03
  4.53200e+01 -9.86898e-04
  4.53400e+01  1.12535e-02
  4.53600e+01  5.82798e-02
  4.53800e+01  1.29747e-01
  4.54000e+01  1.71738e-01
  4.54200e+01  1.46616e-01
  4.54400e+01  7.98582e-02
  4.54600e+01  2.01867e-02
  4.54800e+01 -1.10006e-02
  4.55000e+01 -2.07618e-02
  4.55200e+01 -2.49131e-02
  4.55400e+01 -2.91493e-02
  4.55600e+01 -2.07186e-02
  4.55800e+01  9.30338e-03
  4.56000e+01  4.32579e-02
  4.56200e+01  5.99095e-02
  4.56400e+01  6.29634e-02
  4.56600e+01  6.30953e-02
  4.56800e+01  5.28569e-02
  4.57000e+01  2.07111e-02
  4.57200e+01 -2.58094e-02
  4.57400e+01 -6.30293e-02
  4.57600e+01 -6.95530e-02
  4.57800e+01 -4.45784e-02
  4.58000e+01 -7.69223e-03
  4.58200e+01  2.13674e-02
  4.58400e+01  3.00313e-02
  4.58600e+01  1.28176e-02
  4.58800e+01 -1.83158e-02
  4.59000e+01 -4.19730e-02
  4.59200e+01 -5.06089e-02
  4.59400e+01 -5.15450e-02
  4.59600e+01 -5.37536e-02
  4.59800e+01 -6.22701e-02
  4.60000e+01 -7.28349e-02
  4.60200e+01 -7.20742e-02
  4.60400e+01 -5.43777e-02
  4.60600e+01 -2.91739e-02
  4.60800e+01 -8.65915e-03
  4.61000e+01 -8.43029e-04
  4.61200e+01 -7.48736e-03
  4.61400e+01 -2.29717e-02
  4.61600e+01 -4.01100e-02
  4.61800e+01 -5.29628e-02
  4.62000e+01 -5.79140e-02
  4.62200e+01 -5.48733e-02
  4.62400e+01 -4.26176e-02
  4.62600e+01 -2.43844e-02
  4.62800e+01 -1.50303e-02
  4.63000e+01 -2.27513e-02
  4.63200e+01 -3.98814e-02
  4.63400e+01 -6.21533e-02
  4.63600e+01 -8.66962e-02
  4.63800e+01 -9.75677e-02
  4.64000e+01 -8.25385e-02
  4.64200e+01 -4.79474e-02
  4.64400e+01 -9.77710e-03
  4.64600e+01  1.63784e-02
  4.64800e+01  2.57878e-02
  4.65000e+01  2.34919e-02
  4.65200e+01  9.39921e-03
  4.65400e+01 -1.71259e-02
  4.65600e+01 -4.29644e-02
  4.65800e+01 -5.00823e-02
  4.66000e+01 -3.45076e-02
  4.66200e+01 -8.60856e-03
  4.66400e+01  1.48281e-02
  4.66600e+01  3.31149e-02
  4.66800e+01  4.38099e-02
  4.67000e+01  4.07029e-02
  4.67200e+01  2.76505e-02
  4.67400e+01  1.77360e-02
  4.67600e+01  1.61013e-02
  4.67800e+01  1.73688e-02
  4.68000e+01  1.82135e-02
  4.68200e+01  2.36872e-02
  4.68400e+01  3.81777e-02
  4.68600e+01  5.62261e-02
  4.68800e+01  6.64702e-02
  4.69000e+01  6.24827e-02
  4.69200e+01  5.16855e-02
  4.69400e+01  4.57144e-02
  4.69600e+01  4.20077e-02
  4.69800e+01  3.23466e-02
  4.70000e+01  1.74121e-02
  4.70200e+01  1.84712e-03
  4.70400e+01 -9.29656e-03
  4.70600e+01 -1.56962e-02
  4.70800e+01 -2.37570e-02
  4.71000e+01 -3.08789e-02
  4.71200e+01 -2.57916e-02
  4.71400e+01 -8.37809e-03
  4.71600e+01  8.79554e-03
  4.71800e+01  1.36847e-02
  4.72000e+01  3.92346e-03
  4.72200e+01 -1.32119e-02
  4.72400e+01 -3.02677e-02
  4.72600e+01 -4.58709e-02
  4.72800e+01 -6.16958e-02
  4.73000e+01 -7.52654e-02
  4.73200e+01 -7.60640e-02
  4.73400e+01 -5.73663e-02
  4.73600e+01 -2.84597e-02
  4.73800e+01 -4.90785e-03
  4.74000e+01  4.16036e-03
  4.74200e+01 -2.18956e-03
  4.74400e+01 -1.78647e-02
  4.74600e+01 -3.18231e-02
  4.74800e+01 -3.37670e-02
  4.75000e+01 -2.51850e-02
  4.75200e+01 -1.59316e-02
  4.75400e+01 -7.18739e-03
  4.75600e+01  3.76538e-03
  4.75800e+01  1.18404e-02
  4.76000e+01  1.28462e-02
  4.76200e+01  1.06040e-02
  4.76400e+01  9.70481e-03
  4.76600e+01  9.47006e-03
  4.76800e+01  6.47612e-03
  4.77000e+01 -1.13788e-03
  4.77200e+01 -7.76540e-03
  4.77400e+01 -9.80790e-04
  4.77600e+01  2.10797e-02
  4.77800e+01  4.28463e-02
  4.78000e+01  4.81373e-02
  4.78200e+01  3.57057e-02
  4.78400e+01  1.93187e-02
  4.78600e+01  1.37111e-02
  4.78800e+01  2.30765e-02
  4.79000e+01  4.31033e-02
  4.79200e+01  6.55098e-02
  4.79400e+01  8.03865e-02
  4.79600e+01  8.10617e-02
  4.79800e+01  6.93709e-02
  4.80000e+01  5.18813e-02
  4.80200e+01  3.37411e-02
  4.80400e+01  2.02143e-02
  4.80600e+01  1.44919e-02
  4.80800e+01  1.49597e-02
  4.81000e+01  1.94517e-02
  4.81200e+01  2.62534e-02
  4.81400e+01  3.56169e-02
  4.81600e+01  5.01006e-02
  4.81800e+01  6.55652e-02
  4.82000e+01  7.32579e-02
  4.82200e+01  7.36680e-02
  4.82400e+01  7.26352e-02
  4.82600e+01  7.09150e-02
  4.82800e+01  6.71407e-02
  4.83000e+01  5.90378e-02
  4.83200e+01  4.53209e-02
  4.83400e+01  3.05864e-02
  4.83600e+01  1.82436e-02
  4.83800e+01  7.45108e-03
  4.84000e+01 -6.32683e-04
  4.84200e+01 -5.29733e-03
  4.84400e+01 -8.71593e-03
  4.84600e+01 -1.34252e-02
  4.84800e+01 -2.29600e-02
  4.85000e+01 -3.88353e-02
  4.85200e+01 -5.50176e-02
  4.85400e+01 -6.46461e-02
  4.85600e+01 -6.87667e-02
  4.85800e+01 -6.90190e-02
  4.86000e+01 -6.39062e-02
  4.86200e+01 -5.61168e-02
  4.86400e+01 -4.94364e-02
  4.86600e+01 -4.31097e-02
  4.86800e+01 -3.68713e-02
  4.87000e+01 -3.60027e-02
  4.87200e+01 -4.26725e-02
  4.87400e+01 -4.56609e-02
  4.87600e+01 -3.66282e-02
  4.87800e+01 -2.67299e-02
  4.88000e+01 -2.74889e-02
  4.88200e+01 -3.22135e-02
  4.88400e+01 -3.03948e-02
  4.88600e+01 -2.56279e-02
  4.88800e+01 -2.68766e-02
  4.89000e+01 -3.26288e-02
  4.89200e+01 -3.67647e-02
  4.89400e+01 -3.87844e-02
  4.89600e+01 -3.82633e-02
  4.89800e+01 -3.16726e-02
  4.90000e+01 -1.86262e-02
  4.90200e+01 -2.80957e-03
  4.90400e+01  1.09513e-02
  4.90600e+01  1.76692e-02
  4.90800e+01  1.46137e-02
  4.91000e+01  4.72083e-03
  4.91200e+01 -5.89716e-03
  4.91400e+01 -1.50292e-02
  4.91600e+01 -2.13213e-02
  4.91800e+01 -2.09339e-02
  4.92000e+01 -1.62673e-02
  4.92200e+01 -1.29634e-02
  4.92400e+01 -1.10884e-02
  4.92600e+01 -1.00832e-02
  4.92800e+01 -8.75017e-03
  4.93000e+01 -3.20946e-03
  4.93200e+01  5.48813e-03
  4.93400e+01  1.12193e-02
  4.93600e+01  1.01053e-02
  4.93800e+01  2.76853e-03
  4.94000e+01 -5.93487e-03
  4.94200e+01 -1.02122e-02
  4.94400e+01 -1.07258e-02
  4.94600e+01 -1.06864e-02
  4.94800e+01 -5.67887e-03
  4.95000e+01  5.73051e-03
  4.95200e+01  1.58225e-02
  4.95400e+01  2.53742e-02
  4.95600e+01  3.72721e-02
  4.95800e+01  4.07005e-02
  4.96000e+01  3.17507e-02
  4.96200e+01  2.26230e-02
  4.96400e+01  2.13830e-02
  4.96600e+01  2.73543e-02
  4.96800e+01  3.43312e-02
  4.97000e+01  3.30207e-02
  4.97200e+01  2.47159e-02
  4.97400e+01  1.93526e-02
  4.97600e+01  1.85661e-02
  4.97800e+01  1.76693e-02
  4.98000e+01  1.56988e-02
  4.98200e+01  1.52393e-02
  4.98400e+01  1.58584e-02
  4.98600e+01  1.07841e-02
  4.98800e+01 -2.02556e-03
  4.99000e+01 -1.49930e-02
  4.99200e+01 -2.34968e-02
  4.99400e+01 -2.77774e-02
  4.99600e+01 -2.73866e-02
  4.99800e+01 -2.34538e-02
  5.00000e+01 -1.82568e-02
  5.00200e+01 -1.39560e-02
  5.00400e+01 -1.27640e-02
  5.00600e+01 -1.25622e-02
  5.00800e+01 -9.47029e-03
  5.01000e+01 -6.81977e-03
  5.01200e+01 -9.22180e-03
  5.01400e+01 -1.26582e-02
  5.01600e+01 -1.32484e-02
  5.01800e+01 -1.60379e-02
  5.02000e+01 -2.63370e-02
  5.02200e+01 -3.85035e-02
  5.02400e+01 -3.98955e-02
  5.02600e+01 -3.00371e-02
  5.02800e+01 -2.31481e-02
  5.03000e+01 -2.28325e-02
  5.03200e+01 -1.74993e-02
  5.03400e+01 -5.17155e-03
  5.03600e+01  9.97833e-04
  5.03800e+01 -7.59031e-03
  5.04000e+01 -2.22031e-02
  5.04200e+01 -2.89724e-02
  5.04400e+01 -2.85615e-02
  5.04600e+01 -3.08257e-02
  5.04800e+01 -3.74668e-02
  5.05000e+01 -4.13748e-02
  5.05200e+01 -3.54669e-02
  5.05400e+01 -2.08651e-02
  5.05600e+01 -6.66279e-03
  5.05800e+01  3.27613e-03
  5.06000e+01  1.33157e-02
  5.06200e+01  2.46112e-02
  5.06400e+01  3.45044e-02
  5.06600e+01  4.19076e-02
  5.06800e+01  4.60199e-02
  5.07000e+01  4.42776e-02
  5.07200e+01  3.29338e-02
  5.07400e+01  1.58855e-02
  5.07600e+01  7.10075e-03
  5.07800e+01  1.14123e-02
  5.08000e+01  1.93939e-02
  5.08200e+01  2.52317e-02
  5.08400e+01  2.72855e-02
  5.08600e+01  2.19454e-02
  5.08800e+01  1.40761e-02
  5.09000e+01  1.56539e-02
  5.09200e+01  2.67593e-02
  5.09400e+01  3.63273e-02
  5.09600e+01  4.20532e-02
  5.09800e+01  4.79036e-02
  5.10000e+01  5.02446e-02
  5.10200e+01  4.55683e-02
  5.10400e+01  3.51373e-02
  5.10600e+01  2.33242e-02
  5.10800e+01  1.84459e-02
  5.11000e+01  1.78564e-02
  5.11200e+01  1.15767e-02
  5.11400e+01  3.99172e-03
  5.11600e+01  4.22290e-03
  5.11800e+01  1.35905e-02
  5.12000e+01  2.89866e-02
  5.12200e+01  4.16738e-02
  5.12400e+01  4.32225e-02
  5.12600e+01  3.45572e-02
  5.12800e+01  2.15432e-02
  5.13000e+01  7.90312e-03
  5.13200e+01 -2.26646e-03
  5.13400e+01 -5.49638e-03
  5.13600e+01 -6.78363e-03
  5.13800e+01 -1.21350e-02
  5.14000e+01 -1.93755e-02
  5.14200e+01 -2.36931e-02
  5.14400e+01 -2.03879e-02
  5.14600e+01 -8.92567e-03
  5.14800e+01  2.74337e-03
  5.15000e+01  5.91472e-03
  5.15200e+01 -2.22815e-03
  5.15400e+01 -1.75294e-02
  5.15600e+01 -3.26336e-02
  5.15800e+01 -4.42594e-02
  5.16000e+01 -5.03186e-02
  5.16200e+01 -4.73185e-02
  5.16400e+01 -3.74266e-02
  5.16600e+01 -2.69020e-02
  5.16800e+01 -1.95762e-02
  5.17000e+01 -1.75861e-02
  5.17200e+01 -2.13430e-02
  5.17400e+01 -2.91069e-02
  5.17600e+01 -3.73966e-02
  5.17800e+01 -4.34147e-02
  5.18000e+01 -5.14408e-02
  5.18200e+01 -6.31957e-02
  5.18400e+01 -6.62990e-02
  5.18600e+01 -5.44275e-02
  5.18800e+01 -3.86572e-02
  5.19000e+01 -2.56847e-02
  5.19200e+01 -1.22522e-02
  5.19400e+01  1.31146e-03
  5.19600e+01  1.13228e-02
  5.19800e+01  1.74681e-02
  5.20000e+01  2.22063e-02
  5.20200e+01  2.70312e-02
  5.20400e+01  3.30827e-02
  5.20600e+01  3.99226e-02
  5.20800e+01  4.21540e-02
  5.21000e+01  3.86884e-02
  5.21200e+01  3.51890e-02
  5.21400e+01  2.97245e-02
  5.21600e+01  1.86492e-02
  5.21800e+01  1.11487e-02
  5.22000e+01  1.48509e-02
  5.22200e+01  2.32397e-02
  5.22400e+01  2.96850e-02
  5.22600e+01  3.40040e-02
  5.22800e+01  3.63712e-02
  5.23000e+01  3.58608e-02
  5.23200e+01  2.82384e-02
  5.23400e+01  1.43542e-02
  5.23600e+01  5.04543e-03
  5.23800e+01  1.64463e-03
  5.24000e+01 -3.60302e-03
  5.24200e+01 -7.99964e-03
  5.24400e+01 -3.76825e-03
  5.24600e+01  7.87775e-03
  5.24800e+01  1.74210e-02
  5.25000e+01  1.96053e-02
  5.25200e+01  1.88250e-02
  5.25400e+01  2.06290e-02
  5.25600e+01  2.83129e-02
  5.25800e+01  3.85233e-02
  5.26000e+01  4.05336e-02
  5.26200e+01  3.34107e-02
  5.26400e+01  2.69624e-02
  5.26600e+01  2.35556e-02
  5.26800e+01  2.07448e-02
  5.27000e+01  2.06675e-02
  5.27200e+01  2.31503e-02
  5.27400e+01  2.55970e-02
  5.27600e+01  2.64818e-02
  5.27800e+01  2.05917e-02
  5.28000e+01  7.36659e-03
  5.28200e+01 -5.81154e-03
  5.28400e+01 -1.77840e-02
  5.28600e+01 -2.93264e-02
  5.28800e+01 -3.36222e-02
  5.29000e+01 -2.68940e-02
  5.29200e+01 -1.49003e-02
  5.29400e+01 -3.23566e-03
  5.29600e+01  9.85300e-03
  5.29800e+01  2.47523e-02
  5.30000e+01  3.23523e-02
  5.30200e+01  2.37891e-02
  5.30400e+01  1.19714e-03
  5.30600e+01 -2.54628e-02
  5.30800e+01 -4.58782e-02
  5.31000e+01 -5.37651e-02
  5.31200e+01 -5.10871e-02
  5.31400e+01 -4.61019e-02
  5.31600e+01 -4.22727e-02
  5.31800e+01 -3.75932e-02
  5.32000e+01 -3.35851e-02
  5.32200e+01 -3.39428e-02
  5.32400e+01 -3.89242e-02
  5.32600e+01 -4.28663e-02
  5.32800e+01 -3.79564e-02
  5.33000e+01 -2.49092e-02
  5.33200e+01 -1.13729e-02
  5.33400e+01 -1.77359e-03
  5.33600e+01  2.37103e-03
  5.33800e+01 -1.94292e-03
  5.34000e+01 -1.86535e-02
  5.34200e+01 -4.46152e-02
  5.34400e+01 -6.32889e-02
  5.34600e+01 -5.75964e-02
  5.34800e+01 -3.06245e-02
  5.35000e+01 -3.16151e-03
  5.35200e+01  1.06575e-02
  5.35400e+01  1.40821e-02
  5.35600e+01  1.52235e-02
  5.35800e+01  1.53536e-02
  5.36000e+01  8.13976e-03
  5.36200e+01 -9.91288e-03
  5.36400e+01 -2.60021e-02
  5.36600e+01 -2.35611e-02
  5.36800e+01 -7.69522e-03
  5.37000e+01  6.97976e-03
  5.37200e+01  1.98930e-02
  5.37400e+01  3.25622e-02
  5.37600e+01  3.95718e-02
  5.37800e+01  3.80433e-02
  5.38000e+01  2.67805e-02
  5.38200e+01  9.35891e-03
  5.38400e+01 -3.78424e-03
  5.38600e+01 -8.13459e-03
  5.38800e+01 -4.32747e-03
  5.39000e+01  8.86188e-03
  5.39200e+01  2.72415e-02
  5.39400e+01  3.78841e-02
  5.39600e+01  3.15585e-02
  5.39800e+01  1.82640e-02
  5.40000e+01  1.39169e-02
  5.40200e+01  1.50529e-02
  5.40400e+01  1.39641e-02
  5.40600e+01  1.41181e-02
  5.40800e+01  1.61338e-02
  5.41000e+01  2.02006e-02
  5.41200e+01  2.82932e-02
  5.41400e+01  3.61847e-02
  5.41600e+01  4.14848e-02
  5.41800e+01  4.15616e-02
  5.42000e+01  3.07418e-02
  5.42200e+01  1.31085e-02
  5.42400e+01 -5.31897e-03
  5.42600e+01 -2.73731e-02
  5.42800e+01 -5.23101e-02
  5.43000e+01 -6.93516e-02
  5.43200e+01 -6.88418e-02
  5.43400e+01 -5.55320e-02
  5.43600e+01 -4.47854e-02
  5.43800e+01 -4.31623e-02
  5.44000e+01 -4.44534e-02
  5.44200e+01 -4.28354e-02
  5.44400e+01 -3.72834e-02
  5.44600e+01 -2.90799e-02
  5.44800e+01 -2.10242e-02
  5.45000e+01 -1.26657e-02
  5.45200e+01 -2.72235e-04
  5.45400e+01  1.39027e-02
  5.45600e+01  2.32349e-02
  5.45800e+01  2.47411e-02
  5.46000e+01  1.70905e-02
  5.46200e+01  3.25444e-03
  5.46400e+01 -7.97234e-03
  5.46600e+01 -1.34660e-02
  5.46800e+01 -1.62651e-02
  5.47000e+01 -1.60884e-02
  5.47200e+01 -9.52309e-03
  5.47400e+01  2.35814e-03
  5.47600e+01  9.88137e-03
  5.47800e+01  2.97624e-03
  5.48000e+01 -1.91168e-02
  5.48200e+01 -4.35886e-02
  5.48400e+01 -5.08434e-02
  5.48600e+01 -3.74429e-02
  5.48800e+01 -1.56589e-02
  5.49000e+01  7.14508e-03
  5.49200e+01  2.45934e-02
  5.49400e+01  3.10865e-02
  5.49600e+01  3.28756e-02
  5.49800e+01  3.57489e-02
  5.50000e+01  3.59993e-02
  5.50200e+01  3.12970e-02
  5.50400e+01  2.40713e-02
  5.50600e+01  1.75872e-02
  5.50800e+01  1.36714e-02
  5.51000e+01  9.39415e-03
  5.51200e+01  1.35082e-03
  5.51400e+01 -6.86636e-03
  5.51600e+01 -1.31325e-02
  5.51800e+01 -2.21796e-02
  5.52000e+01 -3.14375e-02
  5.52200e+01 -3.27198e-02
  5.52400e+01 -2.82478e-02
  5.52600e+01 -2.39340e-02
  5.52800e+01 -1.86559e-02
  5.53000e+01 -9.87196e-03
  5.53200e+01  1.93464e-03
  5.53400e+01  1.15079e-02
  5.53600e+01  9.70660e-03
  5.53800e+01 -2.08146e-03
  5.54000e+01 -8.60556e-03
  5.54200e+01 -4.96876e-03
  5.54400e+01 -9.84720e-04
  5.54600e+01  8.09258e-05
  5.54800e+01  5.58881e-04
  5.55000e+01  1.53921e-03
  5.55200e+01  5.78956e-03
  5.55400e+01  1.01490e-02
  5.55600e+01  9.48432e-03
  5.55800e+01  9.44900e-03
  5.56000e+01  1.54609e-02
  5.56200e+01  2.29184e-02
  5.56400e+01  2.63896e-02
  5.56600e+01  2.30345e-02
  5.56800e+01  1.25436e-02
  5.57000e+01  3.45286e-03
  5.57200e+01  8.20010e-03
  5.57400e+01  2.55614e-02
  5.57600e+01  3.73683e-02
  5.57800e+01  3.14257e-02
  5.58000e+01  1.72447e-02
  5.58200e+01  6.88095e-03
  5.58400e+01  2.10459e-03
  5.58600e+01  5.25708e-03
  5.58800e+01  1.56678e-02
  5.59000e+01  2.88357e-02
  5.59200e+01  4.59343e-02
  5.59400e+01  6.19735e-02
  5.59600e+01  6.51982e-02
  5.59800e+01  5.63923e-02
  5.60000e+01  4.45466e-02
  5.60200e+01  3.46973e-02
  5.60400e+01  2.94116e-02
  5.60600e+01  2.93834e-02
  5.60800e+01  3.15331e-02
  5.61000e+01  2.84568e-02
  5.61200e+01  1.79351e-02
  5.61400e+01  1.23470e-02
  5.61600e+01  2.04739e-02
  5.61800e+01  3.34841e-02
  5.62000e+01  4.13144e-02
  5.62200e+01  4.01383e-02
  5.62400e+01  2.87250e-02
  5.62600e+01  1.49967e-02
  5.62800e+01  1.42227e-02
  5.63000e+01  2.93957e-02
  5.63200e+01  4.20971e-02
  5.63400e+01  3.64906e-02
  5.63600e+01  1.88460e-02
  5.63800e+01  2.47725e-03
  5.64000e+01 -5.14246e-03
  5.64200e+01 -2.85866e-03
  5.64400e+01  1.04978e-03
  5.64600e+01 -2.79233e-03
  5.64800e+01 -1.31028e-02
  5.65000e+01 -2.45885e-02
  5.65200e+01 -3.71768e-02
  5.65400e+01 -5.06242e-02
  5.65600e+01 -6.19426e-02
  5.65800e+01 -7.12865e-02
  5.66000e+01 -7.78124e-02
  5.66200e+01 -7.61550e-02
  5.66400e+01 -6.66604e-02
  5.66600e+01 -5.75038e-02
  5.66800e+01 -5.35511e-02
  5.67000e+01 -5.26791e-02
  5.67200e+01 -5.25545e-02
  5.67400e+01 -5.27790e-02
  5.67600e+01 -5.08405e-02
  5.67800e+01 -4.67896e-02
  5.68000e+01 -4.67879e-02
  5.68200e+01 -5.16304e-02
  5.68400e+01 -5.47133e-02
  5.68600e+01 -5.41393e-02
  5.68800e+01 -5.43287e-02
  5.69000e+01 -5.76747e-02
  5.69200e+01 -5.96707e-02
  5.69400e+01 -5.64042e-02
  5.69600e+01 -5.26912e-02
  5.69800e+01 -5.22125e-02
  5.70000e+01 -4.83467e-02
  5.70200e+01 -3.94578e-02
  5.70400e+01 -3.23523e-02
  5.70600e+01 -2.82717e-02
  5.70800e+01 -2.38000e-02
  5.71000e+01 -1.78630e-02
  5.71200e+01 -1.22366e-02
  5.71400e+01 -6.48143e-03
  5.71600e+01  5.02867e-03
  5.71800e+01  2.53565e-02
  5.72000e+01  4.78059e-02
  5.72200e+01  6.24160e-02
  5.72400e+01  6.54702e-02
  5.72600e+01  6.22335e-02
  5.72800e+01  6.02401e-02
  5.73000e+01  6.02793e-02
  5.73200e+01  5.93081e-02
  5.73400e+01  5.71749e-02
  5.73600e+01  5.43100e-02
  5.73800e+01  4.83134e-02
  5.74000e+01  3.92355e-02
  5.74200e+01  3.24490e-02
  5.74400e+01  2.95367e-02
  5.74600e+01  2.87002e-02
  5.74800e+01  3.17074e-02
  5.75000e+01  3.54884e-02
  5.75200e+01  3.39351e-02
  5.75400e+01  2.90202e-02
  5.75600e+01  2.29385e-02
  5.75800e+01  1.56412e-02
  5.76000e+01  1.17075e-02
  5.76200e+01  1.45911e-02
  5.76400e+01  2.25187e-02
  5.76600e+01  3.06525e-02
  5.76800e+01  3.30674e-02
  5.77000e+01  2.70370e-02
  5.77200e+01  1.47879e-02
  5.77400e+01  2.70294e-03
  5.77600e+01 -3.45299e-03
  5.77800e+01 -5.43161e-03
  5.78000e+01 -8.88172e-03
  5.78200e+01 -1.40741e-02
  5.78400e+01 -1.58643e-02
  5.78600e+01 -1.31687e-02
  5.78800e+01 -1.05589e-02
  5.79000e+01 -8.12086e-03
  5.79200e+01 -3.53481e-03
  5.79400e+01  3.99600e-04
  5.79600e+01  2.20221e-03
  5.79800e+01  3.30173e-03
  5.80000e+01  2.45540e-03
  5.80200e+01 -1.96599e-03
  5.80400e+01 -8.46410e-03
  5.80600e+01 -1.34655e-02
  5.80800e+01 -1.62340e-02
  5.81000e+01 -1.96339e-02
  5.81200e+01 -2.26066e-02
  5.81400e+01 -2.06857e-02
  5.81600e+01 -1.50224e-02
  5.81800e+01 -1.14687e-02
  5.82000e+01 -1.21327e-02
  5.82200e+01 -1.37754e-02
  5.82400e+01 -1.34389e-02
  5.82600e+01 -1.17722e-02
  5.82800e+01 -1.03768e-02
  5.83000e+01 -9.12865e-03
  5.83200e+01 -6.71979e-03
  5.83400e+01 -2.61973e-03
  5.83600e+01  8.85829e-04
  5.83800e+01  1.53049e-03
  5.84000e+01  1.49431e-03
  5.84200e+01  2.88675e-03
  5.84400e+01  3.83355e-03
  5.84600e+01  3.86647e-03
  5.84800e+01  4.62275e-03
  5.85000e+01  5.15087e-03
  5.85200e+01  4.20545e-03
  5.85400e+01  3.14818e-03
  5.85600e+01  2.50607e-03
  5.85800e+01  8.73227e-04
  5.86000e+01 -1.66292e-03
  5.86200e+01 -3.05966e-03
  5.86400e+01 -2.72539e-03
  5.86600e+01 -2.48163e-03
  5.86800e+01 -2.94373e-03
  5.87000e+01 -2.31895e-03
  5.87200e+01 -1.35181e-04
  5.87400e+01  1.64809e-03
  5.87600e+01  1.65510e-03
  5.87800e+01  5.21567e-04
  5.88000e+01 -2.29323e-04
  5.88200e+01  1.70297e-04
  5.88400e+01  5.93616e-04
  5.88600e+01 -3.82604e-04
  5.88800e+01 -1.72087e-03
  5.89000e+01 -1.62594e-03
  5.89200e+01 -6.23380e-04
  5.89400e+01 -7.03844e-05
  5.89600e+01  3.59874e-06
  5.89800e+01  2.16020e-04
  5.90000e+01  5.80605e-04
  5.90200e+01  4.09749e-04
  5.90400e+01 -3.71644e-04
  5.90600e+01 -7.70116e-04
  5.90800e+01 -4.12580e-04
  5.91000e+01 -9.89319e-05
  5.91200e+01 -3.26178e-04
  5.91400e+01 -6.13713e-04
  5.91600e+01 -3.39070e-04
  5.91800e+01  3.21794e-04
  5.92000e+01  6.92874e-04
  5.92200e+01  6.34820e-04
  5.92400e+01  5.30293e-04
  5.92600e+01  5.34241e-04
  5.92800e+01  4.64849e-04
  5.93000e+01  2.56224e-04
  5.93200e+01  1.10327e-04
  5.93400e+01  1.31661e-04
  5.93600e+01  2.14457e-04
  5.93800e+01  2.59614e-04
  5.94000e+01  2.14216e-04
  5.94200e+01  1.32955e-04
  5.94400e+01  1.43820e-04
  5.94600e+01  2.27289e-04
  5.94800e+01  2.69018e-04
  5.95000e+01  2.36993e-04
  5.95200e+01  1.85478e-04
  5.95400e+01  1.75851e-04
  5.95600e+01  1.95650e-04
  5.95800e+01  1.97301e-04
  5.96000e+01  1.82195e-04
  5.96200e+01  1.66173e-04
  5.96400e+01  1.47458e-04
  5.96600e+01  1.29137e-04
  5.96800e+01  1.12879e-04
  5.97000e+01  9.57059e-05
  5.97200e+01  8.14460e-05
  5.97400e+01  7.22019e-05
  5.97600e+01  6.34156e-05
  5.97800e+01  5.27152e-05
  5.98000e+01  4.14613e-05
  5.98200e+01  3.14039e-05
  5.98400e+01  2.30646e-05
  5.98600e+01  1.56983e-05
  5.98800e+01  8.74199e-06
  5.99000e+01  1.99711e-06
  5.99200e+01 -4.72249e-06
  5.99400e+01 -1.15959e-05
  5.99600e+01 -1.82672e-05
  5.99800e+01 -2.44234e-05
