0.000000000000000000e+00 0.000000000000000000e+00
2.000000000000000042e-02 -1.727460000000000107e-02
4.000000000000000083e-02 -1.088730000000000080e-02
5.999999999999999778e-02 -1.023149999999999928e-02
8.000000000000000167e-02 -9.464000000000000190e-03
1.000000000000000056e-01 -8.572540000000000021e-03
1.199999999999999956e-01 -7.543189999999999965e-03
1.400000000000000133e-01 -6.346450000000000008e-03
1.600000000000000033e-01 -4.986309999999999874e-03
1.799999999999999933e-01 -3.537370000000000184e-03
2.000000000000000111e-01 -2.108979999999999883e-03
2.200000000000000011e-01 -7.057530000000000444e-04
2.399999999999999911e-01 6.903719999999999692e-04
2.600000000000000089e-01 2.153609999999999813e-03
2.800000000000000266e-01 3.848269999999999989e-03
2.999999999999999889e-01 6.061119999999999702e-03
3.200000000000000067e-01 9.609990000000000546e-03
3.400000000000000244e-01 1.402259999999999965e-02
3.599999999999999867e-01 1.705869999999999956e-02
3.800000000000000044e-01 1.882659999999999889e-02
4.000000000000000222e-01 2.060479999999999950e-02
4.199999999999999845e-01 2.347590000000000093e-02
4.400000000000000022e-01 2.762200000000000072e-02
4.600000000000000200e-01 2.289209999999999856e-02
4.799999999999999822e-01 8.541959999999999484e-03
5.000000000000000000e-01 1.437989999999999928e-02
5.200000000000000178e-01 4.367569999999999786e-02
5.400000000000000355e-01 5.410229999999999900e-02
5.600000000000000533e-01 4.592439999999999717e-02
5.799999999999999600e-01 5.251170000000000143e-02
5.999999999999999778e-01 5.596990000000000298e-02
6.199999999999999956e-01 4.652099999999999985e-02
6.400000000000000133e-01 5.463699999999999807e-02
6.600000000000000311e-01 5.994010000000000310e-02
6.800000000000000488e-01 4.685260000000000119e-02
6.999999999999999556e-01 5.558620000000000227e-02
7.199999999999999734e-01 6.752239999999999631e-02
7.399999999999999911e-01 6.043369999999999992e-02
7.600000000000000089e-01 7.461539999999999839e-02
7.800000000000000266e-01 8.271720000000000461e-02
8.000000000000000444e-01 4.755310000000000092e-02
8.199999999999999512e-01 1.357990000000000065e-02
8.399999999999999689e-01 1.256690000000000064e-02
8.599999999999999867e-01 6.656960000000000655e-02
8.800000000000000044e-01 1.400879999999999903e-01
9.000000000000000222e-01 1.159990000000000049e-01
9.200000000000000400e-01 1.487909999999999927e-02
9.399999999999999467e-01 -4.483489999999999698e-02
9.599999999999999645e-01 -3.806380000000000180e-02
9.799999999999999822e-01 1.934589999999999921e-02
1.000000000000000000e+00 2.637250000000000011e-02
1.020000000000000018e+00 -9.512809999999999322e-02
1.040000000000000036e+00 -1.468089999999999951e-01
1.060000000000000053e+00 -2.203029999999999919e-02
1.080000000000000071e+00 3.551669999999999827e-02
1.100000000000000089e+00 1.464979999999999928e-02
1.120000000000000107e+00 6.087569999999999787e-02
1.139999999999999902e+00 1.924939999999999984e-02
1.159999999999999920e+00 -1.055539999999999951e-01
1.179999999999999938e+00 -1.215859999999999996e-01
1.199999999999999956e+00 -7.965369999999999395e-02
1.219999999999999973e+00 -4.851720000000000338e-02
1.239999999999999991e+00 2.138030000000000139e-02
1.260000000000000009e+00 1.238429999999999948e-01
1.280000000000000027e+00 1.624210000000000098e-01
1.300000000000000044e+00 3.477510000000000063e-03
1.320000000000000062e+00 -1.947780000000000067e-01
1.340000000000000080e+00 -1.379910000000000025e-01
1.360000000000000098e+00 7.468670000000000170e-03
1.379999999999999893e+00 -4.221479999999999677e-02
1.399999999999999911e+00 -1.956809999999999938e-01
1.419999999999999929e+00 -2.570899999999999852e-01
1.439999999999999947e+00 -1.943570000000000020e-01
1.459999999999999964e+00 -9.689989999999999715e-02
1.479999999999999982e+00 3.521780000000000049e-02
1.500000000000000000e+00 1.932580000000000131e-01
1.520000000000000018e+00 1.776739999999999986e-01
1.540000000000000036e+00 4.215309999999999890e-02
1.560000000000000053e+00 8.711299999999999599e-02
1.580000000000000071e+00 1.941309999999999980e-01
1.600000000000000089e+00 8.023819999999999564e-02
1.620000000000000107e+00 -1.020159999999999956e-01
1.639999999999999902e+00 -1.270920000000000105e-01
1.659999999999999920e+00 -5.587460000000000343e-02
1.679999999999999938e+00 2.120810000000000056e-02
1.699999999999999956e+00 2.861700000000000008e-02
1.719999999999999973e+00 -7.008109999999999340e-02
1.739999999999999991e+00 -1.431800000000000017e-01
1.760000000000000009e+00 -1.576889999999999958e-01
1.780000000000000027e+00 -1.282330000000000136e-01
1.800000000000000044e+00 -1.381160000000000027e-02
1.820000000000000062e+00 -8.588669999999999638e-02
1.840000000000000080e+00 -4.406829999999999914e-01
1.860000000000000098e+00 -6.408589999999999565e-01
1.879999999999999893e+00 -6.587640000000000162e-01
1.899999999999999911e+00 -8.322410000000000085e-01
1.919999999999999929e+00 -1.036960000000000104e+00
1.939999999999999947e+00 -1.033339999999999925e+00
1.959999999999999964e+00 -8.348079999999999945e-01
1.979999999999999982e+00 -5.734219999999999873e-01
2.000000000000000000e+00 -4.950600000000000001e-01
2.020000000000000018e+00 -6.317089999999999650e-01
2.040000000000000036e+00 -6.768929999999999669e-01
2.060000000000000053e+00 -4.451169999999999849e-01
2.080000000000000071e+00 9.979830000000000645e-02
2.100000000000000089e+00 9.971569999999999601e-01
2.120000000000000107e+00 1.758170000000000011e+00
2.140000000000000124e+00 1.364279999999999937e+00
2.160000000000000142e+00 -2.090519999999999878e-01
2.180000000000000160e+00 -1.410709999999999908e+00
2.200000000000000178e+00 -1.119739999999999958e+00
2.220000000000000195e+00 -7.736439999999999984e-02
2.240000000000000213e+00 5.088449999999999918e-01
2.259999999999999787e+00 5.616659999999999986e-01
2.279999999999999805e+00 5.990379999999999594e-01
2.299999999999999822e+00 7.725980000000000070e-01
2.319999999999999840e+00 1.042980000000000018e+00
2.339999999999999858e+00 1.184679999999999955e+00
2.359999999999999876e+00 7.922400000000000553e-01
2.379999999999999893e+00 1.906650000000000011e-01
2.399999999999999911e+00 1.294389999999999985e-01
2.419999999999999929e+00 4.310910000000000020e-01
2.439999999999999947e+00 5.068279999999999452e-01
2.459999999999999964e+00 3.851849999999999996e-01
2.479999999999999982e+00 1.923729999999999885e-01
2.500000000000000000e+00 -7.530679999999999319e-02
2.520000000000000018e+00 -4.582050000000000012e-02
2.540000000000000036e+00 5.529669999999999863e-01
2.560000000000000053e+00 1.293809999999999905e+00
2.580000000000000071e+00 1.665510000000000046e+00
2.600000000000000089e+00 1.555930000000000035e+00
2.620000000000000107e+00 9.948230000000000128e-01
2.640000000000000124e+00 2.843669999999999809e-01
2.660000000000000142e+00 2.408079999999999943e-02
2.680000000000000160e+00 3.170999999999999930e-01
2.700000000000000178e+00 6.240850000000000009e-01
2.720000000000000195e+00 6.882040000000000379e-01
2.740000000000000213e+00 6.373060000000000391e-01
2.759999999999999787e+00 3.546799999999999953e-01
2.779999999999999805e+00 -1.487960000000000116e-01
2.799999999999999822e+00 -4.277230000000000198e-01
2.819999999999999840e+00 -4.099419999999999731e-01
2.839999999999999858e+00 -5.217760000000000176e-01
2.859999999999999876e+00 -9.203869999999999552e-01
2.879999999999999893e+00 -1.297180000000000000e+00
2.899999999999999911e+00 -1.243030000000000079e+00
2.919999999999999929e+00 -8.314340000000000064e-01
2.939999999999999947e+00 -6.966830000000000522e-01
2.959999999999999964e+00 -1.081329999999999902e+00
2.979999999999999982e+00 -1.485460000000000003e+00
3.000000000000000000e+00 -1.499209999999999932e+00
3.020000000000000018e+00 -1.180600000000000094e+00
3.040000000000000036e+00 -8.833400000000000141e-01
3.060000000000000053e+00 -1.024869999999999948e+00
3.080000000000000071e+00 -1.395440000000000014e+00
3.100000000000000089e+00 -1.243570000000000064e+00
3.120000000000000107e+00 -5.800279999999999880e-01
3.140000000000000124e+00 -3.810639999999999861e-02
3.160000000000000142e+00 4.312730000000000175e-01
3.180000000000000160e+00 1.042249999999999899e+00
3.200000000000000178e+00 1.335280000000000022e+00
3.220000000000000195e+00 1.132579999999999920e+00
3.240000000000000213e+00 9.709550000000000125e-01
3.259999999999999787e+00 1.119709999999999983e+00
3.279999999999999805e+00 1.310810000000000031e+00
3.299999999999999822e+00 1.333739999999999926e+00
3.319999999999999840e+00 1.189659999999999940e+00
3.339999999999999858e+00 9.167560000000000153e-01
3.359999999999999876e+00 5.984300000000000175e-01
3.379999999999999893e+00 2.650500000000000078e-01
3.399999999999999911e+00 -1.784370000000000123e-01
3.419999999999999929e+00 -6.290660000000000140e-01
3.439999999999999947e+00 -8.075529999999999653e-01
3.459999999999999964e+00 -7.332269999999999621e-01
3.479999999999999982e+00 -6.042009999999999881e-01
3.500000000000000000e+00 -4.226759999999999962e-01
3.520000000000000018e+00 -1.375470000000000026e-01
3.540000000000000036e+00 1.379090000000000038e-01
3.560000000000000053e+00 1.079709999999999975e-01
3.580000000000000071e+00 -3.663549999999999862e-01
3.600000000000000089e+00 -7.550390000000000157e-01
3.620000000000000107e+00 -4.814289999999999958e-01
3.640000000000000124e+00 1.538540000000000046e-02
3.660000000000000142e+00 6.204330000000000261e-02
3.680000000000000160e+00 -1.484930000000000139e-01
3.700000000000000178e+00 -2.935380000000000211e-01
3.720000000000000195e+00 -4.220030000000000170e-01
3.740000000000000213e+00 -3.901149999999999896e-01
3.759999999999999787e+00 -3.041440000000000116e-02
3.779999999999999805e+00 4.144149999999999778e-01
3.799999999999999822e+00 5.823350000000000470e-01
3.819999999999999840e+00 4.438849999999999740e-01
3.839999999999999858e+00 3.235839999999999828e-01
3.859999999999999876e+00 3.560710000000000264e-01
3.879999999999999893e+00 2.556700000000000084e-01
3.899999999999999911e+00 -1.206440000000000012e-01
3.919999999999999929e+00 -4.720179999999999931e-01
3.939999999999999947e+00 -4.558409999999999962e-01
3.959999999999999964e+00 -2.068149999999999988e-01
3.979999999999999982e+00 -1.536079999999999945e-01
4.000000000000000000e+00 -1.935719999999999941e-01
4.019999999999999574e+00 1.354339999999999988e-01
4.040000000000000036e+00 6.622350000000000181e-01
4.059999999999999609e+00 8.606260000000000021e-01
4.080000000000000071e+00 7.600310000000000121e-01
4.099999999999999645e+00 6.986369999999999525e-01
4.120000000000000107e+00 7.069569999999999466e-01
4.139999999999999680e+00 7.527650000000000174e-01
4.160000000000000142e+00 1.050929999999999920e+00
4.179999999999999716e+00 1.445500000000000007e+00
4.200000000000000178e+00 1.236809999999999965e+00
4.219999999999999751e+00 3.338659999999999961e-01
4.240000000000000213e+00 -6.012739999999999752e-01
4.259999999999999787e+00 -1.292210000000000081e+00
4.280000000000000249e+00 -1.772820000000000062e+00
4.299999999999999822e+00 -1.834989999999999899e+00
4.320000000000000284e+00 -1.471349999999999936e+00
4.339999999999999858e+00 -1.027809999999999890e+00
4.360000000000000320e+00 -6.843439999999999523e-01
4.379999999999999893e+00 -3.571659999999999835e-01
4.400000000000000355e+00 -1.237189999999999956e-01
4.419999999999999929e+00 -1.750549999999999884e-01
4.440000000000000391e+00 -2.572949999999999959e-01
4.459999999999999964e+00 -4.522469999999999962e-02
4.480000000000000426e+00 1.840090000000000059e-01
4.500000000000000000e+00 2.306620000000000059e-01
4.519999999999999574e+00 4.089459999999999762e-01
4.540000000000000036e+00 7.021619999999999528e-01
4.559999999999999609e+00 6.873799999999999910e-01
4.580000000000000071e+00 3.939139999999999864e-01
4.599999999999999645e+00 2.371169999999999944e-01
4.620000000000000107e+00 3.249340000000000006e-01
4.639999999999999680e+00 4.483519999999999728e-01
4.660000000000000142e+00 4.330769999999999897e-01
4.679999999999999716e+00 2.378280000000000116e-01
4.700000000000000178e+00 -1.368089999999999862e-01
4.719999999999999751e+00 -6.965890000000000137e-01
4.740000000000000213e+00 -1.217030000000000056e+00
4.759999999999999787e+00 -1.300059999999999993e+00
4.780000000000000249e+00 -8.905140000000000278e-01
4.799999999999999822e+00 -2.718909999999999938e-01
4.820000000000000284e+00 2.285119999999999929e-01
4.839999999999999858e+00 4.090139999999999887e-01
4.860000000000000320e+00 3.873670000000000169e-01
4.879999999999999893e+00 2.008149999999999935e-01
4.900000000000000355e+00 -3.130600000000000049e-01
4.919999999999999929e+00 -7.527530000000000054e-01
4.940000000000000391e+00 -5.844380000000000130e-01
4.959999999999999964e+00 -1.249790000000000068e-01
4.980000000000000426e+00 1.679759999999999864e-01
5.000000000000000000e+00 4.147089999999999943e-01
5.019999999999999574e+00 7.530529999999999724e-01
5.040000000000000036e+00 1.009989999999999943e+00
5.059999999999999609e+00 1.004629999999999912e+00
5.080000000000000071e+00 8.313760000000000039e-01
5.099999999999999645e+00 6.685750000000000304e-01
5.120000000000000107e+00 4.133109999999999840e-01
5.139999999999999680e+00 7.307510000000000394e-02
5.160000000000000142e+00 -4.567059999999999870e-02
5.179999999999999716e+00 -9.331459999999999755e-02
5.200000000000000178e+00 -4.470109999999999917e-01
5.219999999999999751e+00 -7.822750000000000536e-01
5.240000000000000213e+00 -6.631660000000000332e-01
5.259999999999999787e+00 -3.737019999999999786e-01
5.280000000000000249e+00 -2.960940000000000238e-01
5.299999999999999822e+00 -3.380909999999999749e-01
5.320000000000000284e+00 -2.999580000000000024e-01
5.339999999999999858e+00 -1.256899999999999962e-01
5.360000000000000320e+00 1.180729999999999974e-01
5.379999999999999893e+00 2.496670000000000000e-01
5.400000000000000355e+00 2.561660000000000048e-01
5.419999999999999929e+00 3.118920000000000026e-01
5.440000000000000391e+00 3.837240000000000095e-01
5.459999999999999964e+00 3.719089999999999896e-01
5.480000000000000426e+00 3.199210000000000109e-01
5.500000000000000000e+00 1.791040000000000132e-01
5.519999999999999574e+00 -5.248209999999999681e-02
5.540000000000000036e+00 -2.091280000000000083e-01
5.559999999999999609e+00 -2.664179999999999882e-01
5.580000000000000071e+00 -2.402269999999999961e-01
5.599999999999999645e+00 -2.123080000000000106e-02
5.620000000000000107e+00 2.956889999999999796e-01
5.639999999999999680e+00 3.541290000000000271e-01
5.660000000000000142e+00 4.796979999999999994e-02
5.679999999999999716e+00 -2.428130000000000011e-01
5.700000000000000178e+00 -2.544790000000000108e-01
5.719999999999999751e+00 -2.082869999999999999e-01
5.740000000000000213e+00 -1.991590000000000027e-01
5.759999999999999787e+00 -1.077929999999999999e-01
5.780000000000000249e+00 -1.541559999999999875e-01
5.799999999999999822e+00 -4.956050000000000177e-01
5.820000000000000284e+00 -8.061620000000000452e-01
5.839999999999999858e+00 -8.812449999999999450e-01
5.860000000000000320e+00 -8.482070000000000443e-01
5.879999999999999893e+00 -7.495330000000000048e-01
5.900000000000000355e+00 -5.602620000000000378e-01
5.919999999999999929e+00 -3.279400000000000093e-01
5.940000000000000391e+00 -4.693819999999999937e-02
5.959999999999999964e+00 2.602780000000000094e-01
5.980000000000000426e+00 4.448799999999999977e-01
6.000000000000000000e+00 4.956889999999999907e-01
6.019999999999999574e+00 5.698339999999999517e-01
6.040000000000000036e+00 6.622200000000000308e-01
6.059999999999999609e+00 6.472179999999999600e-01
6.080000000000000071e+00 5.438979999999999926e-01
6.099999999999999645e+00 4.723939999999999806e-01
6.120000000000000107e+00 5.342400000000000482e-01
6.139999999999999680e+00 7.308339999999999836e-01
6.160000000000000142e+00 9.082130000000000480e-01
6.179999999999999716e+00 9.830950000000000522e-01
6.200000000000000178e+00 1.023810000000000109e+00
6.219999999999999751e+00 9.604310000000000347e-01
6.240000000000000213e+00 7.304749999999999854e-01
6.259999999999999787e+00 4.960829999999999962e-01
6.280000000000000249e+00 1.825050000000000006e-01
6.299999999999999822e+00 -4.749800000000000133e-01
6.320000000000000284e+00 -1.137960000000000083e+00
6.339999999999999858e+00 -1.138570000000000082e+00
6.360000000000000320e+00 -6.502999999999999892e-01
6.379999999999999893e+00 -4.824419999999999820e-01
6.400000000000000355e+00 -6.923650000000000082e-01
6.419999999999999929e+00 -6.862719999999999931e-01
6.440000000000000391e+00 -4.275809999999999889e-01
6.459999999999999964e+00 -2.103659999999999974e-01
6.480000000000000426e+00 -2.833589999999999980e-03
6.500000000000000000e+00 1.861319999999999919e-01
6.519999999999999574e+00 2.803220000000000156e-01
6.540000000000000036e+00 4.172799999999999843e-01
6.559999999999999609e+00 5.977170000000000538e-01
6.580000000000000071e+00 5.858809999999999851e-01
6.599999999999999645e+00 3.364779999999999993e-01
6.620000000000000107e+00 6.512600000000000333e-02
6.639999999999999680e+00 -7.272389999999999410e-02
6.660000000000000142e+00 -1.086789999999999978e-01
6.679999999999999716e+00 -8.959809999999999997e-02
6.700000000000000178e+00 -3.860410000000000230e-02
6.719999999999999751e+00 -1.099920000000000064e-01
6.740000000000000213e+00 -4.154840000000000200e-01
6.759999999999999787e+00 -7.213810000000000500e-01
6.780000000000000249e+00 -7.770510000000000472e-01
6.799999999999999822e+00 -7.169950000000000490e-01
6.820000000000000284e+00 -6.655839999999999534e-01
6.839999999999999858e+00 -4.443230000000000235e-01
6.860000000000000320e+00 -5.141479999999999662e-02
6.879999999999999893e+00 2.178150000000000086e-01
6.900000000000000355e+00 3.004589999999999761e-01
6.919999999999999929e+00 3.560450000000000004e-01
6.940000000000000391e+00 2.979189999999999894e-01
6.959999999999999964e+00 -1.561560000000000031e-03
6.980000000000000426e+00 -2.785329999999999750e-01
7.000000000000000000e+00 -2.998080000000000189e-01
7.019999999999999574e+00 -2.778089999999999726e-01
7.040000000000000036e+00 -3.373780000000000112e-01
7.059999999999999609e+00 -2.987520000000000175e-01
7.080000000000000071e+00 -2.032589999999999952e-01
7.099999999999999645e+00 -1.874260000000000093e-01
7.120000000000000107e+00 -8.978410000000000557e-02
7.139999999999999680e+00 1.826369999999999938e-01
7.160000000000000142e+00 4.560239999999999849e-01
7.179999999999999716e+00 6.452379999999999782e-01
7.200000000000000178e+00 8.051160000000000538e-01
7.219999999999999751e+00 9.363799999999999901e-01
7.240000000000000213e+00 1.007640000000000091e+00
7.259999999999999787e+00 1.016669999999999963e+00
7.280000000000000249e+00 9.396750000000000380e-01
7.299999999999999822e+00 7.329400000000000359e-01
7.320000000000000284e+00 4.113689999999999847e-01
7.339999999999999858e+00 7.768990000000000617e-02
7.360000000000000320e+00 -1.455049999999999955e-01
7.379999999999999893e+00 -2.549969999999999737e-01
7.400000000000000355e+00 -3.968530000000000113e-01
7.419999999999999929e+00 -6.628420000000000423e-01
7.440000000000000391e+00 -9.526250000000000551e-01
7.459999999999999964e+00 -1.150879999999999903e+00
7.480000000000000426e+00 -1.305399999999999894e+00
7.500000000000000000e+00 -1.492220000000000102e+00
7.519999999999999574e+00 -1.607499999999999929e+00
7.540000000000000036e+00 -1.441019999999999968e+00
7.559999999999999609e+00 -9.449549999999999894e-01
7.580000000000000071e+00 -3.091160000000000019e-01
7.599999999999999645e+00 2.594870000000000232e-01
7.620000000000000107e+00 7.033300000000000107e-01
7.639999999999999680e+00 1.037570000000000103e+00
7.660000000000000142e+00 1.255449999999999955e+00
7.679999999999999716e+00 1.345900000000000096e+00
7.700000000000000178e+00 1.319870000000000099e+00
7.719999999999999751e+00 1.215789999999999926e+00
7.740000000000000213e+00 1.074389999999999956e+00
7.759999999999999787e+00 9.015130000000000088e-01
7.780000000000000249e+00 7.679169999999999607e-01
7.799999999999999822e+00 8.007830000000000226e-01
7.820000000000000284e+00 8.701870000000000438e-01
7.839999999999999858e+00 6.744750000000000467e-01
7.860000000000000320e+00 2.358020000000000116e-01
7.879999999999999893e+00 -2.104119999999999879e-01
7.900000000000000355e+00 -6.530730000000000146e-01
7.919999999999999929e+00 -1.200550000000000006e+00
7.940000000000000391e+00 -1.766729999999999912e+00
7.959999999999999964e+00 -2.098139999999999894e+00
7.980000000000000426e+00 -2.085100000000000176e+00
8.000000000000000000e+00 -1.858670000000000044e+00
8.019999999999999574e+00 -1.488830000000000098e+00
8.039999999999999147e+00 -9.346149999999999736e-01
8.060000000000000497e+00 -3.118540000000000201e-01
8.080000000000000071e+00 1.970349999999999879e-01
8.099999999999999645e+00 5.713489999999999958e-01
8.119999999999999218e+00 8.431300000000000461e-01
8.140000000000000568e+00 9.913220000000000365e-01
8.160000000000000142e+00 1.038310000000000066e+00
8.179999999999999716e+00 1.046019999999999950e+00
8.199999999999999289e+00 1.007579999999999920e+00
8.220000000000000639e+00 8.991299999999999848e-01
8.240000000000000213e+00 7.757629999999999804e-01
8.259999999999999787e+00 6.611869999999999692e-01
8.279999999999999361e+00 5.071839999999999682e-01
8.300000000000000711e+00 3.712139999999999884e-01
8.320000000000000284e+00 3.518870000000000053e-01
8.339999999999999858e+00 3.758250000000000202e-01
8.359999999999999432e+00 3.205839999999999801e-01
8.380000000000000782e+00 1.959370000000000001e-01
8.400000000000000355e+00 9.588199999999999501e-02
8.419999999999999929e+00 6.936309999999999698e-02
8.439999999999999503e+00 1.233129999999999990e-02
8.460000000000000853e+00 -2.278100000000000125e-01
8.480000000000000426e+00 -6.544389999999999930e-01
8.500000000000000000e+00 -1.133029999999999982e+00
8.519999999999999574e+00 -1.436090000000000089e+00
8.539999999999999147e+00 -1.392810000000000104e+00
8.560000000000000497e+00 -1.169200000000000017e+00
8.580000000000000071e+00 -1.034249999999999892e+00
8.599999999999999645e+00 -9.217689999999999495e-01
8.619999999999999218e+00 -6.607739999999999725e-01
8.640000000000000568e+00 -2.815710000000000157e-01
8.660000000000000142e+00 1.786649999999999905e-01
8.679999999999999716e+00 7.092199999999999616e-01
8.699999999999999289e+00 1.128800000000000026e+00
8.720000000000000639e+00 1.266799999999999926e+00
8.740000000000000213e+00 1.234709999999999974e+00
8.759999999999999787e+00 1.205600000000000005e+00
8.779999999999999361e+00 1.098489999999999966e+00
8.800000000000000711e+00 7.354540000000000521e-01
8.820000000000000284e+00 1.833309999999999940e-01
8.839999999999999858e+00 -2.722530000000000228e-01
8.859999999999999432e+00 -4.776279999999999970e-01
8.880000000000000782e+00 -5.148540000000000338e-01
8.900000000000000355e+00 -4.586399999999999921e-01
8.919999999999999929e+00 -3.520590000000000108e-01
8.939999999999999503e+00 -3.285359999999999947e-01
8.960000000000000853e+00 -4.218439999999999968e-01
8.980000000000000426e+00 -4.748100000000000098e-01
9.000000000000000000e+00 -4.174220000000000153e-01
9.019999999999999574e+00 -3.335589999999999944e-01
9.039999999999999147e+00 -2.451029999999999875e-01
9.060000000000000497e+00 -1.106779999999999986e-01
9.080000000000000071e+00 1.748069999999999832e-02
9.099999999999999645e+00 3.592279999999999779e-02
9.119999999999999218e+00 -3.495120000000000171e-02
9.140000000000000568e+00 -8.150810000000000000e-02
9.160000000000000142e+00 -9.925810000000000188e-02
9.179999999999999716e+00 -1.698230000000000017e-01
9.199999999999999289e+00 -2.778919999999999724e-01
9.220000000000000639e+00 -3.364559999999999773e-01
9.240000000000000213e+00 -2.904430000000000067e-01
9.259999999999999787e+00 -1.337109999999999965e-01
9.279999999999999361e+00 6.177760000000000196e-02
9.300000000000000711e+00 2.254859999999999920e-01
9.320000000000000284e+00 3.998280000000000167e-01
9.339999999999999858e+00 6.013540000000000552e-01
9.359999999999999432e+00 7.337949999999999751e-01
9.380000000000000782e+00 7.705659999999999732e-01
9.400000000000000355e+00 7.883919999999999817e-01
9.419999999999999929e+00 8.032679999999999820e-01
9.439999999999999503e+00 7.734290000000000331e-01
9.460000000000000853e+00 7.143450000000000077e-01
9.480000000000000426e+00 6.621599999999999708e-01
9.500000000000000000e+00 5.561840000000000117e-01
9.519999999999999574e+00 3.078350000000000253e-01
9.539999999999999147e+00 -1.442779999999999931e-02
9.560000000000000497e+00 -2.481460000000000055e-01
9.580000000000000071e+00 -3.632989999999999831e-01
9.599999999999999645e+00 -4.300700000000000078e-01
9.619999999999999218e+00 -4.259450000000000180e-01
9.640000000000000568e+00 -2.703740000000000032e-01
9.660000000000000142e+00 5.202280000000000099e-03
9.679999999999999716e+00 2.526050000000000240e-01
9.699999999999999289e+00 3.324690000000000145e-01
9.720000000000000639e+00 2.162129999999999885e-01
9.740000000000000213e+00 -4.120799999999999984e-03
9.759999999999999787e+00 -2.370130000000000015e-01
9.779999999999999361e+00 -4.807109999999999994e-01
9.800000000000000711e+00 -7.107449999999999601e-01
9.820000000000000284e+00 -8.135210000000000496e-01
9.839999999999999858e+00 -7.650179999999999758e-01
9.859999999999999432e+00 -6.987309999999999910e-01
9.880000000000000782e+00 -6.871979999999999755e-01
9.900000000000000355e+00 -6.742299999999999960e-01
9.919999999999999929e+00 -6.383100000000000440e-01
9.939999999999999503e+00 -5.799250000000000238e-01
9.960000000000000853e+00 -4.349040000000000128e-01
9.980000000000000426e+00 -1.836839999999999862e-01
1.000000000000000000e+01 8.745400000000000396e-02
1.001999999999999957e+01 3.000209999999999821e-01
1.003999999999999915e+01 4.579969999999999875e-01
1.006000000000000050e+01 6.015110000000000179e-01
1.008000000000000007e+01 7.157189999999999941e-01
1.009999999999999964e+01 7.370510000000000117e-01
1.011999999999999922e+01 6.537260000000000293e-01
1.014000000000000057e+01 5.026380000000000292e-01
1.016000000000000014e+01 3.106320000000000192e-01
1.017999999999999972e+01 1.062700000000000033e-01
1.019999999999999929e+01 -1.001579999999999970e-01
1.022000000000000064e+01 -2.972890000000000255e-01
1.024000000000000021e+01 -3.878280000000000061e-01
1.025999999999999979e+01 -3.059209999999999985e-01
1.027999999999999936e+01 -1.627820000000000100e-01
1.030000000000000071e+01 -8.948910000000000198e-02
1.032000000000000028e+01 -8.058899999999999397e-02
1.033999999999999986e+01 -7.101979999999999404e-02
1.035999999999999943e+01 -1.886579999999999854e-02
1.038000000000000078e+01 7.799549999999999539e-02
1.040000000000000036e+01 1.710230000000000083e-01
1.041999999999999993e+01 2.099459999999999937e-01
1.043999999999999950e+01 2.082549999999999957e-01
1.046000000000000085e+01 1.877900000000000125e-01
1.048000000000000043e+01 1.007620000000000043e-01
1.050000000000000000e+01 -9.768010000000000581e-02
1.051999999999999957e+01 -3.500789999999999735e-01
1.053999999999999915e+01 -5.240979999999999528e-01
1.056000000000000050e+01 -5.360610000000000097e-01
1.058000000000000007e+01 -4.411829999999999918e-01
1.059999999999999964e+01 -3.453410000000000091e-01
1.061999999999999922e+01 -2.763630000000000253e-01
1.064000000000000057e+01 -2.189580000000000137e-01
1.066000000000000014e+01 -1.620649999999999868e-01
1.067999999999999972e+01 -6.639409999999999756e-02
1.069999999999999929e+01 9.850580000000000447e-02
1.072000000000000064e+01 2.813519999999999910e-01
1.074000000000000021e+01 3.945520000000000138e-01
1.075999999999999979e+01 4.225740000000000052e-01
1.077999999999999936e+01 4.154450000000000087e-01
1.080000000000000071e+01 3.854369999999999741e-01
1.082000000000000028e+01 3.191890000000000005e-01
1.083999999999999986e+01 2.737029999999999741e-01
1.085999999999999943e+01 3.160310000000000064e-01
1.088000000000000078e+01 4.099659999999999971e-01
1.090000000000000036e+01 4.654809999999999781e-01
1.091999999999999993e+01 4.226860000000000062e-01
1.093999999999999950e+01 2.525000000000000022e-01
1.096000000000000085e+01 -2.454980000000000009e-02
1.098000000000000043e+01 -2.889570000000000194e-01
1.100000000000000000e+01 -4.073829999999999951e-01
1.101999999999999957e+01 -3.929679999999999840e-01
1.103999999999999915e+01 -3.231200000000000183e-01
1.106000000000000050e+01 -1.856820000000000137e-01
1.108000000000000007e+01 3.772229999999999897e-04
1.109999999999999964e+01 1.189209999999999989e-01
1.111999999999999922e+01 1.164729999999999932e-01
1.114000000000000057e+01 3.481209999999999860e-02
1.116000000000000014e+01 -5.782410000000000327e-02
1.117999999999999972e+01 -9.120559999999999778e-02
1.119999999999999929e+01 -5.152500000000000135e-02
1.122000000000000064e+01 1.508520000000000000e-02
1.124000000000000021e+01 6.574220000000000064e-02
1.125999999999999979e+01 7.002629999999999966e-02
1.127999999999999936e+01 1.933620000000000130e-02
1.130000000000000071e+01 -5.228759999999999658e-02
1.132000000000000028e+01 -9.868839999999999557e-02
1.133999999999999986e+01 -1.018840000000000023e-01
1.135999999999999943e+01 -6.936649999999999761e-02
1.138000000000000078e+01 -3.727509999999999851e-03
1.140000000000000036e+01 8.757470000000000532e-02
1.141999999999999993e+01 1.591519999999999879e-01
1.143999999999999950e+01 1.761429999999999940e-01
1.146000000000000085e+01 1.853700000000000070e-01
1.148000000000000043e+01 2.486379999999999979e-01
1.150000000000000000e+01 3.275029999999999886e-01
1.151999999999999957e+01 3.454800000000000093e-01
1.153999999999999915e+01 2.933970000000000189e-01
1.156000000000000050e+01 1.675540000000000085e-01
1.158000000000000007e+01 -3.373310000000000197e-02
1.159999999999999964e+01 -2.333909999999999874e-01
1.161999999999999922e+01 -3.867749999999999799e-01
1.164000000000000057e+01 -5.335509999999999975e-01
1.166000000000000014e+01 -6.484820000000000029e-01
1.167999999999999972e+01 -6.698479999999999990e-01
1.169999999999999929e+01 -6.141820000000000057e-01
1.172000000000000064e+01 -5.048399999999999554e-01
1.174000000000000021e+01 -3.507660000000000222e-01
1.175999999999999979e+01 -2.096379999999999910e-01
1.177999999999999936e+01 -1.197690000000000005e-01
1.180000000000000071e+01 -4.758090000000000236e-02
1.182000000000000028e+01 3.111320000000000058e-02
1.183999999999999986e+01 9.971839999999999871e-02
1.185999999999999943e+01 1.633749999999999925e-01
1.188000000000000078e+01 2.609330000000000260e-01
1.190000000000000036e+01 4.123720000000000163e-01
1.191999999999999993e+01 5.922490000000000254e-01
1.193999999999999950e+01 7.373669999999999947e-01
1.196000000000000085e+01 7.873649999999999816e-01
1.198000000000000043e+01 7.297439999999999483e-01
1.200000000000000000e+01 5.740680000000000227e-01
1.201999999999999957e+01 3.442029999999999812e-01
1.203999999999999915e+01 1.204910000000000009e-01
1.206000000000000050e+01 -1.462130000000000027e-02
1.208000000000000007e+01 -6.375949999999999673e-02
1.209999999999999964e+01 -1.036649999999999933e-01
1.211999999999999922e+01 -2.060250000000000137e-01
1.214000000000000057e+01 -3.618350000000000177e-01
1.216000000000000014e+01 -5.248230000000000395e-01
1.217999999999999972e+01 -6.918950000000000378e-01
1.219999999999999929e+01 -8.381849999999999579e-01
1.222000000000000064e+01 -8.857159999999999478e-01
1.224000000000000021e+01 -8.075670000000000348e-01
1.225999999999999979e+01 -6.280520000000000547e-01
1.227999999999999936e+01 -3.679470000000000240e-01
1.230000000000000071e+01 -9.995709999999999318e-02
1.232000000000000028e+01 8.183010000000000284e-02
1.233999999999999986e+01 1.783200000000000063e-01
1.235999999999999943e+01 2.308929999999999871e-01
1.238000000000000078e+01 2.359499999999999931e-01
1.240000000000000036e+01 1.991610000000000047e-01
1.241999999999999993e+01 1.633539999999999992e-01
1.243999999999999950e+01 1.742759999999999865e-01
1.246000000000000085e+01 2.551889999999999992e-01
1.248000000000000043e+01 3.848210000000000242e-01
1.250000000000000000e+01 5.124560000000000226e-01
1.251999999999999957e+01 5.797400000000000331e-01
1.253999999999999915e+01 5.362550000000000372e-01
1.256000000000000050e+01 3.999489999999999990e-01
1.258000000000000007e+01 2.556419999999999804e-01
1.259999999999999964e+01 1.554909999999999903e-01
1.261999999999999922e+01 9.660950000000000093e-02
1.264000000000000057e+01 7.281980000000000397e-02
1.266000000000000014e+01 6.432730000000000392e-02
1.267999999999999972e+01 2.508399999999999866e-02
1.269999999999999929e+01 -6.153859999999999886e-02
1.272000000000000064e+01 -1.514389999999999903e-01
1.274000000000000021e+01 -1.921470000000000122e-01
1.275999999999999979e+01 -1.861299999999999899e-01
1.277999999999999936e+01 -1.646930000000000061e-01
1.280000000000000071e+01 -1.226730000000000043e-01
1.282000000000000028e+01 -5.403349999999999820e-02
1.283999999999999986e+01 -7.477339999999999855e-03
1.285999999999999943e+01 -2.042419999999999999e-02
1.288000000000000078e+01 -6.143309999999999743e-02
1.290000000000000036e+01 -8.910139999999999727e-02
1.291999999999999993e+01 -9.549349999999999505e-02
1.293999999999999950e+01 -8.310750000000000082e-02
1.296000000000000085e+01 -5.881349999999999772e-02
1.298000000000000043e+01 -4.312780000000000086e-02
1.300000000000000000e+01 -7.035940000000000250e-02
1.301999999999999957e+01 -1.648199999999999943e-01
1.303999999999999915e+01 -2.770980000000000110e-01
1.306000000000000050e+01 -2.965189999999999770e-01
1.308000000000000007e+01 -1.795930000000000026e-01
1.309999999999999964e+01 -2.485849999999999952e-03
1.311999999999999922e+01 1.326920000000000044e-01
1.314000000000000057e+01 1.951739999999999864e-01
1.316000000000000014e+01 2.142969999999999875e-01
1.317999999999999972e+01 1.974970000000000059e-01
1.319999999999999929e+01 1.245190000000000047e-01
1.322000000000000064e+01 1.273640000000000015e-02
1.324000000000000021e+01 -9.812460000000000626e-02
1.325999999999999979e+01 -1.814659999999999884e-01
1.327999999999999936e+01 -1.941360000000000030e-01
1.330000000000000071e+01 -1.225109999999999949e-01
1.332000000000000028e+01 -4.490190000000000153e-02
1.333999999999999986e+01 -2.643619999999999998e-02
1.335999999999999943e+01 -3.272610000000000102e-02
1.338000000000000078e+01 -2.538999999999999937e-02
1.340000000000000036e+01 -3.398679999999999757e-02
1.341999999999999993e+01 -7.574509999999999577e-02
1.343999999999999950e+01 -9.373149999999999538e-02
1.346000000000000085e+01 -4.214470000000000022e-02
1.348000000000000043e+01 5.343479999999999758e-02
1.350000000000000000e+01 1.567350000000000132e-01
1.351999999999999957e+01 2.289720000000000089e-01
1.353999999999999915e+01 2.233759999999999912e-01
1.356000000000000050e+01 1.584730000000000028e-01
1.358000000000000007e+01 8.867160000000000319e-02
1.359999999999999964e+01 1.385280000000000018e-02
1.361999999999999922e+01 -8.043909999999999949e-02
1.364000000000000057e+01 -1.750609999999999944e-01
1.366000000000000014e+01 -2.368800000000000072e-01
1.367999999999999972e+01 -2.170259999999999967e-01
1.369999999999999929e+01 -1.034739999999999965e-01
1.372000000000000064e+01 1.151379999999999938e-02
1.374000000000000021e+01 4.537669999999999898e-02
1.375999999999999979e+01 2.756810000000000163e-02
1.377999999999999936e+01 -2.324350000000000027e-02
1.380000000000000071e+01 -1.327270000000000116e-01
1.382000000000000028e+01 -2.329019999999999979e-01
1.383999999999999986e+01 -2.229679999999999995e-01
1.385999999999999943e+01 -1.311799999999999911e-01
1.388000000000000078e+01 -4.661330000000000334e-02
1.390000000000000036e+01 1.399259999999999914e-02
1.391999999999999993e+01 8.574439999999999840e-02
1.393999999999999950e+01 1.714590000000000003e-01
1.396000000000000085e+01 2.247790000000000066e-01
1.398000000000000043e+01 2.184280000000000110e-01
1.400000000000000000e+01 1.783929999999999960e-01
1.401999999999999957e+01 1.306839999999999946e-01
1.403999999999999915e+01 7.695330000000000226e-02
1.406000000000000050e+01 2.127350000000000074e-02
1.408000000000000007e+01 -1.377199999999999952e-02
1.409999999999999964e+01 2.122719999999999815e-03
1.411999999999999922e+01 6.316149999999999542e-02
1.414000000000000057e+01 1.250819999999999987e-01
1.416000000000000014e+01 1.684569999999999956e-01
1.417999999999999972e+01 1.994319999999999982e-01
1.419999999999999929e+01 2.055480000000000085e-01
1.422000000000000064e+01 1.873249999999999915e-01
1.424000000000000021e+01 1.784149999999999903e-01
1.425999999999999979e+01 1.795829999999999926e-01
1.427999999999999936e+01 1.523200000000000109e-01
1.430000000000000071e+01 9.163519999999999999e-02
1.432000000000000028e+01 1.959649999999999934e-02
1.433999999999999986e+01 -5.877559999999999729e-02
1.435999999999999943e+01 -1.303350000000000064e-01
1.438000000000000078e+01 -1.745730000000000059e-01
1.440000000000000036e+01 -1.976700000000000124e-01
1.441999999999999993e+01 -1.923429999999999862e-01
1.443999999999999950e+01 -1.302270000000000094e-01
1.446000000000000085e+01 -3.483590000000000297e-02
1.448000000000000043e+01 4.500679999999999958e-02
1.450000000000000000e+01 1.003040000000000043e-01
1.451999999999999957e+01 1.314150000000000040e-01
1.453999999999999915e+01 1.416920000000000124e-01
1.456000000000000050e+01 1.437100000000000044e-01
1.458000000000000007e+01 1.299349999999999949e-01
1.459999999999999964e+01 1.040319999999999995e-01
1.461999999999999922e+01 9.783590000000000342e-02
1.464000000000000057e+01 1.169649999999999995e-01
1.466000000000000014e+01 1.103470000000000006e-01
1.467999999999999972e+01 1.879669999999999952e-02
1.469999999999999929e+01 -1.200370000000000048e-01
1.472000000000000064e+01 -1.998199999999999976e-01
1.474000000000000021e+01 -2.011259999999999992e-01
1.475999999999999979e+01 -1.814350000000000129e-01
1.477999999999999936e+01 -1.661209999999999909e-01
1.480000000000000071e+01 -1.544339999999999880e-01
1.482000000000000028e+01 -1.514800000000000035e-01
1.483999999999999986e+01 -1.579059999999999908e-01
1.485999999999999943e+01 -1.623680000000000123e-01
1.488000000000000078e+01 -1.484739999999999949e-01
1.490000000000000036e+01 -1.031460000000000016e-01
1.491999999999999993e+01 -2.743779999999999830e-02
1.493999999999999950e+01 4.922479999999999911e-02
1.496000000000000085e+01 1.017580000000000012e-01
1.498000000000000043e+01 1.377700000000000036e-01
1.500000000000000000e+01 1.498289999999999900e-01
1.501999999999999957e+01 1.201959999999999973e-01
1.503999999999999915e+01 7.722060000000000035e-02
1.506000000000000050e+01 5.598729999999999679e-02
1.508000000000000007e+01 5.491730000000000222e-02
1.509999999999999964e+01 6.829440000000000510e-02
1.511999999999999922e+01 9.322709999999999331e-02
1.514000000000000057e+01 1.136839999999999934e-01
1.516000000000000014e+01 1.043079999999999979e-01
1.517999999999999972e+01 4.416719999999999674e-02
1.519999999999999929e+01 -5.378589999999999760e-02
1.522000000000000064e+01 -1.457070000000000032e-01
1.524000000000000021e+01 -1.982520000000000115e-01
1.525999999999999979e+01 -2.093849999999999878e-01
1.527999999999999936e+01 -2.140710000000000113e-01
1.530000000000000071e+01 -2.453539999999999888e-01
1.532000000000000028e+01 -2.753659999999999997e-01
1.533999999999999986e+01 -2.639909999999999757e-01
1.535999999999999943e+01 -2.336670000000000136e-01
1.538000000000000078e+01 -2.249950000000000006e-01
1.540000000000000036e+01 -2.337639999999999996e-01
1.541999999999999993e+01 -2.386310000000000098e-01
1.543999999999999950e+01 -2.447689999999999866e-01
1.546000000000000085e+01 -2.521370000000000000e-01
1.548000000000000043e+01 -2.209820000000000118e-01
1.550000000000000000e+01 -1.356980000000000131e-01
1.551999999999999957e+01 -3.982940000000000091e-02
1.553999999999999915e+01 4.327029999999999765e-02
1.556000000000000050e+01 1.273920000000000052e-01
1.558000000000000007e+01 2.013300000000000090e-01
1.559999999999999964e+01 2.406919999999999893e-01
1.561999999999999922e+01 2.475130000000000108e-01
1.564000000000000057e+01 2.378029999999999866e-01
1.566000000000000014e+01 2.219510000000000094e-01
1.567999999999999972e+01 2.124479999999999980e-01
1.569999999999999929e+01 2.321759999999999935e-01
1.572000000000000064e+01 2.866119999999999779e-01
1.574000000000000021e+01 3.465280000000000027e-01
1.575999999999999979e+01 3.824199999999999822e-01
1.577999999999999936e+01 3.875160000000000271e-01
1.580000000000000071e+01 3.611300000000000066e-01
1.582000000000000028e+01 3.006309999999999816e-01
1.583999999999999986e+01 2.207890000000000130e-01
1.585999999999999943e+01 1.509159999999999946e-01
1.588000000000000078e+01 1.036949999999999955e-01
1.590000000000000036e+01 8.198450000000000182e-02
1.591999999999999993e+01 8.480469999999999675e-02
1.593999999999999950e+01 7.844710000000000572e-02
1.596000000000000085e+01 2.795279999999999987e-02
1.598000000000000043e+01 -5.003359999999999752e-02
1.600000000000000000e+01 -1.180989999999999956e-01
1.601999999999999957e+01 -1.588009999999999977e-01
1.603999999999999915e+01 -1.714100000000000068e-01
1.605999999999999872e+01 -1.675460000000000005e-01
1.607999999999999829e+01 -1.558879999999999988e-01
1.610000000000000142e+01 -1.332260000000000111e-01
1.612000000000000099e+01 -1.133600000000000024e-01
1.614000000000000057e+01 -1.203860000000000069e-01
1.616000000000000014e+01 -1.409249999999999947e-01
1.617999999999999972e+01 -1.401010000000000033e-01
1.619999999999999929e+01 -1.144680000000000003e-01
1.621999999999999886e+01 -8.761140000000000594e-02
1.623999999999999844e+01 -7.997849999999999404e-02
1.626000000000000156e+01 -9.852579999999999671e-02
1.628000000000000114e+01 -1.286770000000000136e-01
1.630000000000000071e+01 -1.483800000000000119e-01
1.632000000000000028e+01 -1.599939999999999973e-01
1.633999999999999986e+01 -1.697480000000000100e-01
1.635999999999999943e+01 -1.625070000000000126e-01
1.637999999999999901e+01 -1.377619999999999956e-01
1.639999999999999858e+01 -1.117480000000000001e-01
1.642000000000000171e+01 -8.411459999999999770e-02
1.644000000000000128e+01 -5.210499999999999854e-02
1.646000000000000085e+01 -1.143450000000000022e-02
1.648000000000000043e+01 5.000969999999999721e-02
1.650000000000000000e+01 1.098999999999999977e-01
1.651999999999999957e+01 1.251500000000000112e-01
1.653999999999999915e+01 9.740989999999999371e-02
1.655999999999999872e+01 6.020249999999999907e-02
1.657999999999999829e+01 3.435620000000000340e-02
1.660000000000000142e+01 2.039099999999999940e-02
1.662000000000000099e+01 3.283349999999999984e-03
1.664000000000000057e+01 -2.120500000000000163e-02
1.666000000000000014e+01 -3.649159999999999904e-02
1.667999999999999972e+01 -3.882889999999999953e-02
1.669999999999999929e+01 -3.771820000000000034e-02
1.671999999999999886e+01 -2.945539999999999964e-02
1.673999999999999844e+01 -8.927910000000000706e-03
1.676000000000000156e+01 1.595890000000000156e-02
1.678000000000000114e+01 3.787290000000000101e-02
1.680000000000000071e+01 5.156000000000000166e-02
1.682000000000000028e+01 4.588070000000000342e-02
1.683999999999999986e+01 2.125159999999999896e-02
1.685999999999999943e+01 -5.179190000000000182e-03
1.687999999999999901e+01 -2.780739999999999948e-02
1.689999999999999858e+01 -4.780090000000000033e-02
1.692000000000000171e+01 -4.717650000000000315e-02
1.694000000000000128e+01 -1.226140000000000042e-02
1.696000000000000085e+01 4.345709999999999851e-02
1.698000000000000043e+01 1.043079999999999979e-01
1.700000000000000000e+01 1.582129999999999925e-01
1.701999999999999957e+01 1.769179999999999919e-01
1.703999999999999915e+01 1.429940000000000100e-01
1.705999999999999872e+01 8.683659999999999990e-02
1.707999999999999829e+01 4.798029999999999656e-02
1.710000000000000142e+01 2.679489999999999997e-02
1.712000000000000099e+01 1.112029999999999963e-02
1.714000000000000057e+01 5.105110000000000377e-03
1.716000000000000014e+01 1.524630000000000082e-02
1.717999999999999972e+01 3.832630000000000065e-02
1.719999999999999929e+01 5.511449999999999683e-02
1.721999999999999886e+01 4.797819999999999863e-02
1.723999999999999844e+01 2.649100000000000066e-02
1.726000000000000156e+01 -3.023480000000000265e-04
1.728000000000000114e+01 -3.444409999999999833e-02
1.730000000000000071e+01 -5.741759999999999919e-02
1.732000000000000028e+01 -5.790830000000000283e-02
1.733999999999999986e+01 -6.254279999999999562e-02
1.735999999999999943e+01 -8.783080000000000054e-02
1.737999999999999901e+01 -1.076899999999999941e-01
1.739999999999999858e+01 -9.274150000000000449e-02
1.742000000000000171e+01 -4.964570000000000094e-02
1.744000000000000128e+01 -3.644169999999999961e-03
1.746000000000000085e+01 3.347989999999999994e-02
1.748000000000000043e+01 5.932300000000000073e-02
1.750000000000000000e+01 7.149500000000000299e-02
1.751999999999999957e+01 7.287169999999999759e-02
1.753999999999999915e+01 7.656150000000000455e-02
1.755999999999999872e+01 9.900549999999999629e-02
1.757999999999999829e+01 1.339049999999999963e-01
1.760000000000000142e+01 1.565850000000000020e-01
1.762000000000000099e+01 1.584399999999999975e-01
1.764000000000000057e+01 1.384019999999999972e-01
1.766000000000000014e+01 9.187230000000000396e-02
1.767999999999999972e+01 2.536040000000000169e-02
1.769999999999999929e+01 -5.412390000000000256e-02
1.771999999999999886e+01 -1.367649999999999977e-01
1.773999999999999844e+01 -1.991640000000000077e-01
1.776000000000000156e+01 -2.294229999999999881e-01
1.778000000000000114e+01 -2.234559999999999880e-01
1.780000000000000071e+01 -1.719090000000000062e-01
1.782000000000000028e+01 -9.868970000000000520e-02
1.783999999999999986e+01 -5.530560000000000337e-02
1.785999999999999943e+01 -5.448909999999999865e-02
1.787999999999999901e+01 -7.246249999999999913e-02
1.789999999999999858e+01 -9.618859999999999910e-02
1.792000000000000171e+01 -1.144570000000000032e-01
1.794000000000000128e+01 -1.140390000000000015e-01
1.796000000000000085e+01 -1.035879999999999995e-01
1.798000000000000043e+01 -8.291759999999999409e-02
1.800000000000000000e+01 -3.317060000000000147e-02
1.801999999999999957e+01 2.807099999999999873e-02
1.803999999999999915e+01 6.910479999999999401e-02
1.805999999999999872e+01 1.010449999999999959e-01
1.807999999999999829e+01 1.361100000000000088e-01
1.810000000000000142e+01 1.571410000000000029e-01
1.812000000000000099e+01 1.609780000000000100e-01
1.814000000000000057e+01 1.609440000000000037e-01
1.816000000000000014e+01 1.559359999999999913e-01
1.817999999999999972e+01 1.429640000000000077e-01
1.819999999999999929e+01 1.333940000000000126e-01
1.821999999999999886e+01 1.317089999999999927e-01
1.823999999999999844e+01 1.261249999999999871e-01
1.826000000000000156e+01 1.140079999999999982e-01
1.828000000000000114e+01 1.028810000000000002e-01
1.830000000000000071e+01 8.844019999999999659e-02
1.832000000000000028e+01 6.504110000000000447e-02
1.833999999999999986e+01 3.217949999999999977e-02
1.835999999999999943e+01 -1.174389999999999983e-02
1.837999999999999901e+01 -5.143110000000000043e-02
1.839999999999999858e+01 -6.848650000000000571e-02
1.842000000000000171e+01 -6.829789999999999472e-02
1.844000000000000128e+01 -5.681689999999999657e-02
1.846000000000000085e+01 -3.602219999999999728e-02
1.848000000000000043e+01 -1.634630000000000111e-02
1.850000000000000000e+01 -2.154089999999999998e-03
1.851999999999999957e+01 -1.414270000000000024e-03
1.853999999999999915e+01 -2.495939999999999964e-02
1.855999999999999872e+01 -5.481169999999999792e-02
1.857999999999999829e+01 -6.953020000000000034e-02
1.860000000000000142e+01 -8.125659999999999827e-02
1.862000000000000099e+01 -1.041679999999999967e-01
1.864000000000000057e+01 -1.302909999999999902e-01
1.866000000000000014e+01 -1.520539999999999947e-01
1.867999999999999972e+01 -1.678020000000000067e-01
1.869999999999999929e+01 -1.671199999999999908e-01
1.871999999999999886e+01 -1.363290000000000057e-01
1.873999999999999844e+01 -7.671640000000000403e-02
1.876000000000000156e+01 -1.150520000000000015e-02
1.878000000000000114e+01 3.089329999999999854e-02
1.880000000000000071e+01 4.506090000000000095e-02
1.882000000000000028e+01 4.513579999999999676e-02
1.883999999999999986e+01 3.744639999999999774e-02
1.885999999999999943e+01 2.453699999999999978e-02
1.887999999999999901e+01 2.032729999999999954e-02
1.889999999999999858e+01 3.104729999999999990e-02
1.892000000000000171e+01 4.217309999999999809e-02
1.894000000000000128e+01 3.646220000000000017e-02
1.896000000000000085e+01 1.065200000000000001e-02
1.898000000000000043e+01 -1.772610000000000158e-02
1.900000000000000000e+01 -3.001960000000000045e-02
1.901999999999999957e+01 -3.264349999999999891e-02
1.903999999999999915e+01 -3.358180000000000193e-02
1.905999999999999872e+01 -2.878090000000000162e-02
1.907999999999999829e+01 -2.618799999999999947e-02
1.910000000000000142e+01 -3.324180000000000190e-02
1.912000000000000099e+01 -4.410549999999999887e-02
1.914000000000000057e+01 -5.673779999999999796e-02
1.916000000000000014e+01 -6.635030000000000094e-02
1.917999999999999972e+01 -6.474910000000000387e-02
1.919999999999999929e+01 -6.081280000000000019e-02
1.921999999999999886e+01 -6.836340000000000472e-02
1.923999999999999844e+01 -8.480600000000000638e-02
1.926000000000000156e+01 -1.008069999999999938e-01
1.928000000000000114e+01 -1.076420000000000016e-01
1.930000000000000071e+01 -9.512660000000000560e-02
1.932000000000000028e+01 -6.105329999999999785e-02
1.933999999999999986e+01 -1.305369999999999968e-02
1.935999999999999943e+01 3.866560000000000136e-02
1.937999999999999901e+01 8.060860000000000247e-02
1.939999999999999858e+01 1.014440000000000064e-01
1.942000000000000171e+01 1.086339999999999945e-01
1.944000000000000128e+01 1.208700000000000052e-01
1.946000000000000085e+01 1.383030000000000093e-01
1.948000000000000043e+01 1.500549999999999939e-01
1.950000000000000000e+01 1.515620000000000023e-01
1.951999999999999957e+01 1.321309999999999985e-01
1.953999999999999915e+01 9.366320000000000201e-02
1.955999999999999872e+01 6.128290000000000126e-02
1.957999999999999829e+01 4.472229999999999955e-02
1.960000000000000142e+01 4.461609999999999882e-02
1.962000000000000099e+01 7.016450000000000464e-02
1.964000000000000057e+01 1.108520000000000061e-01
1.966000000000000014e+01 1.430379999999999985e-01
1.967999999999999972e+01 1.567929999999999879e-01
1.969999999999999929e+01 1.473069999999999935e-01
1.971999999999999886e+01 1.150159999999999932e-01
1.973999999999999844e+01 7.799670000000000214e-02
1.976000000000000156e+01 5.431269999999999848e-02
1.978000000000000114e+01 4.061639999999999695e-02
1.980000000000000071e+01 2.582850000000000076e-02
1.982000000000000028e+01 7.313949999999999618e-03
1.983999999999999986e+01 -9.793239999999999931e-03
1.985999999999999943e+01 -2.989189999999999903e-02
1.987999999999999901e+01 -5.321530000000000010e-02
1.989999999999999858e+01 -7.532500000000000306e-02
1.992000000000000171e+01 -9.183139999999999359e-02
1.994000000000000128e+01 -9.431929999999999481e-02
1.996000000000000085e+01 -8.191279999999999395e-02
1.998000000000000043e+01 -6.093359999999999749e-02
2.000000000000000000e+01 -3.817530000000000229e-02
2.001999999999999957e+01 -2.469359999999999958e-02
2.003999999999999915e+01 -2.756050000000000166e-02
2.005999999999999872e+01 -3.380539999999999934e-02
2.007999999999999829e+01 -3.468170000000000280e-02
2.010000000000000142e+01 -4.390179999999999777e-02
2.012000000000000099e+01 -6.468590000000000451e-02
2.014000000000000057e+01 -8.306349999999999845e-02
2.016000000000000014e+01 -9.316579999999999306e-02
2.017999999999999972e+01 -9.390010000000000023e-02
2.019999999999999929e+01 -8.272989999999999511e-02
2.021999999999999886e+01 -6.171569999999999834e-02
2.023999999999999844e+01 -3.623200000000000032e-02
2.026000000000000156e+01 -1.343830000000000024e-02
2.028000000000000114e+01 1.179840000000000007e-04
2.030000000000000071e+01 1.881319999999999911e-03
2.032000000000000028e+01 -5.090579999999999931e-03
2.033999999999999986e+01 -1.237010000000000019e-02
2.035999999999999943e+01 -1.446199999999999916e-02
2.037999999999999901e+01 -1.136470000000000015e-02
2.039999999999999858e+01 -3.257149999999999889e-03
2.042000000000000171e+01 7.793819999999999915e-03
2.044000000000000128e+01 1.812139999999999931e-02
2.046000000000000085e+01 2.539720000000000172e-02
2.048000000000000043e+01 2.812600000000000169e-02
2.050000000000000000e+01 2.729180000000000147e-02
2.051999999999999957e+01 2.491490000000000024e-02
2.053999999999999915e+01 2.113630000000000023e-02
2.055999999999999872e+01 1.644709999999999922e-02
2.057999999999999829e+01 1.211300000000000050e-02
2.060000000000000142e+01 8.610569999999999682e-03
2.062000000000000099e+01 6.142129999999999986e-03
2.064000000000000057e+01 4.764390000000000291e-03
2.066000000000000014e+01 4.169619999999999750e-03
2.067999999999999972e+01 4.039690000000000294e-03
2.069999999999999929e+01 4.137759999999999876e-03
2.071999999999999886e+01 4.313970000000000304e-03
2.073999999999999844e+01 4.509799999999999573e-03
2.076000000000000156e+01 4.666850000000000165e-03
2.078000000000000114e+01 4.719079999999999629e-03
2.080000000000000071e+01 4.628440000000000158e-03
2.082000000000000028e+01 4.404059999999999572e-03
2.083999999999999986e+01 4.079369999999999698e-03
2.085999999999999943e+01 3.704030000000000083e-03
2.087999999999999901e+01 3.310229999999999943e-03
