0.000000000000000000e+00 0.000000000000000000e+00
1.000000000000000021e-02 -2.128450000000000134e-02
2.000000000000000042e-02 -1.461420000000000080e-02
2.999999999999999889e-02 -1.492809999999999970e-02
4.000000000000000083e-02 -1.521149999999999933e-02
5.000000000000000278e-02 -1.546379999999999977e-02
5.999999999999999778e-02 -1.568179999999999921e-02
7.000000000000000666e-02 -1.586160000000000000e-02
8.000000000000000167e-02 -1.600149999999999836e-02
8.999999999999999667e-02 -1.610419999999999907e-02
1.000000000000000056e-01 -1.617659999999999931e-02
1.100000000000000006e-01 -1.622339999999999893e-02
1.199999999999999956e-01 -1.623859999999999887e-02
1.300000000000000044e-01 -1.620229999999999934e-02
1.400000000000000133e-01 -1.608870000000000092e-02
1.499999999999999944e-01 -1.587830000000000144e-02
1.600000000000000033e-01 -1.556420000000000026e-02
1.700000000000000122e-01 -1.514320000000000076e-02
1.799999999999999933e-01 -1.459940000000000022e-02
1.900000000000000022e-01 -1.388950000000000080e-02
2.000000000000000111e-01 -1.295950000000000053e-02
2.099999999999999922e-01 -1.182049999999999941e-02
2.200000000000000011e-01 -1.066029999999999929e-02
2.300000000000000100e-01 -9.872280000000000638e-03
2.399999999999999911e-01 -9.869279999999999373e-03
2.500000000000000000e-01 -1.072739999999999978e-02
2.600000000000000089e-01 -1.194830000000000024e-02
2.700000000000000178e-01 -1.265939999999999947e-02
2.800000000000000266e-01 -1.223199999999999982e-02
2.899999999999999800e-01 -1.084270000000000025e-02
2.999999999999999889e-01 -9.397050000000000541e-03
3.099999999999999978e-01 -8.720639999999999989e-03
3.200000000000000067e-01 -8.669510000000000063e-03
3.300000000000000155e-01 -8.099349999999999952e-03
3.400000000000000244e-01 -5.988890000000000186e-03
3.499999999999999778e-01 -2.824230000000000056e-03
3.599999999999999867e-01 -7.351760000000000369e-04
3.699999999999999956e-01 -1.729250000000000101e-03
3.800000000000000044e-01 -5.274390000000000328e-03
3.900000000000000133e-01 -7.655129999999999574e-03
4.000000000000000222e-01 -4.367750000000000105e-03
4.099999999999999756e-01 6.105769999999999947e-03
4.199999999999999845e-01 2.065180000000000141e-02
4.299999999999999933e-01 3.389219999999999733e-02
4.400000000000000022e-01 4.247780000000000306e-02
4.500000000000000111e-01 4.701480000000000242e-02
4.600000000000000200e-01 4.964249999999999913e-02
4.699999999999999734e-01 4.999959999999999821e-02
4.799999999999999822e-01 4.432239999999999791e-02
4.899999999999999911e-01 2.923569999999999988e-02
5.000000000000000000e-01 6.612039999999999584e-03
5.100000000000000089e-01 -1.567320000000000171e-02
5.200000000000000178e-01 -2.835529999999999995e-02
5.300000000000000266e-01 -2.673549999999999885e-02
5.400000000000000355e-01 -1.284530000000000047e-02
5.500000000000000444e-01 7.292940000000000360e-03
5.600000000000000533e-01 2.783729999999999885e-02
5.699999999999999512e-01 4.496929999999999678e-02
5.799999999999999600e-01 5.627019999999999939e-02
5.899999999999999689e-01 6.013670000000000126e-02
5.999999999999999778e-01 5.632999999999999813e-02
6.099999999999999867e-01 4.607780000000000209e-02
6.199999999999999956e-01 3.076790000000000080e-02
6.300000000000000044e-01 1.135369999999999956e-02
6.400000000000000133e-01 -9.428779999999999453e-03
6.500000000000000222e-01 -2.444589999999999957e-02
6.600000000000000311e-01 -2.414600000000000080e-02
6.700000000000000400e-01 -3.529759999999999842e-03
6.800000000000000488e-01 3.229209999999999720e-02
6.899999999999999467e-01 7.000049999999999328e-02
6.999999999999999556e-01 9.571680000000000466e-02
7.099999999999999645e-01 1.013529999999999986e-01
7.199999999999999734e-01 8.597730000000000650e-02
7.299999999999999822e-01 5.493819999999999953e-02
7.399999999999999911e-01 1.998199999999999976e-02
7.500000000000000000e-01 -1.726419999999999995e-03
7.600000000000000089e-01 5.824189999999999923e-03
7.700000000000000178e-01 4.636849999999999999e-02
7.800000000000000266e-01 1.044879999999999975e-01
7.900000000000000355e-01 1.515960000000000085e-01
8.000000000000000444e-01 1.630689999999999917e-01
8.100000000000000533e-01 1.338940000000000130e-01
8.199999999999999512e-01 8.026629999999999876e-02
8.299999999999999600e-01 2.646969999999999879e-02
8.399999999999999689e-01 -1.119200000000000056e-02
8.499999999999999778e-01 -3.164669999999999983e-02
8.599999999999999867e-01 -3.732919999999999988e-02
8.699999999999999956e-01 -3.025769999999999849e-02
8.800000000000000044e-01 -8.870080000000000672e-03
8.900000000000000133e-01 2.926360000000000072e-02
9.000000000000000222e-01 7.599569999999999936e-02
9.100000000000000311e-01 1.114839999999999998e-01
9.200000000000000400e-01 1.149469999999999936e-01
9.300000000000000488e-01 7.989369999999999805e-02
9.399999999999999467e-01 2.140140000000000098e-02
9.499999999999999556e-01 -3.131430000000000324e-02
9.599999999999999645e-01 -5.204410000000000286e-02
9.699999999999999734e-01 -3.171929999999999888e-02
9.799999999999999822e-01 1.987509999999999971e-02
9.899999999999999911e-01 8.293649999999999634e-02
1.000000000000000000e+00 1.370840000000000114e-01
1.010000000000000009e+00 1.648249999999999993e-01
1.020000000000000018e+00 1.526210000000000067e-01
1.030000000000000027e+00 9.666489999999999805e-02
1.040000000000000036e+00 1.175499999999999982e-02
1.050000000000000044e+00 -6.836009999999999309e-02
1.060000000000000053e+00 -1.068950000000000039e-01
1.070000000000000062e+00 -8.732969999999999622e-02
1.080000000000000071e+00 -2.470759999999999970e-02
1.090000000000000080e+00 4.536860000000000198e-02
1.100000000000000089e+00 9.066989999999999772e-02
1.110000000000000098e+00 1.003389999999999976e-01
1.120000000000000107e+00 8.619830000000000547e-02
1.129999999999999893e+00 7.067980000000000096e-02
1.139999999999999902e+00 7.138899999999999413e-02
1.149999999999999911e+00 9.083130000000000370e-02
1.159999999999999920e+00 1.159359999999999974e-01
1.169999999999999929e+00 1.275320000000000065e-01
1.179999999999999938e+00 1.139539999999999997e-01
1.189999999999999947e+00 7.888140000000000429e-02
1.199999999999999956e+00 3.697879999999999917e-02
1.209999999999999964e+00 1.052500000000000050e-03
1.219999999999999973e+00 -2.771159999999999943e-02
1.229999999999999982e+00 -5.739550000000000207e-02
1.239999999999999991e+00 -9.329859999999999542e-02
1.250000000000000000e+00 -1.282679999999999931e-01
1.260000000000000009e+00 -1.456040000000000112e-01
1.270000000000000018e+00 -1.326930000000000054e-01
1.280000000000000027e+00 -9.324010000000000631e-02
1.290000000000000036e+00 -4.728899999999999770e-02
1.300000000000000044e+00 -1.889199999999999907e-02
1.310000000000000053e+00 -2.051290000000000058e-02
1.320000000000000062e+00 -4.447790000000000077e-02
1.330000000000000071e+00 -6.669709999999999528e-02
1.340000000000000080e+00 -6.096660000000000273e-02
1.350000000000000089e+00 -1.594100000000000031e-02
1.360000000000000098e+00 5.599180000000000129e-02
1.370000000000000107e+00 1.246280000000000027e-01
1.379999999999999893e+00 1.591319999999999957e-01
1.389999999999999902e+00 1.446199999999999986e-01
1.399999999999999911e+00 8.776459999999999817e-02
1.409999999999999920e+00 1.044609999999999983e-02
1.419999999999999929e+00 -6.179250000000000020e-02
1.429999999999999938e+00 -1.097830000000000056e-01
1.439999999999999947e+00 -1.264750000000000041e-01
1.449999999999999956e+00 -1.176529999999999937e-01
1.459999999999999964e+00 -9.719990000000000574e-02
1.469999999999999973e+00 -7.855149999999999633e-02
1.479999999999999982e+00 -6.712780000000000136e-02
1.489999999999999991e+00 -5.850679999999999770e-02
1.500000000000000000e+00 -4.302849999999999731e-02
1.510000000000000009e+00 -1.315520000000000057e-02
1.520000000000000018e+00 3.120560000000000000e-02
1.530000000000000027e+00 8.215250000000000330e-02
1.540000000000000036e+00 1.276180000000000092e-01
1.550000000000000044e+00 1.569869999999999877e-01
1.560000000000000053e+00 1.656140000000000112e-01
1.570000000000000062e+00 1.562860000000000082e-01
1.580000000000000071e+00 1.365669999999999940e-01
1.590000000000000080e+00 1.126729999999999954e-01
1.600000000000000089e+00 8.385170000000000123e-02
1.610000000000000098e+00 4.315250000000000336e-02
1.620000000000000107e+00 -1.413930000000000048e-02
1.629999999999999893e+00 -8.173829999999999985e-02
1.639999999999999902e+00 -1.429310000000000025e-01
1.649999999999999911e+00 -1.812000000000000000e-01
1.659999999999999920e+00 -1.910260000000000014e-01
1.669999999999999929e+00 -1.794949999999999879e-01
1.679999999999999938e+00 -1.595300000000000051e-01
1.689999999999999947e+00 -1.423409999999999953e-01
1.699999999999999956e+00 -1.334380000000000011e-01
1.709999999999999964e+00 -1.309170000000000056e-01
1.719999999999999973e+00 -1.252449999999999952e-01
1.729999999999999982e+00 -1.034420000000000062e-01
1.739999999999999991e+00 -5.880950000000000066e-02
1.750000000000000000e+00 9.194549999999999577e-05
1.760000000000000009e+00 5.054550000000000015e-02
1.770000000000000018e+00 6.885479999999999379e-02
1.780000000000000027e+00 4.607760000000000328e-02
1.790000000000000036e+00 -6.457509999999999639e-03
1.800000000000000044e+00 -6.586359999999999437e-02
1.810000000000000053e+00 -1.126729999999999954e-01
1.820000000000000062e+00 -1.404330000000000023e-01
1.830000000000000071e+00 -1.548899999999999999e-01
1.840000000000000080e+00 -1.665770000000000028e-01
1.850000000000000089e+00 -1.835189999999999877e-01
1.860000000000000098e+00 -2.077900000000000025e-01
1.870000000000000107e+00 -2.359819999999999973e-01
1.879999999999999893e+00 -2.621839999999999726e-01
1.889999999999999902e+00 -2.815929999999999822e-01
1.899999999999999911e+00 -2.925220000000000042e-01
1.909999999999999920e+00 -2.958589999999999831e-01
1.919999999999999929e+00 -2.936540000000000261e-01
1.929999999999999938e+00 -2.894160000000000066e-01
1.939999999999999947e+00 -2.899950000000000028e-01
1.949999999999999956e+00 -3.056019999999999848e-01
1.959999999999999964e+00 -3.451290000000000191e-01
1.969999999999999973e+00 -4.085269999999999735e-01
1.979999999999999982e+00 -4.820989999999999998e-01
1.989999999999999991e+00 -5.416769999999999641e-01
2.000000000000000000e+00 -5.630779999999999674e-01
2.009999999999999787e+00 -5.335760000000000502e-01
2.020000000000000018e+00 -4.575270000000000170e-01
2.029999999999999805e+00 -3.539680000000000049e-01
2.040000000000000036e+00 -2.492510000000000003e-01
2.049999999999999822e+00 -1.689759999999999873e-01
2.060000000000000053e+00 -1.312379999999999936e-01
2.069999999999999840e+00 -1.417499999999999871e-01
2.080000000000000071e+00 -1.922909999999999897e-01
2.089999999999999858e+00 -2.643059999999999854e-01
2.100000000000000089e+00 -3.369849999999999790e-01
2.109999999999999876e+00 -3.956520000000000037e-01
2.120000000000000107e+00 -4.358170000000000099e-01
2.129999999999999893e+00 -4.613550000000000151e-01
2.140000000000000124e+00 -4.789209999999999856e-01
2.149999999999999911e+00 -4.918569999999999887e-01
2.160000000000000142e+00 -4.961430000000000007e-01
2.169999999999999929e+00 -4.802870000000000195e-01
2.180000000000000160e+00 -4.305629999999999735e-01
2.189999999999999947e+00 -3.402499999999999969e-01
2.200000000000000178e+00 -2.170420000000000127e-01
2.209999999999999964e+00 -8.162790000000000323e-02
2.220000000000000195e+00 4.351800000000000113e-02
2.229999999999999982e+00 1.469399999999999873e-01
2.240000000000000213e+00 2.319859999999999978e-01
2.250000000000000000e+00 3.088960000000000039e-01
2.259999999999999787e+00 3.825379999999999892e-01
2.270000000000000018e+00 4.450140000000000207e-01
2.279999999999999805e+00 4.766159999999999841e-01
2.290000000000000036e+00 4.535890000000000200e-01
2.299999999999999822e+00 3.600340000000000207e-01
2.310000000000000053e+00 1.996469999999999911e-01
2.319999999999999840e+00 -3.112839999999999965e-04
2.330000000000000071e+00 -1.984249999999999903e-01
2.339999999999999858e+00 -3.573100000000000165e-01
2.350000000000000089e+00 -4.573619999999999908e-01
2.359999999999999876e+00 -4.971070000000000211e-01
2.370000000000000107e+00 -4.845019999999999882e-01
2.379999999999999893e+00 -4.304060000000000108e-01
2.390000000000000124e+00 -3.486330000000000262e-01
2.399999999999999911e+00 -2.564870000000000205e-01
2.410000000000000142e+00 -1.690429999999999988e-01
2.419999999999999929e+00 -8.987829999999999431e-02
2.430000000000000160e+00 -7.741500000000000117e-03
2.439999999999999947e+00 9.592009999999999426e-02
2.450000000000000178e+00 2.342619999999999980e-01
2.459999999999999964e+00 4.072140000000000204e-01
2.470000000000000195e+00 6.027940000000000520e-01
2.479999999999999982e+00 8.035160000000000080e-01
2.490000000000000213e+00 9.915070000000000272e-01
2.500000000000000000e+00 1.149699999999999944e+00
2.509999999999999787e+00 1.261160000000000059e+00
2.520000000000000018e+00 1.310780000000000056e+00
2.529999999999999805e+00 1.291809999999999903e+00
2.540000000000000036e+00 1.214800000000000102e+00
2.549999999999999822e+00 1.110249999999999959e+00
2.560000000000000053e+00 1.017390000000000017e+00
2.569999999999999840e+00 9.620750000000000135e-01
2.580000000000000071e+00 9.394069999999999920e-01
2.589999999999999858e+00 9.168049999999999811e-01
2.600000000000000089e+00 8.577949999999999742e-01
2.609999999999999876e+00 7.489320000000000421e-01
2.620000000000000107e+00 6.092919999999999447e-01
2.629999999999999893e+00 4.767419999999999991e-01
2.640000000000000124e+00 3.834759999999999835e-01
2.649999999999999911e+00 3.388189999999999813e-01
2.660000000000000142e+00 3.277379999999999738e-01
2.669999999999999929e+00 3.205459999999999976e-01
2.680000000000000160e+00 2.846870000000000234e-01
2.689999999999999947e+00 1.937099999999999933e-01
2.700000000000000178e+00 3.384910000000000002e-02
2.709999999999999964e+00 -1.908140000000000114e-01
2.720000000000000195e+00 -4.565839999999999899e-01
2.729999999999999982e+00 -7.251980000000000093e-01
2.740000000000000213e+00 -9.559130000000000127e-01
2.750000000000000000e+00 -1.118789999999999951e+00
2.759999999999999787e+00 -1.200569999999999915e+00
2.770000000000000018e+00 -1.199540000000000051e+00
2.779999999999999805e+00 -1.115890000000000049e+00
2.790000000000000036e+00 -9.485550000000000370e-01
2.799999999999999822e+00 -7.027839999999999643e-01
2.810000000000000053e+00 -4.005779999999999896e-01
2.819999999999999840e+00 -8.159020000000000161e-02
2.830000000000000071e+00 2.094149999999999900e-01
2.839999999999999858e+00 4.395299999999999763e-01
2.850000000000000089e+00 5.964110000000000245e-01
2.859999999999999876e+00 6.848940000000000028e-01
2.870000000000000107e+00 7.188390000000000057e-01
2.879999999999999893e+00 7.166460000000000052e-01
2.890000000000000124e+00 7.001699999999999591e-01
2.899999999999999911e+00 6.905869999999999509e-01
2.910000000000000142e+00 6.995930000000000204e-01
2.919999999999999929e+00 7.234180000000000055e-01
2.930000000000000160e+00 7.471670000000000256e-01
2.939999999999999947e+00 7.566060000000000008e-01
2.950000000000000178e+00 7.460670000000000357e-01
2.959999999999999964e+00 7.153620000000000534e-01
2.970000000000000195e+00 6.607769999999999477e-01
2.979999999999999982e+00 5.721979999999999844e-01
2.990000000000000213e+00 4.428469999999999906e-01
3.000000000000000000e+00 2.854479999999999795e-01
3.009999999999999787e+00 1.403389999999999915e-01
3.020000000000000018e+00 6.486150000000000249e-02
3.029999999999999805e+00 1.073569999999999941e-01
3.040000000000000036e+00 2.823769999999999891e-01
3.049999999999999822e+00 5.642530000000000046e-01
3.060000000000000053e+00 9.010759999999999881e-01
3.069999999999999840e+00 1.232739999999999947e+00
3.080000000000000071e+00 1.494690000000000074e+00
3.089999999999999858e+00 1.609560000000000102e+00
3.100000000000000089e+00 1.491419999999999968e+00
3.109999999999999876e+00 1.081639999999999935e+00
3.120000000000000107e+00 3.999400000000000177e-01
3.129999999999999893e+00 -4.347630000000000106e-01
3.140000000000000124e+00 -1.243030000000000079e+00
3.149999999999999911e+00 -1.863410000000000011e+00
3.160000000000000142e+00 -2.216750000000000220e+00
3.169999999999999929e+00 -2.317219999999999835e+00
3.180000000000000160e+00 -2.235419999999999963e+00
3.189999999999999947e+00 -2.050229999999999997e+00
3.200000000000000178e+00 -1.820070000000000077e+00
3.209999999999999964e+00 -1.578659999999999952e+00
3.220000000000000195e+00 -1.341129999999999933e+00
3.229999999999999982e+00 -1.108230000000000048e+00
3.240000000000000213e+00 -8.681079999999999908e-01
3.250000000000000000e+00 -6.022650000000000503e-01
3.259999999999999787e+00 -2.981579999999999786e-01
3.270000000000000018e+00 3.645899999999999835e-02
3.279999999999999805e+00 3.645999999999999797e-01
3.290000000000000036e+00 6.218080000000000274e-01
3.299999999999999822e+00 7.331090000000000106e-01
3.310000000000000053e+00 6.464050000000000074e-01
3.319999999999999840e+00 3.704310000000000103e-01
3.330000000000000071e+00 -1.024820000000000071e-02
3.339999999999999858e+00 -3.658500000000000085e-01
3.350000000000000089e+00 -5.868590000000000195e-01
3.359999999999999876e+00 -6.402079999999999993e-01
3.370000000000000107e+00 -5.757179999999999520e-01
3.379999999999999893e+00 -4.826710000000000167e-01
3.390000000000000124e+00 -4.328690000000000038e-01
3.399999999999999911e+00 -4.468300000000000050e-01
3.410000000000000142e+00 -4.938350000000000239e-01
3.419999999999999929e+00 -5.148789999999999756e-01
3.430000000000000160e+00 -4.533739999999999992e-01
3.439999999999999947e+00 -2.821640000000000259e-01
3.450000000000000178e+00 -1.797999999999999945e-02
3.459999999999999964e+00 2.823840000000000239e-01
3.470000000000000195e+00 5.427279999999999882e-01
3.479999999999999982e+00 6.959210000000000118e-01
3.490000000000000213e+00 7.082070000000000309e-01
3.500000000000000000e+00 5.898349999999999982e-01
3.509999999999999787e+00 3.884480000000000155e-01
3.520000000000000018e+00 1.691149999999999876e-01
3.529999999999999805e+00 -9.098909999999999984e-03
3.540000000000000036e+00 -1.095259999999999984e-01
3.549999999999999822e+00 -1.223010000000000069e-01
3.560000000000000053e+00 -5.862389999999999962e-02
3.569999999999999840e+00 6.001100000000000184e-02
3.580000000000000071e+00 2.122709999999999875e-01
3.589999999999999858e+00 3.820029999999999815e-01
3.600000000000000089e+00 5.546990000000000531e-01
3.609999999999999876e+00 7.087309999999999999e-01
3.620000000000000107e+00 8.112780000000000546e-01
3.629999999999999893e+00 8.266000000000000014e-01
3.640000000000000124e+00 7.327709999999999502e-01
3.649999999999999911e+00 5.337570000000000370e-01
3.660000000000000142e+00 2.575140000000000207e-01
3.669999999999999929e+00 -5.669380000000000253e-02
3.680000000000000160e+00 -3.707250000000000267e-01
3.689999999999999947e+00 -6.525750000000000162e-01
3.700000000000000178e+00 -8.760210000000000496e-01
3.709999999999999964e+00 -1.021109999999999962e+00
3.720000000000000195e+00 -1.077849999999999975e+00
3.729999999999999982e+00 -1.049639999999999906e+00
3.740000000000000213e+00 -9.521530000000000271e-01
3.750000000000000000e+00 -8.071479999999999766e-01
3.759999999999999787e+00 -6.342160000000000020e-01
3.770000000000000018e+00 -4.442670000000000230e-01
3.779999999999999805e+00 -2.377650000000000041e-01
3.790000000000000036e+00 -9.613909999999999817e-03
3.799999999999999822e+00 2.406189999999999996e-01
3.810000000000000053e+00 4.992869999999999808e-01
3.819999999999999840e+00 7.377879999999999994e-01
3.830000000000000071e+00 9.227699999999999791e-01
3.839999999999999858e+00 1.031409999999999938e+00
3.850000000000000089e+00 1.061209999999999987e+00
3.859999999999999876e+00 1.027360000000000051e+00
3.870000000000000107e+00 9.499830000000000219e-01
3.879999999999999893e+00 8.425939999999999541e-01
3.890000000000000124e+00 7.116489999999999760e-01
3.899999999999999911e+00 5.656930000000000014e-01
3.910000000000000142e+00 4.214669999999999805e-01
3.919999999999999929e+00 2.981289999999999774e-01
3.930000000000000160e+00 2.062479999999999869e-01
3.939999999999999947e+00 1.454270000000000007e-01
3.950000000000000178e+00 1.129740000000000050e-01
3.959999999999999964e+00 1.110440000000000038e-01
3.970000000000000195e+00 1.422440000000000093e-01
3.979999999999999982e+00 2.001819999999999988e-01
3.990000000000000213e+00 2.686390000000000167e-01
4.000000000000000000e+00 3.311060000000000114e-01
4.009999999999999787e+00 3.785549999999999748e-01
4.019999999999999574e+00 4.062299999999999800e-01
4.030000000000000249e+00 4.050079999999999791e-01
4.040000000000000036e+00 3.595760000000000067e-01
4.049999999999999822e+00 2.570549999999999780e-01
4.059999999999999609e+00 9.830120000000000524e-02
4.070000000000000284e+00 -9.745289999999999508e-02
4.080000000000000071e+00 -2.971770000000000245e-01
4.089999999999999858e+00 -4.646600000000000175e-01
4.099999999999999645e+00 -5.726989999999999581e-01
4.110000000000000320e+00 -6.122429999999999817e-01
4.120000000000000107e+00 -5.937780000000000280e-01
4.129999999999999893e+00 -5.392679999999999696e-01
4.139999999999999680e+00 -4.692999999999999949e-01
4.150000000000000355e+00 -3.941549999999999776e-01
4.160000000000000142e+00 -3.143299999999999983e-01
4.169999999999999929e+00 -2.281809999999999949e-01
4.179999999999999716e+00 -1.391689999999999872e-01
4.190000000000000391e+00 -5.671930000000000027e-02
4.200000000000000178e+00 9.207299999999999859e-03
4.209999999999999964e+00 5.444319999999999715e-02
4.219999999999999751e+00 8.178929999999999534e-02
4.230000000000000426e+00 9.553449999999999442e-02
4.240000000000000213e+00 9.409860000000000446e-02
4.250000000000000000e+00 6.804469999999999963e-02
4.259999999999999787e+00 6.308369999999999776e-03
4.269999999999999574e+00 -9.431960000000000344e-02
4.280000000000000249e+00 -2.250759999999999983e-01
4.290000000000000036e+00 -3.704000000000000070e-01
4.299999999999999822e+00 -5.173550000000000093e-01
4.309999999999999609e+00 -6.597969999999999668e-01
4.320000000000000284e+00 -7.928110000000000435e-01
4.330000000000000071e+00 -9.029909999999999881e-01
4.339999999999999858e+00 -9.653359999999999719e-01
4.349999999999999645e+00 -9.522169999999999801e-01
4.360000000000000320e+00 -8.488970000000000127e-01
4.370000000000000107e+00 -6.642059999999999631e-01
4.379999999999999893e+00 -4.293500000000000094e-01
4.389999999999999680e+00 -1.872540000000000038e-01
4.400000000000000355e+00 2.005289999999999850e-02
4.410000000000000142e+00 1.605520000000000003e-01
4.419999999999999929e+00 2.168630000000000002e-01
4.429999999999999716e+00 1.871809999999999863e-01
4.440000000000000391e+00 8.324850000000000305e-02
4.450000000000000178e+00 -7.287960000000000271e-02
4.459999999999999964e+00 -2.504049999999999887e-01
4.469999999999999751e+00 -4.098539999999999961e-01
4.480000000000000426e+00 -5.072790000000000354e-01
4.490000000000000213e+00 -5.079719999999999791e-01
4.500000000000000000e+00 -4.053169999999999829e-01
4.509999999999999787e+00 -2.306110000000000104e-01
4.519999999999999574e+00 -4.308800000000000130e-02
4.530000000000000249e+00 9.525019999999999321e-02
4.540000000000000036e+00 1.439300000000000024e-01
4.549999999999999822e+00 9.517069999999999697e-02
4.559999999999999609e+00 -2.832689999999999861e-02
4.570000000000000284e+00 -1.831909999999999927e-01
4.580000000000000071e+00 -3.196200000000000152e-01
4.589999999999999858e+00 -3.986009999999999831e-01
4.599999999999999645e+00 -4.063899999999999735e-01
4.610000000000000320e+00 -3.573999999999999955e-01
4.620000000000000107e+00 -2.825570000000000026e-01
4.629999999999999893e+00 -2.114199999999999968e-01
4.639999999999999680e+00 -1.606539999999999913e-01
4.650000000000000355e+00 -1.339059999999999973e-01
4.660000000000000142e+00 -1.272099999999999898e-01
4.669999999999999929e+00 -1.317010000000000125e-01
4.679999999999999716e+00 -1.326910000000000034e-01
4.690000000000000391e+00 -1.109529999999999961e-01
4.700000000000000178e+00 -5.029909999999999937e-02
4.709999999999999964e+00 5.201879999999999699e-02
4.719999999999999751e+00 1.800410000000000066e-01
4.730000000000000426e+00 3.042039999999999744e-01
4.740000000000000213e+00 3.950830000000000175e-01
4.750000000000000000e+00 4.378239999999999910e-01
4.759999999999999787e+00 4.379049999999999887e-01
4.769999999999999574e+00 4.141029999999999989e-01
4.780000000000000249e+00 3.841459999999999875e-01
4.790000000000000036e+00 3.544999999999999818e-01
4.799999999999999822e+00 3.217940000000000245e-01
4.809999999999999609e+00 2.824980000000000269e-01
4.820000000000000284e+00 2.405869999999999953e-01
4.830000000000000071e+00 2.064280000000000004e-01
4.839999999999999858e+00 1.893209999999999893e-01
4.849999999999999645e+00 1.914170000000000038e-01
4.860000000000000320e+00 2.079360000000000097e-01
4.870000000000000107e+00 2.319209999999999883e-01
4.879999999999999893e+00 2.581439999999999846e-01
4.889999999999999680e+00 2.831750000000000100e-01
4.900000000000000355e+00 3.035740000000000105e-01
4.910000000000000142e+00 3.159420000000000006e-01
4.919999999999999929e+00 3.193280000000000007e-01
4.929999999999999716e+00 3.166459999999999830e-01
4.940000000000000391e+00 3.123909999999999743e-01
4.950000000000000178e+00 3.084589999999999832e-01
4.959999999999999964e+00 3.025519999999999876e-01
4.969999999999999751e+00 2.909149999999999792e-01
4.980000000000000426e+00 2.724369999999999847e-01
4.990000000000000213e+00 2.498789999999999900e-01
5.000000000000000000e+00 2.272569999999999868e-01
5.009999999999999787e+00 2.060960000000000014e-01
5.019999999999999574e+00 1.837489999999999957e-01
5.030000000000000249e+00 1.547499999999999987e-01
5.040000000000000036e+00 1.138760000000000050e-01
5.049999999999999822e+00 5.877319999999999767e-02
5.059999999999999609e+00 -9.266959999999999434e-03
5.070000000000000284e+00 -8.612169999999999548e-02
5.080000000000000071e+00 -1.655240000000000045e-01
5.089999999999999858e+00 -2.382199999999999873e-01
5.099999999999999645e+00 -2.907290000000000152e-01
5.110000000000000320e+00 -3.071579999999999866e-01
5.120000000000000107e+00 -2.760810000000000208e-01
5.129999999999999893e+00 -1.993520000000000014e-01
5.139999999999999680e+00 -9.568749999999999478e-02
5.150000000000000355e+00 5.787389999999999896e-03
5.160000000000000142e+00 7.909220000000000139e-02
5.169999999999999929e+00 1.130130000000000023e-01
5.179999999999999716e+00 1.134610000000000063e-01
5.190000000000000391e+00 9.675749999999999629e-02
5.200000000000000178e+00 7.989709999999999868e-02
5.209999999999999964e+00 7.349849999999999439e-02
5.219999999999999751e+00 7.908569999999999489e-02
5.230000000000000426e+00 8.978210000000000357e-02
5.240000000000000213e+00 9.354179999999999440e-02
5.250000000000000000e+00 7.816289999999999349e-02
5.259999999999999787e+00 3.630069999999999825e-02
5.269999999999999574e+00 -3.170619999999999689e-02
5.280000000000000249e+00 -1.180070000000000008e-01
5.290000000000000036e+00 -2.096359999999999890e-01
5.299999999999999822e+00 -2.921679999999999833e-01
5.309999999999999609e+00 -3.538390000000000146e-01
5.320000000000000284e+00 -3.885159999999999725e-01
5.330000000000000071e+00 -3.952519999999999922e-01
5.339999999999999858e+00 -3.740600000000000036e-01
5.349999999999999645e+00 -3.213179999999999925e-01
5.360000000000000320e+00 -2.301900000000000057e-01
5.370000000000000107e+00 -9.838850000000000373e-02
5.379999999999999893e+00 6.112820000000000059e-02
5.389999999999999680e+00 2.159629999999999883e-01
5.400000000000000355e+00 3.237860000000000182e-01
5.410000000000000142e+00 3.528580000000000050e-01
5.419999999999999929e+00 3.006840000000000068e-01
5.429999999999999716e+00 1.969069999999999987e-01
5.440000000000000391e+00 8.719659999999999911e-02
5.450000000000000178e+00 8.773859999999999645e-03
5.459999999999999964e+00 -2.636439999999999964e-02
5.469999999999999751e+00 -3.125970000000000137e-02
5.480000000000000426e+00 -3.014649999999999969e-02
5.490000000000000213e+00 -4.240050000000000069e-02
5.500000000000000000e+00 -7.429710000000000480e-02
5.509999999999999787e+00 -1.204019999999999951e-01
5.519999999999999574e+00 -1.691690000000000138e-01
5.530000000000000249e+00 -2.069580000000000031e-01
5.540000000000000036e+00 -2.199149999999999994e-01
5.549999999999999822e+00 -1.970109999999999917e-01
5.559999999999999609e+00 -1.354100000000000026e-01
5.570000000000000284e+00 -4.437089999999999784e-02
5.580000000000000071e+00 5.696890000000000287e-02
5.589999999999999858e+00 1.476250000000000062e-01
5.599999999999999645e+00 2.132070000000000076e-01
5.610000000000000320e+00 2.495860000000000023e-01
5.620000000000000107e+00 2.611970000000000125e-01
5.629999999999999893e+00 2.569230000000000125e-01
5.639999999999999680e+00 2.461470000000000047e-01
5.650000000000000355e+00 2.356169999999999931e-01
5.660000000000000142e+00 2.273229999999999973e-01
5.669999999999999929e+00 2.183970000000000078e-01
5.679999999999999716e+00 2.036350000000000104e-01
5.690000000000000391e+00 1.794199999999999962e-01
5.700000000000000178e+00 1.467690000000000106e-01
5.709999999999999964e+00 1.121159999999999934e-01
5.719999999999999751e+00 8.587279999999999913e-02
5.730000000000000426e+00 7.899380000000000290e-02
5.740000000000000213e+00 9.777800000000000380e-02
5.750000000000000000e+00 1.387519999999999865e-01
5.759999999999999787e+00 1.874889999999999890e-01
5.769999999999999574e+00 2.241339999999999999e-01
5.780000000000000249e+00 2.333439999999999959e-01
5.790000000000000036e+00 2.119139999999999913e-01
5.799999999999999822e+00 1.685919999999999919e-01
5.809999999999999609e+00 1.170690000000000064e-01
5.820000000000000284e+00 6.829010000000000635e-02
5.830000000000000071e+00 2.742150000000000143e-02
5.839999999999999858e+00 -4.370689999999999992e-03
5.849999999999999645e+00 -2.686770000000000130e-02
5.860000000000000320e+00 -3.952809999999999657e-02
5.870000000000000107e+00 -4.221069999999999683e-02
5.879999999999999893e+00 -3.615129999999999733e-02
5.889999999999999680e+00 -2.361430000000000126e-02
5.900000000000000355e+00 -6.269460000000000137e-03
5.910000000000000142e+00 1.597430000000000030e-02
5.919999999999999929e+00 4.374209999999999904e-02
5.929999999999999716e+00 7.471339999999999926e-02
5.940000000000000391e+00 1.009079999999999977e-01
5.950000000000000178e+00 1.103139999999999954e-01
5.959999999999999964e+00 9.315859999999999419e-02
5.969999999999999751e+00 4.857310000000000100e-02
5.980000000000000426e+00 -1.383530000000000003e-02
5.990000000000000213e+00 -7.912139999999999451e-02
6.000000000000000000e+00 -1.349770000000000136e-01
6.009999999999999787e+00 -1.767809999999999937e-01
6.019999999999999574e+00 -2.070750000000000091e-01
6.030000000000000249e+00 -2.313030000000000086e-01
6.040000000000000036e+00 -2.533819999999999961e-01
6.049999999999999822e+00 -2.733709999999999751e-01
6.059999999999999609e+00 -2.875579999999999803e-01
6.070000000000000284e+00 -2.902939999999999965e-01
6.080000000000000071e+00 -2.764050000000000118e-01
6.089999999999999858e+00 -2.431800000000000073e-01
6.099999999999999645e+00 -1.917580000000000118e-01
6.110000000000000320e+00 -1.283529999999999949e-01
6.120000000000000107e+00 -6.470629999999999438e-02
6.129999999999999893e+00 -1.577200000000000130e-02
6.139999999999999680e+00 6.213330000000000415e-03
6.150000000000000355e+00 -1.714990000000000004e-03
6.160000000000000142e+00 -3.113240000000000104e-02
6.169999999999999929e+00 -6.673220000000000540e-02
6.179999999999999716e+00 -9.430819999999999481e-02
6.190000000000000391e+00 -1.067349999999999965e-01
6.200000000000000178e+00 -1.049189999999999984e-01
6.209999999999999964e+00 -9.465959999999999652e-02
6.219999999999999751e+00 -8.225730000000000541e-02
6.230000000000000426e+00 -7.116939999999999378e-02
6.240000000000000213e+00 -6.084470000000000156e-02
6.250000000000000000e+00 -4.781910000000000327e-02
6.259999999999999787e+00 -2.820510000000000031e-02
6.269999999999999574e+00 -8.067410000000000065e-05
6.280000000000000249e+00 3.540349999999999747e-02
6.290000000000000036e+00 7.433009999999999617e-02
6.299999999999999822e+00 1.111520000000000008e-01
6.309999999999999609e+00 1.401799999999999990e-01
6.320000000000000284e+00 1.572000000000000064e-01
6.330000000000000071e+00 1.607780000000000042e-01
6.339999999999999858e+00 1.524810000000000054e-01
6.349999999999999645e+00 1.356739999999999891e-01
6.360000000000000320e+00 1.136159999999999948e-01
6.370000000000000107e+00 8.813899999999999513e-02
6.379999999999999893e+00 5.978050000000000030e-02
6.389999999999999680e+00 2.913719999999999852e-02
6.400000000000000355e+00 -1.579829999999999950e-03
6.410000000000000142e+00 -2.798710000000000087e-02
6.419999999999999929e+00 -4.460560000000000219e-02
6.429999999999999716e+00 -4.711370000000000141e-02
6.440000000000000391e+00 -3.436949999999999728e-02
6.450000000000000178e+00 -8.977860000000000701e-03
6.459999999999999964e+00 2.352500000000000077e-02
6.469999999999999751e+00 5.592720000000000330e-02
6.480000000000000426e+00 8.079609999999999570e-02
6.490000000000000213e+00 9.286700000000000510e-02
6.500000000000000000e+00 9.213949999999999918e-02
6.509999999999999787e+00 8.515789999999999471e-02
6.519999999999999574e+00 8.186789999999999345e-02
6.530000000000000249e+00 8.914130000000000664e-02
6.540000000000000036e+00 1.059640000000000026e-01
6.549999999999999822e+00 1.244809999999999944e-01
6.559999999999999609e+00 1.358340000000000103e-01
6.570000000000000284e+00 1.355030000000000123e-01
6.580000000000000071e+00 1.240770000000000067e-01
6.589999999999999858e+00 1.041429999999999995e-01
6.599999999999999645e+00 7.709839999999999749e-02
6.610000000000000320e+00 4.251370000000000149e-02
6.620000000000000107e+00 -2.715120000000000120e-04
6.629999999999999893e+00 -4.989099999999999785e-02
6.639999999999999680e+00 -1.009499999999999981e-01
6.650000000000000355e+00 -1.431659999999999877e-01
6.660000000000000142e+00 -1.635860000000000092e-01
6.669999999999999929e+00 -1.530410000000000104e-01
6.679999999999999716e+00 -1.137869999999999993e-01
6.690000000000000391e+00 -6.185539999999999788e-02
6.700000000000000178e+00 -2.025439999999999879e-02
6.709999999999999964e+00 -6.934680000000000358e-03
6.719999999999999751e+00 -2.620919999999999847e-02
6.730000000000000426e+00 -6.893810000000000215e-02
6.740000000000000213e+00 -1.192219999999999946e-01
6.750000000000000000e+00 -1.616609999999999991e-01
6.759999999999999787e+00 -1.856659999999999977e-01
6.769999999999999574e+00 -1.871039999999999925e-01
6.780000000000000249e+00 -1.683550000000000046e-01
6.790000000000000036e+00 -1.368040000000000089e-01
6.799999999999999822e+00 -1.017610000000000042e-01
6.809999999999999609e+00 -7.109100000000000141e-02
6.820000000000000284e+00 -4.912880000000000025e-02
6.830000000000000071e+00 -3.625810000000000144e-02
6.839999999999999858e+00 -2.940929999999999933e-02
6.849999999999999645e+00 -2.318409999999999915e-02
6.860000000000000320e+00 -1.214200000000000002e-02
6.870000000000000107e+00 5.799010000000000276e-03
6.879999999999999893e+00 2.677200000000000066e-02
6.889999999999999680e+00 4.186539999999999706e-02
6.900000000000000355e+00 4.207869999999999666e-02
6.910000000000000142e+00 2.430509999999999962e-02
6.919999999999999929e+00 -6.143840000000000239e-03
6.929999999999999716e+00 -3.843900000000000095e-02
6.940000000000000391e+00 -6.222140000000000309e-02
6.950000000000000178e+00 -7.225959999999999328e-02
6.959999999999999964e+00 -6.913300000000000001e-02
6.969999999999999751e+00 -5.677669999999999939e-02
6.980000000000000426e+00 -3.962419999999999831e-02
6.990000000000000213e+00 -2.127240000000000034e-02
7.000000000000000000e+00 -4.559699999999999864e-03
7.009999999999999787e+00 8.236300000000000218e-03
7.019999999999999574e+00 1.588399999999999881e-02
7.030000000000000249e+00 1.879919999999999855e-02
7.040000000000000036e+00 1.856100000000000111e-02
7.049999999999999822e+00 1.617609999999999881e-02
7.059999999999999609e+00 1.067770000000000004e-02
7.070000000000000284e+00 -1.051129999999999946e-04
7.080000000000000071e+00 -1.681650000000000159e-02
7.089999999999999858e+00 -3.635920000000000124e-02
7.099999999999999645e+00 -5.247219999999999662e-02
7.110000000000000320e+00 -5.887509999999999966e-02
7.120000000000000107e+00 -5.267220000000000235e-02
7.129999999999999893e+00 -3.584829999999999961e-02
7.139999999999999680e+00 -1.420869999999999946e-02
7.150000000000000355e+00 5.524339999999999980e-03
7.160000000000000142e+00 1.891460000000000016e-02
7.169999999999999929e+00 2.542550000000000018e-02
7.179999999999999716e+00 2.731139999999999957e-02
7.190000000000000391e+00 2.667469999999999911e-02
7.200000000000000178e+00 2.335560000000000067e-02
7.209999999999999964e+00 1.577860000000000026e-02
7.219999999999999751e+00 4.018439999999999859e-03
7.230000000000000426e+00 -8.144469999999999141e-03
7.240000000000000213e+00 -1.471270000000000043e-02
7.250000000000000000e+00 -1.154540000000000080e-02
7.259999999999999787e+00 6.404149999999999730e-04
7.269999999999999574e+00 1.693350000000000063e-02
7.280000000000000249e+00 3.157859999999999834e-02
7.290000000000000036e+00 4.095660000000000273e-02
7.299999999999999822e+00 4.441629999999999884e-02
7.309999999999999609e+00 4.361310000000000187e-02
7.320000000000000284e+00 4.167959999999999721e-02
7.330000000000000071e+00 4.248749999999999749e-02
7.339999999999999858e+00 4.952290000000000164e-02
7.349999999999999645e+00 6.437569999999999404e-02
7.360000000000000320e+00 8.551060000000000605e-02
7.370000000000000107e+00 1.080359999999999931e-01
7.379999999999999893e+00 1.248760000000000009e-01
7.389999999999999680e+00 1.293199999999999905e-01
7.400000000000000355e+00 1.181019999999999986e-01
7.410000000000000142e+00 9.324309999999999543e-02
7.419999999999999929e+00 6.113829999999999959e-02
7.429999999999999716e+00 2.934869999999999840e-02
7.440000000000000391e+00 3.373800000000000150e-03
7.450000000000000178e+00 -1.450839999999999942e-02
7.459999999999999964e+00 -2.429620000000000044e-02
7.469999999999999751e+00 -2.678660000000000069e-02
7.480000000000000426e+00 -2.288820000000000091e-02
7.490000000000000213e+00 -1.373760000000000085e-02
7.500000000000000000e+00 -8.465060000000000162e-04
7.509999999999999787e+00 1.419289999999999961e-02
7.519999999999999574e+00 3.014810000000000059e-02
7.530000000000000249e+00 4.609309999999999796e-02
7.540000000000000036e+00 6.072799999999999726e-02
7.549999999999999822e+00 7.183730000000000671e-02
7.559999999999999609e+00 7.685519999999999852e-02
7.570000000000000284e+00 7.449310000000000653e-02
7.580000000000000071e+00 6.608509999999999385e-02
7.589999999999999858e+00 5.525290000000000062e-02
7.599999999999999645e+00 4.591560000000000086e-02
7.610000000000000320e+00 4.015010000000000107e-02
7.620000000000000107e+00 3.749949999999999811e-02
7.629999999999999893e+00 3.604559999999999709e-02
7.639999999999999680e+00 3.417169999999999930e-02
7.650000000000000355e+00 3.159700000000000009e-02
7.660000000000000142e+00 2.908699999999999827e-02
7.669999999999999929e+00 2.740000000000000074e-02
7.679999999999999716e+00 2.649529999999999941e-02
7.690000000000000391e+00 2.555670000000000164e-02
7.700000000000000178e+00 2.358230000000000048e-02
7.709999999999999964e+00 1.993889999999999899e-02
7.719999999999999751e+00 1.453349999999999954e-02
7.730000000000000426e+00 7.705219999999999604e-03
7.740000000000000213e+00 1.714599999999999881e-04
7.750000000000000000e+00 -6.779549999999999639e-03
7.759999999999999787e+00 -1.104549999999999976e-02
7.769999999999999574e+00 -9.947950000000000542e-03
7.780000000000000249e+00 -1.358739999999999991e-03
7.790000000000000036e+00 1.463710000000000011e-02
7.799999999999999822e+00 3.479109999999999842e-02
7.809999999999999609e+00 5.372949999999999948e-02
7.820000000000000284e+00 6.685939999999999939e-02
7.830000000000000071e+00 7.314779999999999893e-02
7.839999999999999858e+00 7.538100000000000356e-02
7.849999999999999645e+00 7.746490000000000320e-02
7.860000000000000320e+00 8.099919999999999343e-02
7.870000000000000107e+00 8.407449999999999646e-02
7.879999999999999893e+00 8.324990000000000168e-02
7.889999999999999680e+00 7.693220000000000613e-02
7.900000000000000355e+00 6.731579999999999508e-02
7.910000000000000142e+00 5.925840000000000274e-02
7.919999999999999929e+00 5.683479999999999782e-02
7.929999999999999716e+00 6.015600000000000114e-02
7.940000000000000391e+00 6.499679999999999347e-02
7.950000000000000178e+00 6.561229999999999840e-02
7.959999999999999964e+00 5.847089999999999926e-02
7.969999999999999751e+00 4.398679999999999951e-02
7.980000000000000426e+00 2.533840000000000051e-02
7.990000000000000213e+00 5.947250000000000279e-03
8.000000000000000000e+00 -1.227080000000000011e-02
8.009999999999999787e+00 -2.914339999999999986e-02
8.019999999999999574e+00 -4.556230000000000002e-02
8.029999999999999361e+00 -6.264210000000000611e-02
8.039999999999999147e+00 -8.108619999999999717e-02
8.050000000000000711e+00 -1.009739999999999943e-01
8.060000000000000497e+00 -1.220379999999999937e-01
8.070000000000000284e+00 -1.439620000000000066e-01
8.080000000000000071e+00 -1.659680000000000044e-01
8.089999999999999858e+00 -1.857469999999999954e-01
8.099999999999999645e+00 -1.990470000000000017e-01
8.109999999999999432e+00 -2.011169999999999902e-01
8.119999999999999218e+00 -1.893910000000000038e-01
8.130000000000000782e+00 -1.652450000000000030e-01
8.140000000000000568e+00 -1.334639999999999993e-01
8.150000000000000355e+00 -1.001329999999999998e-01
8.160000000000000142e+00 -7.064950000000000396e-02
8.169999999999999929e+00 -4.851790000000000269e-02
8.179999999999999716e+00 -3.469269999999999993e-02
8.189999999999999503e+00 -2.754339999999999913e-02
8.199999999999999289e+00 -2.406399999999999859e-02
8.210000000000000853e+00 -2.208579999999999918e-02
8.220000000000000639e+00 -2.181349999999999956e-02
8.230000000000000426e+00 -2.506349999999999897e-02
8.240000000000000213e+00 -3.258489999999999998e-02
8.250000000000000000e+00 -4.180330000000000157e-02
8.259999999999999787e+00 -4.718809999999999671e-02
8.269999999999999574e+00 -4.326580000000000009e-02
8.279999999999999361e+00 -2.810649999999999954e-02
8.289999999999999147e+00 -4.761500000000000107e-03
8.300000000000000711e+00 2.026939999999999992e-02
8.310000000000000497e+00 4.038370000000000154e-02
8.320000000000000284e+00 5.191930000000000156e-02
8.330000000000000071e+00 5.532129999999999687e-02
8.339999999999999858e+00 5.415509999999999768e-02
8.349999999999999645e+00 5.273239999999999872e-02
8.359999999999999432e+00 5.357660000000000200e-02
8.369999999999999218e+00 5.597030000000000061e-02
8.380000000000000782e+00 5.644210000000000199e-02
8.390000000000000568e+00 5.105869999999999853e-02
8.400000000000000355e+00 3.807930000000000342e-02
8.410000000000000142e+00 1.905329999999999871e-02
8.419999999999999929e+00 -2.387760000000000056e-03
8.429999999999999716e+00 -2.283369999999999844e-02
8.439999999999999503e+00 -4.053849999999999815e-02
8.449999999999999289e+00 -5.523709999999999731e-02
8.460000000000000853e+00 -6.721920000000000672e-02
8.470000000000000639e+00 -7.684080000000000077e-02
8.480000000000000426e+00 -8.462820000000000065e-02
8.490000000000000213e+00 -9.129769999999999552e-02
8.500000000000000000e+00 -9.730980000000000185e-02
8.509999999999999787e+00 -1.023690000000000017e-01
8.519999999999999574e+00 -1.055090000000000056e-01
8.529999999999999361e+00 -1.058290000000000064e-01
8.539999999999999147e+00 -1.032799999999999968e-01
8.550000000000000711e+00 -9.879839999999999456e-02
8.560000000000000497e+00 -9.366599999999999926e-02
8.570000000000000284e+00 -8.853500000000000258e-02
8.580000000000000071e+00 -8.286789999999999434e-02
8.589999999999999858e+00 -7.530399999999999594e-02
8.599999999999999645e+00 -6.487479999999999636e-02
8.609999999999999432e+00 -5.225629999999999858e-02
8.619999999999999218e+00 -3.995660000000000184e-02
8.630000000000000782e+00 -3.103749999999999912e-02
8.640000000000000568e+00 -2.725669999999999829e-02
8.650000000000000355e+00 -2.811879999999999935e-02
8.660000000000000142e+00 -3.147710000000000091e-02
8.669999999999999929e+00 -3.489949999999999997e-02
8.679999999999999716e+00 -3.654070000000000235e-02
8.689999999999999503e+00 -3.510370000000000157e-02
8.699999999999999289e+00 -2.946560000000000151e-02
8.710000000000000853e+00 -1.861610000000000001e-02
8.720000000000000639e+00 -1.924270000000000060e-03
8.730000000000000426e+00 2.058439999999999923e-02
8.740000000000000213e+00 4.799570000000000225e-02
8.750000000000000000e+00 7.815210000000000212e-02
8.759999999999999787e+00 1.073329999999999979e-01
8.769999999999999574e+00 1.305850000000000066e-01
8.779999999999999361e+00 1.430939999999999990e-01
8.789999999999999147e+00 1.421370000000000133e-01
8.800000000000000711e+00 1.284069999999999934e-01
8.810000000000000497e+00 1.058230000000000004e-01
8.820000000000000284e+00 7.992829999999999380e-02
8.830000000000000071e+00 5.590359999999999774e-02
8.839999999999999858e+00 3.730170000000000013e-02
8.849999999999999645e+00 2.581910000000000108e-02
8.859999999999999432e+00 2.155150000000000121e-02
8.869999999999999218e+00 2.310649999999999857e-02
8.880000000000000782e+00 2.766530000000000031e-02
8.890000000000000568e+00 3.159519999999999690e-02
8.900000000000000355e+00 3.173070000000000057e-02
8.910000000000000142e+00 2.656120000000000009e-02
8.919999999999999929e+00 1.651849999999999846e-02
8.929999999999999716e+00 3.425880000000000071e-03
8.939999999999999503e+00 -1.022080000000000037e-02
8.949999999999999289e+00 -2.182929999999999940e-02
8.960000000000000853e+00 -2.936710000000000015e-02
8.970000000000000639e+00 -3.211050000000000015e-02
8.980000000000000426e+00 -3.092359999999999901e-02
8.990000000000000213e+00 -2.762039999999999981e-02
9.000000000000000000e+00 -2.383220000000000130e-02
9.009999999999999787e+00 -2.035090000000000163e-02
9.019999999999999574e+00 -1.743460000000000149e-02
9.029999999999999361e+00 -1.555969999999999923e-02
9.039999999999999147e+00 -1.565719999999999959e-02
9.050000000000000711e+00 -1.844710000000000100e-02
9.060000000000000497e+00 -2.349340000000000109e-02
9.070000000000000284e+00 -2.901340000000000169e-02
9.080000000000000071e+00 -3.280849999999999739e-02
9.089999999999999858e+00 -3.357279999999999986e-02
9.099999999999999645e+00 -3.147830000000000072e-02
9.109999999999999432e+00 -2.769140000000000143e-02
9.119999999999999218e+00 -2.346190000000000081e-02
9.130000000000000782e+00 -1.959989999999999996e-02
9.140000000000000568e+00 -1.651899999999999896e-02
9.150000000000000355e+00 -1.445289999999999943e-02
9.160000000000000142e+00 -1.348040000000000002e-02
9.169999999999999929e+00 -1.337529999999999969e-02
9.179999999999999716e+00 -1.351920000000000031e-02
9.189999999999999503e+00 -1.303050000000000042e-02
9.199999999999999289e+00 -1.108609999999999977e-02
9.210000000000000853e+00 -7.337129999999999867e-03
9.220000000000000639e+00 -2.295929999999999846e-03
9.230000000000000426e+00 2.548320000000000186e-03
9.240000000000000213e+00 5.187680000000000069e-03
9.250000000000000000e+00 4.106040000000000037e-03
9.259999999999999787e+00 -7.428180000000000156e-04
9.269999999999999574e+00 -7.682149999999999569e-03
9.279999999999999361e+00 -1.388479999999999923e-02
9.289999999999999147e+00 -1.633199999999999930e-02
9.300000000000000711e+00 -1.285309999999999925e-02
9.310000000000000497e+00 -3.169819999999999843e-03
9.320000000000000284e+00 1.053100000000000043e-02
9.330000000000000071e+00 2.433839999999999962e-02
9.339999999999999858e+00 3.469830000000000136e-02
9.349999999999999645e+00 4.041419999999999735e-02
9.359999999999999432e+00 4.292780000000000207e-02
9.369999999999999218e+00 4.473049999999999943e-02
9.380000000000000782e+00 4.733339999999999770e-02
9.390000000000000568e+00 5.039060000000000067e-02
9.400000000000000355e+00 5.253560000000000174e-02
9.410000000000000142e+00 5.319820000000000104e-02
9.419999999999999929e+00 5.373379999999999823e-02
9.429999999999999716e+00 5.640300000000000175e-02
9.439999999999999503e+00 6.159839999999999760e-02
9.449999999999999289e+00 6.591450000000000087e-02
9.460000000000000853e+00 6.350709999999999689e-02
9.470000000000000639e+00 5.017490000000000144e-02
9.480000000000000426e+00 2.680659999999999987e-02
9.490000000000000213e+00 -6.114059999999999937e-04
9.500000000000000000e+00 -2.413119999999999848e-02
9.509999999999999787e+00 -3.762340000000000129e-02
9.519999999999999574e+00 -3.905050000000000188e-02
9.529999999999999361e+00 -3.064390000000000169e-02
9.539999999999999147e+00 -1.744230000000000086e-02
9.550000000000000711e+00 -5.028170000000000209e-03
9.560000000000000497e+00 2.561780000000000047e-03
9.570000000000000284e+00 3.967369999999999577e-03
9.580000000000000071e+00 4.975539999999999867e-04
9.589999999999999858e+00 -4.690459999999999595e-03
9.599999999999999645e+00 -7.900940000000000393e-03
9.609999999999999432e+00 -6.458939999999999820e-03
9.619999999999999218e+00 1.983229999999999984e-05
9.630000000000000782e+00 9.457399999999999488e-03
9.640000000000000568e+00 1.853820000000000121e-02
9.650000000000000355e+00 2.454310000000000172e-02
9.660000000000000142e+00 2.648999999999999966e-02
9.669999999999999929e+00 2.497080000000000133e-02
9.679999999999999716e+00 2.122740000000000044e-02
9.689999999999999503e+00 1.643089999999999828e-02
9.699999999999999289e+00 1.155169999999999982e-02
9.710000000000000853e+00 7.464410000000000316e-03
9.720000000000000639e+00 4.809729999999999908e-03
9.730000000000000426e+00 3.604899999999999858e-03
9.740000000000000213e+00 3.027699999999999923e-03
9.750000000000000000e+00 1.740980000000000045e-03
9.759999999999999787e+00 -1.353349999999999909e-03
9.769999999999999574e+00 -6.483919999999999788e-03
9.779999999999999361e+00 -1.301090000000000059e-02
9.789999999999999147e+00 -2.000539999999999957e-02
9.800000000000000711e+00 -2.679310000000000025e-02
9.810000000000000497e+00 -3.291229999999999850e-02
9.820000000000000284e+00 -3.760079999999999673e-02
9.830000000000000071e+00 -3.947110000000000202e-02
9.839999999999999858e+00 -3.686690000000000106e-02
9.849999999999999645e+00 -2.879330000000000084e-02
9.859999999999999432e+00 -1.591949999999999962e-02
9.869999999999999218e+00 -1.062130000000000105e-03
9.880000000000000782e+00 1.144960000000000075e-02
9.890000000000000568e+00 1.776399999999999854e-02
9.900000000000000355e+00 1.699579999999999841e-02
9.910000000000000142e+00 1.232399999999999989e-02
9.919999999999999929e+00 9.405850000000000322e-03
9.929999999999999716e+00 1.301049999999999950e-02
9.939999999999999503e+00 2.437730000000000105e-02
9.949999999999999289e+00 4.100800000000000278e-02
9.960000000000000853e+00 5.841110000000000052e-02
9.970000000000000639e+00 7.214089999999999392e-02
9.980000000000000426e+00 7.908080000000000664e-02
9.990000000000000213e+00 7.795979999999999577e-02
1.000000000000000000e+01 6.937770000000000048e-02
1.000999999999999979e+01 5.537170000000000286e-02
1.001999999999999957e+01 3.855920000000000181e-02
1.002999999999999936e+01 2.120340000000000072e-02
1.003999999999999915e+01 4.699169999999999910e-03
1.005000000000000071e+01 -1.031379999999999970e-02
1.006000000000000050e+01 -2.348880000000000065e-02
1.007000000000000028e+01 -3.444930000000000214e-02
1.008000000000000007e+01 -4.283019999999999883e-02
1.008999999999999986e+01 -4.849540000000000101e-02
1.009999999999999964e+01 -5.163700000000000234e-02
1.010999999999999943e+01 -5.269080000000000291e-02
1.011999999999999922e+01 -5.216959999999999653e-02
1.013000000000000078e+01 -5.046260000000000329e-02
1.014000000000000057e+01 -4.757490000000000330e-02
1.015000000000000036e+01 -4.287849999999999995e-02
1.016000000000000014e+01 -3.512900000000000050e-02
1.016999999999999993e+01 -2.303120000000000167e-02
1.017999999999999972e+01 -6.330579999999999714e-03
1.018999999999999950e+01 1.320359999999999936e-02
1.019999999999999929e+01 3.190140000000000337e-02
1.021000000000000085e+01 4.580680000000000168e-02
1.022000000000000064e+01 5.281090000000000090e-02
1.023000000000000043e+01 5.363380000000000231e-02
1.024000000000000021e+01 5.092549999999999855e-02
1.025000000000000000e+01 4.742190000000000294e-02
1.025999999999999979e+01 4.467920000000000225e-02
1.026999999999999957e+01 4.300600000000000256e-02
1.027999999999999936e+01 4.207840000000000191e-02
1.028999999999999915e+01 4.151370000000000060e-02
1.030000000000000071e+01 4.114179999999999920e-02
1.031000000000000050e+01 4.103300000000000003e-02
1.032000000000000028e+01 4.129239999999999994e-02
1.033000000000000007e+01 4.163469999999999671e-02
1.033999999999999986e+01 4.101989999999999803e-02
1.034999999999999964e+01 3.782220000000000026e-02
1.035999999999999943e+01 3.066670000000000160e-02
1.036999999999999922e+01 1.937660000000000077e-02
1.038000000000000078e+01 5.210639999999999890e-03
1.039000000000000057e+01 -9.789670000000000316e-03
1.040000000000000036e+01 -2.364339999999999845e-02
1.041000000000000014e+01 -3.474080000000000223e-02
1.041999999999999993e+01 -4.176450000000000301e-02
1.042999999999999972e+01 -4.389450000000000296e-02
1.043999999999999950e+01 -4.140760000000000274e-02
1.044999999999999929e+01 -3.594060000000000310e-02
1.046000000000000085e+01 -2.980690000000000076e-02
1.047000000000000064e+01 -2.475149999999999920e-02
1.048000000000000043e+01 -2.115540000000000129e-02
1.049000000000000021e+01 -1.827020000000000033e-02
1.050000000000000000e+01 -1.516149999999999963e-02
1.050999999999999979e+01 -1.158099999999999928e-02
1.051999999999999957e+01 -8.187399999999999192e-03
1.052999999999999936e+01 -6.040750000000000113e-03
1.053999999999999915e+01 -5.761650000000000105e-03
1.055000000000000071e+01 -7.001480000000000030e-03
1.056000000000000050e+01 -8.727129999999999610e-03
1.057000000000000028e+01 -1.021490000000000072e-02
1.058000000000000007e+01 -1.192370000000000062e-02
1.058999999999999986e+01 -1.529229999999999999e-02
1.059999999999999964e+01 -2.136319999999999886e-02
1.060999999999999943e+01 -2.935969999999999899e-02
1.061999999999999922e+01 -3.662880000000000302e-02
1.063000000000000078e+01 -4.017989999999999756e-02
1.064000000000000057e+01 -3.851729999999999737e-02
1.065000000000000036e+01 -3.227320000000000189e-02
1.066000000000000014e+01 -2.343840000000000159e-02
1.066999999999999993e+01 -1.418890000000000082e-02
1.067999999999999972e+01 -6.228820000000000363e-03
1.068999999999999950e+01 -8.126430000000000459e-04
1.069999999999999929e+01 8.084999999999999739e-04
1.071000000000000085e+01 -3.044520000000000212e-03
1.072000000000000064e+01 -1.409599999999999916e-02
1.073000000000000043e+01 -3.238579999999999931e-02
1.074000000000000021e+01 -5.425750000000000017e-02
1.075000000000000000e+01 -7.249769999999999825e-02
1.075999999999999979e+01 -7.977499999999999869e-02
1.076999999999999957e+01 -7.318080000000000418e-02
1.077999999999999936e+01 -5.606019999999999753e-02
1.078999999999999915e+01 -3.563999999999999807e-02
1.080000000000000071e+01 -1.872139999999999915e-02
1.081000000000000050e+01 -8.840769999999999532e-03
1.082000000000000028e+01 -6.196250000000000369e-03
1.083000000000000007e+01 -9.131490000000000787e-03
1.083999999999999986e+01 -1.546989999999999997e-02
1.084999999999999964e+01 -2.308920000000000070e-02
1.085999999999999943e+01 -3.011170000000000166e-02
1.086999999999999922e+01 -3.514400000000000163e-02
1.088000000000000078e+01 -3.756040000000000073e-02
1.089000000000000057e+01 -3.755610000000000198e-02
1.090000000000000036e+01 -3.584049999999999736e-02
1.091000000000000014e+01 -3.315169999999999922e-02
1.091999999999999993e+01 -2.989549999999999846e-02
1.092999999999999972e+01 -2.603170000000000137e-02
1.093999999999999950e+01 -2.111199999999999882e-02
1.094999999999999929e+01 -1.437010000000000023e-02
1.096000000000000085e+01 -4.902560000000000251e-03
1.097000000000000064e+01 7.990759999999999530e-03
1.098000000000000043e+01 2.437910000000000077e-02
1.099000000000000021e+01 4.334049999999999708e-02
1.100000000000000000e+01 6.278830000000000522e-02
1.100999999999999979e+01 7.963309999999999833e-02
1.101999999999999957e+01 9.049709999999999699e-02
1.102999999999999936e+01 9.293659999999999421e-02
1.103999999999999915e+01 8.651979999999999393e-02
1.105000000000000071e+01 7.293479999999999408e-02
1.106000000000000050e+01 5.508199999999999902e-02
1.107000000000000028e+01 3.603889999999999871e-02
1.108000000000000007e+01 1.863990000000000091e-02
1.108999999999999986e+01 5.401109999999999765e-03
1.109999999999999964e+01 -1.888949999999999917e-03
1.110999999999999943e+01 -2.862980000000000212e-03
1.111999999999999922e+01 1.195040000000000078e-03
1.113000000000000078e+01 7.954829999999999540e-03
1.114000000000000057e+01 1.501000000000000077e-02
1.115000000000000036e+01 2.058890000000000026e-02
1.116000000000000014e+01 2.389859999999999901e-02
1.116999999999999993e+01 2.527760000000000076e-02
1.117999999999999972e+01 2.607970000000000080e-02
1.118999999999999950e+01 2.800679999999999836e-02
1.119999999999999929e+01 3.196659999999999779e-02
1.121000000000000085e+01 3.714470000000000272e-02
1.122000000000000064e+01 4.113939999999999958e-02
1.123000000000000043e+01 4.134770000000000112e-02
1.124000000000000021e+01 3.674729999999999663e-02
1.125000000000000000e+01 2.873759999999999856e-02
1.125999999999999979e+01 2.031890000000000085e-02
1.126999999999999957e+01 1.415280000000000010e-02
1.127999999999999936e+01 1.087929999999999973e-02
1.128999999999999915e+01 8.806390000000000745e-03
1.130000000000000071e+01 5.047900000000000130e-03
1.131000000000000050e+01 -2.755580000000000095e-03
1.132000000000000028e+01 -1.513609999999999955e-02
1.133000000000000007e+01 -3.036969999999999947e-02
1.133999999999999986e+01 -4.488899999999999835e-02
1.134999999999999964e+01 -5.452579999999999927e-02
1.135999999999999943e+01 -5.650530000000000136e-02
1.136999999999999922e+01 -5.132570000000000188e-02
1.138000000000000078e+01 -4.290250000000000313e-02
1.139000000000000057e+01 -3.618869999999999726e-02
1.140000000000000036e+01 -3.380369999999999903e-02
1.141000000000000014e+01 -3.454369999999999663e-02
1.141999999999999993e+01 -3.512989999999999863e-02
1.142999999999999972e+01 -3.349680000000000019e-02
1.143999999999999950e+01 -3.056419999999999970e-02
1.144999999999999929e+01 -2.907650000000000165e-02
1.146000000000000085e+01 -3.086830000000000129e-02
1.147000000000000064e+01 -3.509670000000000151e-02
1.148000000000000043e+01 -3.880530000000000090e-02
1.149000000000000021e+01 -3.907669999999999894e-02
1.150000000000000000e+01 -3.492560000000000109e-02
1.150999999999999979e+01 -2.766700000000000062e-02
1.151999999999999957e+01 -1.987900000000000084e-02
1.152999999999999936e+01 -1.395330000000000008e-02
1.153999999999999915e+01 -1.109910000000000063e-02
1.155000000000000071e+01 -1.109790000000000082e-02
1.156000000000000050e+01 -1.270489999999999987e-02
1.157000000000000028e+01 -1.441820000000000081e-02
1.158000000000000007e+01 -1.522459999999999959e-02
1.158999999999999986e+01 -1.494930000000000044e-02
1.159999999999999964e+01 -1.407749999999999974e-02
1.160999999999999943e+01 -1.322169999999999943e-02
1.161999999999999922e+01 -1.254949999999999989e-02
1.163000000000000078e+01 -1.147639999999999945e-02
1.164000000000000057e+01 -8.848129999999999190e-03
1.165000000000000036e+01 -3.620949999999999950e-03
1.166000000000000014e+01 4.329890000000000301e-03
1.166999999999999993e+01 1.387399999999999918e-02
1.167999999999999972e+01 2.309819999999999929e-02
1.168999999999999950e+01 3.027490000000000042e-02
1.169999999999999929e+01 3.460110000000000269e-02
1.171000000000000085e+01 3.623370000000000063e-02
1.172000000000000064e+01 3.578440000000000093e-02
1.173000000000000043e+01 3.376479999999999759e-02
1.174000000000000021e+01 3.027809999999999876e-02
1.175000000000000000e+01 2.500010000000000079e-02
1.175999999999999979e+01 1.753510000000000138e-02
1.176999999999999957e+01 8.231590000000000434e-03
1.177999999999999936e+01 -9.711789999999999659e-04
1.178999999999999915e+01 -6.626349999999999602e-03
1.180000000000000071e+01 -5.292149999999999806e-03
1.181000000000000050e+01 4.427419999999999620e-03
1.182000000000000028e+01 2.100230000000000152e-02
1.183000000000000007e+01 4.093249999999999666e-02
1.183999999999999986e+01 6.043060000000000098e-02
1.184999999999999964e+01 7.632049999999999945e-02
1.185999999999999943e+01 8.604030000000000011e-02
1.186999999999999922e+01 8.786180000000000379e-02
1.188000000000000078e+01 8.182129999999999959e-02
1.189000000000000057e+01 7.035489999999999799e-02
1.190000000000000036e+01 5.744330000000000269e-02
1.191000000000000014e+01 4.657039999999999791e-02
1.191999999999999993e+01 3.910999999999999893e-02
1.192999999999999972e+01 3.436159999999999909e-02
1.193999999999999950e+01 3.095619999999999969e-02
1.194999999999999929e+01 2.835139999999999882e-02
1.196000000000000085e+01 2.733570000000000097e-02
1.197000000000000064e+01 2.936909999999999868e-02
1.198000000000000043e+01 3.541849999999999860e-02
1.199000000000000021e+01 4.522090000000000137e-02
1.200000000000000000e+01 5.748210000000000125e-02
1.200999999999999979e+01 7.072549999999999670e-02
1.201999999999999957e+01 8.401740000000000597e-02
1.202999999999999936e+01 9.704160000000000563e-02
1.203999999999999915e+01 1.096769999999999967e-01
1.205000000000000071e+01 1.215859999999999996e-01
1.206000000000000050e+01 1.320790000000000020e-01
1.207000000000000028e+01 1.401169999999999916e-01
1.208000000000000007e+01 1.443180000000000018e-01
1.208999999999999986e+01 1.431679999999999897e-01
1.209999999999999964e+01 1.356410000000000116e-01
1.210999999999999943e+01 1.219279999999999947e-01
1.211999999999999922e+01 1.036490000000000050e-01
1.213000000000000078e+01 8.321580000000000643e-02
1.214000000000000057e+01 6.278140000000000109e-02
1.215000000000000036e+01 4.354269999999999669e-02
1.216000000000000014e+01 2.583090000000000039e-02
1.216999999999999993e+01 9.848630000000000578e-03
1.217999999999999972e+01 -3.525110000000000136e-03
1.218999999999999950e+01 -1.256679999999999950e-02
1.219999999999999929e+01 -1.558239999999999972e-02
1.221000000000000085e+01 -1.245630000000000001e-02
1.222000000000000064e+01 -5.750940000000000392e-03
1.223000000000000043e+01 -2.615270000000000051e-04
1.224000000000000021e+01 -9.401070000000000303e-04
1.225000000000000000e+01 -1.032970000000000069e-02
1.225999999999999979e+01 -2.710289999999999921e-02
1.226999999999999957e+01 -4.664850000000000246e-02
1.227999999999999936e+01 -6.338130000000000153e-02
1.228999999999999915e+01 -7.339869999999999728e-02
1.230000000000000071e+01 -7.593700000000000450e-02
1.231000000000000050e+01 -7.293370000000000408e-02
1.232000000000000028e+01 -6.728380000000000472e-02
1.233000000000000007e+01 -6.115349999999999953e-02
1.233999999999999986e+01 -5.540520000000000167e-02
1.234999999999999964e+01 -5.015119999999999995e-02
1.235999999999999943e+01 -4.560560000000000308e-02
1.236999999999999922e+01 -4.240359999999999963e-02
1.238000000000000078e+01 -4.123369999999999813e-02
1.239000000000000057e+01 -4.227870000000000239e-02
1.240000000000000036e+01 -4.504219999999999752e-02
1.241000000000000014e+01 -4.868469999999999742e-02
1.241999999999999993e+01 -5.251959999999999962e-02
1.242999999999999972e+01 -5.624459999999999876e-02
1.243999999999999950e+01 -5.980429999999999774e-02
1.244999999999999929e+01 -6.311899999999999455e-02
1.246000000000000085e+01 -6.597000000000000086e-02
1.247000000000000064e+01 -6.811580000000000412e-02
1.248000000000000043e+01 -6.948650000000000659e-02
1.249000000000000021e+01 -7.026780000000000526e-02
1.250000000000000000e+01 -7.080559999999999632e-02
1.250999999999999979e+01 -7.140019999999999700e-02
1.251999999999999957e+01 -7.210690000000000155e-02
1.252999999999999936e+01 -7.264859999999999374e-02
1.253999999999999915e+01 -7.251230000000000175e-02
1.255000000000000071e+01 -7.121470000000000578e-02
1.256000000000000050e+01 -6.859079999999999344e-02
1.257000000000000028e+01 -6.489409999999999623e-02
1.258000000000000007e+01 -6.062990000000000046e-02
1.258999999999999986e+01 -5.625460000000000182e-02
1.259999999999999964e+01 -5.196629999999999999e-02
1.260999999999999943e+01 -4.770400000000000335e-02
1.261999999999999922e+01 -4.332590000000000052e-02
1.263000000000000078e+01 -3.886019999999999752e-02
1.264000000000000057e+01 -3.468369999999999786e-02
1.265000000000000036e+01 -3.146940000000000154e-02
1.266000000000000014e+01 -2.986470000000000097e-02
1.266999999999999993e+01 -3.009799999999999975e-02
1.267999999999999972e+01 -3.183060000000000056e-02
1.268999999999999950e+01 -3.437679999999999902e-02
1.269999999999999929e+01 -3.709570000000000228e-02
1.271000000000000085e+01 -3.965049999999999825e-02
1.272000000000000064e+01 -4.202729999999999660e-02
1.273000000000000043e+01 -4.441509999999999903e-02
1.274000000000000021e+01 -4.704119999999999829e-02
1.275000000000000000e+01 -4.993840000000000084e-02
1.275999999999999979e+01 -5.266900000000000054e-02
1.276999999999999957e+01 -5.422899999999999943e-02
1.277999999999999936e+01 -5.338020000000000265e-02
1.278999999999999915e+01 -4.931420000000000248e-02
1.280000000000000071e+01 -4.216129999999999878e-02
1.281000000000000050e+01 -3.290309999999999763e-02
1.282000000000000028e+01 -2.276589999999999864e-02
1.283000000000000007e+01 -1.260690000000000074e-02
1.283999999999999986e+01 -2.716479999999999850e-03
1.284999999999999964e+01 6.985029999999999711e-03
1.285999999999999943e+01 1.665979999999999892e-02
1.286999999999999922e+01 2.639040000000000136e-02
1.288000000000000078e+01 3.614819999999999839e-02
1.289000000000000057e+01 4.582800000000000068e-02
1.290000000000000036e+01 5.534320000000000211e-02
1.291000000000000014e+01 6.480700000000000349e-02
1.291999999999999993e+01 7.470090000000000063e-02
1.292999999999999972e+01 8.573840000000000627e-02
1.293999999999999950e+01 9.817499999999999838e-02
1.294999999999999929e+01 1.108139999999999958e-01
1.296000000000000085e+01 1.205790000000000056e-01
1.297000000000000064e+01 1.234620000000000023e-01
1.298000000000000043e+01 1.166340000000000016e-01
1.299000000000000021e+01 1.003760000000000069e-01
1.300000000000000000e+01 7.839980000000000560e-02
1.300999999999999979e+01 5.628799999999999776e-02
1.301999999999999957e+01 3.903609999999999719e-02
1.302999999999999936e+01 2.915879999999999861e-02
1.303999999999999915e+01 2.629580000000000112e-02
1.305000000000000071e+01 2.820769999999999875e-02
1.306000000000000050e+01 3.218209999999999821e-02
1.307000000000000028e+01 3.584140000000000242e-02
1.308000000000000007e+01 3.723889999999999839e-02
1.308999999999999986e+01 3.501019999999999827e-02
1.309999999999999964e+01 2.912549999999999861e-02
1.310999999999999943e+01 2.165109999999999951e-02
1.311999999999999922e+01 1.631880000000000136e-02
1.313000000000000078e+01 1.656190000000000093e-02
1.314000000000000057e+01 2.320590000000000153e-02
1.315000000000000036e+01 3.359489999999999699e-02
1.316000000000000014e+01 4.294049999999999950e-02
1.316999999999999993e+01 4.698490000000000305e-02
1.317999999999999972e+01 4.411360000000000281e-02
1.318999999999999950e+01 3.558159999999999795e-02
1.319999999999999929e+01 2.402419999999999903e-02
1.321000000000000085e+01 1.165390000000000002e-02
1.322000000000000064e+01 -4.944800000000000497e-04
1.323000000000000043e+01 -1.204159999999999953e-02
1.324000000000000021e+01 -2.236360000000000084e-02
1.325000000000000000e+01 -3.034179999999999863e-02
1.325999999999999979e+01 -3.495949999999999752e-02
1.326999999999999957e+01 -3.607060000000000127e-02
1.327999999999999936e+01 -3.456490000000000257e-02
1.328999999999999915e+01 -3.180539999999999756e-02
1.330000000000000071e+01 -2.887589999999999948e-02
1.331000000000000050e+01 -2.622270000000000156e-02
1.332000000000000028e+01 -2.380559999999999968e-02
1.333000000000000007e+01 -2.145419999999999966e-02
1.333999999999999986e+01 -1.909910000000000080e-02
1.334999999999999964e+01 -1.678199999999999831e-02
1.335999999999999943e+01 -1.452789999999999984e-02
1.336999999999999922e+01 -1.220440000000000066e-02
1.338000000000000078e+01 -9.483029999999999932e-03
1.339000000000000057e+01 -5.962470000000000096e-03
1.340000000000000036e+01 -1.397479999999999990e-03
1.341000000000000014e+01 4.134299999999999607e-03
1.341999999999999993e+01 1.026550000000000032e-02
1.342999999999999972e+01 1.655649999999999830e-02
1.343999999999999950e+01 2.276339999999999961e-02
1.344999999999999929e+01 2.900130000000000069e-02
1.346000000000000085e+01 3.564869999999999844e-02
1.347000000000000064e+01 4.287230000000000207e-02
1.348000000000000043e+01 4.990800000000000097e-02
1.349000000000000021e+01 5.465949999999999975e-02
1.350000000000000000e+01 5.423990000000000061e-02
1.350999999999999979e+01 4.644539999999999780e-02
1.351999999999999957e+01 3.126070000000000237e-02
1.352999999999999936e+01 1.128499999999999989e-02
1.353999999999999915e+01 -9.296010000000000384e-03
1.355000000000000071e+01 -2.654859999999999859e-02
1.356000000000000050e+01 -3.834629999999999983e-02
1.357000000000000028e+01 -4.484319999999999973e-02
1.358000000000000007e+01 -4.778690000000000021e-02
1.358999999999999986e+01 -4.926130000000000092e-02
1.359999999999999964e+01 -5.068090000000000095e-02
1.360999999999999943e+01 -5.252400000000000124e-02
1.361999999999999922e+01 -5.467430000000000206e-02
1.363000000000000078e+01 -5.688929999999999682e-02
1.364000000000000057e+01 -5.904519999999999907e-02
1.365000000000000036e+01 -6.114730000000000165e-02
1.366000000000000014e+01 -6.325699999999999379e-02
1.366999999999999993e+01 -6.542820000000000580e-02
1.367999999999999972e+01 -6.765079999999999705e-02
1.368999999999999950e+01 -6.980369999999999631e-02
1.369999999999999929e+01 -7.165979999999999572e-02
1.371000000000000085e+01 -7.297979999999999745e-02
1.372000000000000064e+01 -7.364999999999999325e-02
1.373000000000000043e+01 -7.375760000000000649e-02
1.374000000000000021e+01 -7.353289999999999826e-02
1.375000000000000000e+01 -7.320930000000000493e-02
1.375999999999999979e+01 -7.291809999999999958e-02
1.376999999999999957e+01 -7.268170000000000186e-02
1.377999999999999936e+01 -7.247190000000000576e-02
1.378999999999999915e+01 -7.226169999999999816e-02
1.380000000000000071e+01 -7.204119999999999968e-02
1.381000000000000050e+01 -7.181079999999999408e-02
1.382000000000000028e+01 -7.157610000000000361e-02
1.383000000000000007e+01 -7.134989999999999388e-02
1.383999999999999986e+01 -7.115130000000000066e-02
1.384999999999999964e+01 -7.098519999999999830e-02
1.385999999999999943e+01 -7.080380000000000007e-02
1.386999999999999922e+01 -7.048599999999999310e-02
1.388000000000000078e+01 -6.987219999999999542e-02
1.389000000000000057e+01 -6.884850000000000692e-02
1.390000000000000036e+01 -6.741830000000000045e-02
1.391000000000000014e+01 -6.569930000000000214e-02
1.391999999999999993e+01 -6.385059999999999347e-02
1.392999999999999972e+01 -6.199040000000000106e-02
1.393999999999999950e+01 -6.016350000000000170e-02
1.394999999999999929e+01 -5.836260000000000059e-02
1.396000000000000085e+01 -5.656789999999999735e-02
1.397000000000000064e+01 -5.476890000000000230e-02
1.398000000000000043e+01 -5.296519999999999700e-02
1.399000000000000021e+01 -5.115970000000000240e-02
1.400000000000000000e+01 -4.935409999999999797e-02
1.400999999999999979e+01 -4.754869999999999930e-02
1.401999999999999957e+01 -4.574330000000000063e-02
1.402999999999999936e+01 -4.393869999999999720e-02
1.403999999999999915e+01 -4.213560000000000222e-02
1.405000000000000071e+01 -4.033060000000000117e-02
1.406000000000000050e+01 -3.851439999999999725e-02
1.407000000000000028e+01 -3.668430000000000302e-02
1.408000000000000007e+01 -3.486489999999999728e-02
1.408999999999999986e+01 -3.310969999999999885e-02
1.409999999999999964e+01 -3.145049999999999929e-02
1.410999999999999943e+01 -2.979549999999999907e-02
1.411999999999999922e+01 -2.785139999999999838e-02
1.413000000000000078e+01 -2.518039999999999862e-02
1.414000000000000057e+01 -2.141689999999999913e-02
1.415000000000000036e+01 -1.649650000000000075e-02
1.416000000000000014e+01 -1.069759999999999982e-02
1.416999999999999993e+01 -4.451519999999999609e-03
1.417999999999999972e+01 1.900280000000000068e-03
1.418999999999999950e+01 8.197239999999999735e-03
1.419999999999999929e+01 1.437000000000000083e-02
1.421000000000000085e+01 2.033899999999999944e-02
1.422000000000000064e+01 2.610410000000000161e-02
1.423000000000000043e+01 3.200809999999999766e-02
1.424000000000000021e+01 3.880209999999999909e-02
1.425000000000000000e+01 4.707100000000000173e-02
1.425999999999999979e+01 5.617969999999999908e-02
1.426999999999999957e+01 6.373429999999999374e-02
1.427999999999999936e+01 6.648900000000000643e-02
1.428999999999999915e+01 6.234930000000000333e-02
1.430000000000000071e+01 5.190609999999999669e-02
1.431000000000000050e+01 3.826279999999999959e-02
1.432000000000000028e+01 2.547369999999999843e-02
1.433000000000000007e+01 1.697159999999999988e-02
1.433999999999999986e+01 1.492459999999999967e-02
1.434999999999999964e+01 2.028390000000000054e-02
1.435999999999999943e+01 3.272180000000000227e-02
1.436999999999999922e+01 5.018910000000000038e-02
1.438000000000000078e+01 6.876889999999999392e-02
1.439000000000000057e+01 8.371950000000000225e-02
1.440000000000000036e+01 9.159630000000000549e-02
1.441000000000000014e+01 9.201389999999999569e-02
1.441999999999999993e+01 8.753700000000000370e-02
1.442999999999999972e+01 8.173539999999999972e-02
1.443999999999999950e+01 7.703590000000000437e-02
1.444999999999999929e+01 7.394340000000000634e-02
1.446000000000000085e+01 7.174719999999999709e-02
1.447000000000000064e+01 6.966020000000000545e-02
1.448000000000000043e+01 6.744250000000000245e-02
1.449000000000000021e+01 6.535009999999999430e-02
1.450000000000000000e+01 6.376650000000000373e-02
1.450999999999999979e+01 6.288639999999999508e-02
1.451999999999999957e+01 6.261819999999999886e-02
1.452999999999999936e+01 6.269080000000000485e-02
1.453999999999999915e+01 6.283660000000000634e-02
1.455000000000000071e+01 6.292480000000000295e-02
1.456000000000000050e+01 6.298960000000000670e-02
1.457000000000000028e+01 6.314870000000000205e-02
1.458000000000000007e+01 6.342040000000000177e-02
1.458999999999999986e+01 6.351650000000000351e-02
1.459999999999999964e+01 6.278680000000000372e-02
1.460999999999999943e+01 6.045060000000000017e-02
1.461999999999999922e+01 5.601439999999999891e-02
1.463000000000000078e+01 4.956920000000000076e-02
1.464000000000000057e+01 4.175360000000000182e-02
1.465000000000000036e+01 3.346840000000000231e-02
1.466000000000000014e+01 2.557879999999999876e-02
1.466999999999999993e+01 1.872209999999999847e-02
1.467999999999999972e+01 1.319490000000000073e-02
1.468999999999999950e+01 8.939139999999999933e-03
1.469999999999999929e+01 5.718889999999999911e-03
1.471000000000000085e+01 3.431969999999999899e-03
1.472000000000000064e+01 2.287249999999999787e-03
1.473000000000000043e+01 2.647179999999999846e-03
1.474000000000000021e+01 4.674649999999999812e-03
1.475000000000000000e+01 8.111550000000000357e-03
1.475999999999999979e+01 1.232879999999999913e-02
1.476999999999999957e+01 1.651530000000000012e-02
1.477999999999999936e+01 1.986189999999999831e-02
1.478999999999999915e+01 2.175020000000000078e-02
1.480000000000000071e+01 2.195420000000000010e-02
1.481000000000000050e+01 2.071370000000000156e-02
1.482000000000000028e+01 1.854360000000000036e-02
1.483000000000000007e+01 1.588120000000000157e-02
1.483999999999999986e+01 1.284910000000000045e-02
1.484999999999999964e+01 9.304259999999999961e-03
1.485999999999999943e+01 5.101920000000000240e-03
1.486999999999999922e+01 3.856530000000000158e-04
1.488000000000000078e+01 -4.265510000000000135e-03
1.489000000000000057e+01 -7.949440000000000325e-03
1.490000000000000036e+01 -9.818749999999999353e-03
1.491000000000000014e+01 -9.518300000000000372e-03
1.491999999999999993e+01 -7.347150000000000208e-03
1.492999999999999972e+01 -4.003320000000000316e-03
1.493999999999999950e+01 -1.660429999999999957e-04
1.494999999999999929e+01 3.678850000000000002e-03
1.496000000000000085e+01 7.075559999999999836e-03
1.497000000000000064e+01 9.417299999999999977e-03
1.498000000000000043e+01 1.007399999999999962e-02
1.499000000000000021e+01 8.745549999999999505e-03
1.500000000000000000e+01 5.662640000000000035e-03
1.500999999999999979e+01 1.450839999999999899e-03
1.501999999999999957e+01 -3.130529999999999858e-03
1.502999999999999936e+01 -7.300069999999999650e-03
1.503999999999999915e+01 -1.026089999999999988e-02
1.505000000000000071e+01 -1.134740000000000054e-02
1.506000000000000050e+01 -1.033270000000000022e-02
1.507000000000000028e+01 -7.593550000000000126e-03
1.508000000000000007e+01 -3.884719999999999927e-03
1.508999999999999986e+01 1.230319999999999970e-04
1.509999999999999964e+01 4.130370000000000395e-03
1.510999999999999943e+01 8.087520000000000819e-03
1.511999999999999922e+01 1.183479999999999949e-02
1.513000000000000078e+01 1.489749999999999928e-02
1.514000000000000057e+01 1.666969999999999910e-02
1.515000000000000036e+01 1.683650000000000077e-02
1.516000000000000014e+01 1.561760000000000058e-02
1.516999999999999993e+01 1.354059999999999986e-02
1.517999999999999972e+01 1.089689999999999930e-02
1.518999999999999950e+01 7.382640000000000209e-03
1.519999999999999929e+01 2.279250000000000026e-03
1.521000000000000085e+01 -5.009519999999999945e-03
1.522000000000000064e+01 -1.457250000000000038e-02
1.523000000000000043e+01 -2.598850000000000118e-02
1.524000000000000021e+01 -3.841870000000000007e-02
1.525000000000000000e+01 -5.047959999999999947e-02
1.525999999999999979e+01 -6.012680000000000108e-02
1.526999999999999957e+01 -6.510259999999999658e-02
1.527999999999999936e+01 -6.398679999999999646e-02
1.528999999999999915e+01 -5.706989999999999980e-02
1.530000000000000071e+01 -4.621770000000000045e-02
1.531000000000000050e+01 -3.377610000000000334e-02
1.532000000000000028e+01 -2.138709999999999917e-02
1.533000000000000007e+01 -9.494680000000000133e-03
1.533999999999999986e+01 2.361380000000000163e-03
1.534999999999999964e+01 1.477889999999999933e-02
1.535999999999999943e+01 2.757389999999999841e-02
1.536999999999999922e+01 3.914159999999999862e-02
1.538000000000000078e+01 4.677239999999999870e-02
1.539000000000000057e+01 4.823899999999999716e-02
1.540000000000000036e+01 4.378019999999999828e-02
1.541000000000000014e+01 3.676279999999999826e-02
1.541999999999999993e+01 3.209170000000000078e-02
1.542999999999999972e+01 3.339450000000000057e-02
1.543999999999999950e+01 4.111109999999999765e-02
1.544999999999999929e+01 5.273159999999999653e-02
1.546000000000000085e+01 6.460939999999999739e-02
1.547000000000000064e+01 7.385550000000000448e-02
1.548000000000000043e+01 7.929160000000000375e-02
1.549000000000000021e+01 8.135539999999999439e-02
1.550000000000000000e+01 8.137099999999999889e-02
1.550999999999999979e+01 8.068019999999999359e-02
1.551999999999999957e+01 8.004239999999999966e-02
1.552999999999999936e+01 7.951840000000000297e-02
1.553999999999999915e+01 7.877099999999999380e-02
1.555000000000000071e+01 7.750060000000000282e-02
1.556000000000000050e+01 7.568709999999999327e-02
1.557000000000000028e+01 7.346329999999999527e-02
1.558000000000000007e+01 7.072960000000000358e-02
1.558999999999999986e+01 6.688639999999999863e-02
1.559999999999999964e+01 6.103979999999999823e-02
1.560999999999999943e+01 5.264619999999999717e-02
1.561999999999999922e+01 4.212420000000000053e-02
1.563000000000000078e+01 3.090820000000000026e-02
1.564000000000000057e+01 2.083159999999999873e-02
1.565000000000000036e+01 1.323599999999999950e-02
1.566000000000000014e+01 8.394659999999999969e-03
1.566999999999999993e+01 5.589620000000000005e-03
1.567999999999999972e+01 3.710070000000000208e-03
1.568999999999999950e+01 1.916570000000000036e-03
1.569999999999999929e+01 -3.171740000000000231e-05
1.571000000000000085e+01 -1.882479999999999961e-03
1.572000000000000064e+01 -3.259569999999999829e-03
1.573000000000000043e+01 -4.056070000000000161e-03
1.574000000000000021e+01 -4.648219999999999782e-03
1.575000000000000000e+01 -5.798870000000000240e-03
1.575999999999999979e+01 -8.275499999999999870e-03
1.576999999999999957e+01 -1.242419999999999983e-02
1.577999999999999936e+01 -1.800749999999999920e-02
1.578999999999999915e+01 -2.440049999999999858e-02
1.580000000000000071e+01 -3.094819999999999863e-02
1.581000000000000050e+01 -3.720760000000000040e-02
1.582000000000000028e+01 -4.297120000000000106e-02
1.583000000000000007e+01 -4.814260000000000067e-02
1.583999999999999986e+01 -5.258310000000000067e-02
1.584999999999999964e+01 -5.603650000000000297e-02
1.585999999999999943e+01 -5.820170000000000204e-02
1.586999999999999922e+01 -5.892510000000000109e-02
1.588000000000000078e+01 -5.835510000000000003e-02
1.589000000000000057e+01 -5.691410000000000219e-02
1.590000000000000036e+01 -6.269710000000000560e-02
1.591000000000000014e+01 -6.988500000000000267e-02
1.591999999999999993e+01 -7.034400000000000375e-02
1.592999999999999972e+01 -7.106389999999999929e-02
1.593999999999999950e+01 -7.201810000000000156e-02
1.594999999999999929e+01 -7.307320000000000482e-02
1.596000000000000085e+01 -7.413350000000000495e-02
1.597000000000000064e+01 -7.528619999999999757e-02
1.598000000000000043e+01 -7.678260000000000640e-02
1.599000000000000021e+01 -7.879379999999999717e-02
1.600000000000000000e+01 -8.109439999999999704e-02
1.601000000000000156e+01 -8.294139999999999846e-02
1.601999999999999957e+01 -8.333749999999999492e-02
1.603000000000000114e+01 -8.163439999999999586e-02
1.603999999999999915e+01 -7.817119999999999624e-02
1.605000000000000071e+01 -7.445960000000000079e-02
1.605999999999999872e+01 -7.251979999999999538e-02
1.607000000000000028e+01 -7.351320000000000077e-02
1.607999999999999829e+01 -7.657200000000000117e-02
1.608999999999999986e+01 -7.891869999999999441e-02
1.610000000000000142e+01 -7.748320000000000207e-02
1.610999999999999943e+01 -7.087780000000000469e-02
1.612000000000000099e+01 -6.016649999999999776e-02
1.612999999999999901e+01 -4.790459999999999857e-02
1.614000000000000057e+01 -3.641040000000000249e-02
1.614999999999999858e+01 -2.670209999999999945e-02
1.616000000000000014e+01 -1.868639999999999884e-02
1.617000000000000171e+01 -1.203569999999999987e-02
1.617999999999999972e+01 -6.791929999999999842e-03
1.619000000000000128e+01 -3.252380000000000028e-03
1.619999999999999929e+01 -1.444250000000000004e-03
1.621000000000000085e+01 -8.101389999999999763e-04
1.621999999999999886e+01 -4.190460000000000127e-04
1.623000000000000043e+01 5.112180000000000240e-04
1.623999999999999844e+01 2.242379999999999981e-03
1.625000000000000000e+01 4.556560000000000298e-03
1.626000000000000156e+01 7.087190000000000156e-03
1.626999999999999957e+01 9.621579999999999369e-03
1.628000000000000114e+01 1.216740000000000009e-02
1.628999999999999915e+01 1.481370000000000083e-02
1.630000000000000071e+01 1.754850000000000160e-02
1.630999999999999872e+01 2.016700000000000090e-02
1.632000000000000028e+01 2.231630000000000072e-02
1.632999999999999829e+01 2.365830000000000016e-02
1.633999999999999986e+01 2.407310000000000005e-02
1.635000000000000142e+01 2.376589999999999953e-02
1.635999999999999943e+01 2.317140000000000172e-02
1.637000000000000099e+01 2.270379999999999968e-02
1.637999999999999901e+01 2.254400000000000154e-02
1.639000000000000057e+01 2.261950000000000072e-02
1.639999999999999858e+01 2.274839999999999848e-02
1.641000000000000014e+01 2.279230000000000145e-02
1.642000000000000171e+01 2.270710000000000089e-02
1.642999999999999972e+01 2.250339999999999979e-02
1.644000000000000128e+01 2.219439999999999955e-02
1.644999999999999929e+01 2.178149999999999878e-02
1.646000000000000085e+01 2.126899999999999971e-02
1.646999999999999886e+01 2.067880000000000065e-02
1.648000000000000043e+01 2.004970000000000016e-02
1.648999999999999844e+01 1.942079999999999848e-02
1.650000000000000000e+01 1.881630000000000108e-02
1.651000000000000156e+01 1.823889999999999886e-02
1.651999999999999957e+01 1.767499999999999974e-02
1.653000000000000114e+01 1.710419999999999996e-02
1.653999999999999915e+01 1.651120000000000018e-02
1.655000000000000071e+01 1.589219999999999869e-02
1.655999999999999872e+01 1.525540000000000056e-02
1.657000000000000028e+01 1.461540000000000061e-02
1.657999999999999829e+01 1.398510000000000031e-02
1.658999999999999986e+01 1.337059999999999985e-02
1.660000000000000142e+01 1.277219999999999918e-02
1.660999999999999943e+01 1.218699999999999992e-02
1.662000000000000099e+01 1.161150000000000029e-02
1.662999999999999901e+01 1.104220000000000028e-02
1.664000000000000057e+01 1.047529999999999989e-02
1.664999999999999858e+01 9.906589999999999840e-03
1.666000000000000014e+01 9.332589999999999983e-03
1.667000000000000171e+01 8.750970000000000276e-03
1.667999999999999972e+01 8.160739999999999661e-03
1.669000000000000128e+01 7.562239999999999587e-03
1.669999999999999929e+01 6.956870000000000415e-03
1.671000000000000085e+01 6.346130000000000174e-03
1.671999999999999886e+01 5.731130000000000078e-03
1.673000000000000043e+01 5.114249999999999872e-03
1.673999999999999844e+01 4.500009999999999601e-03
