0.000000000000000000e+00 0.000000000000000000e+00
2.000000000000000042e-02 -1.303220000000000073e-02
4.000000000000000083e-02 -8.403060000000000390e-03
5.999999999999999778e-02 -8.080159999999999426e-03
8.000000000000000167e-02 -7.685390000000000277e-03
1.000000000000000056e-01 -7.215949999999999621e-03
1.199999999999999956e-01 -6.674829999999999652e-03
1.400000000000000133e-01 -6.015559999999999657e-03
1.600000000000000033e-01 -5.222669999999999570e-03
1.799999999999999933e-01 -4.389180000000000338e-03
2.000000000000000111e-01 -3.587900000000000204e-03
2.200000000000000011e-01 -2.899019999999999982e-03
2.399999999999999911e-01 -2.116100000000000099e-03
2.600000000000000089e-01 -7.635279999999999715e-04
2.800000000000000266e-01 7.015450000000000332e-04
2.999999999999999889e-01 1.844300000000000106e-03
3.200000000000000067e-01 2.577129999999999959e-03
3.400000000000000244e-01 2.358770000000000051e-03
3.599999999999999867e-01 3.224009999999999810e-03
3.800000000000000044e-01 7.139279999999999585e-03
4.000000000000000222e-01 1.181270000000000063e-02
4.199999999999999845e-01 1.312499999999999951e-02
4.400000000000000022e-01 7.307300000000000080e-03
4.600000000000000200e-01 -2.159780000000000033e-03
4.799999999999999822e-01 -5.979309999999999833e-03
5.000000000000000000e-01 -1.986680000000000217e-03
5.200000000000000178e-01 2.614899999999999863e-03
5.400000000000000355e-01 5.420819999999999805e-03
5.600000000000000533e-01 1.415570000000000023e-02
5.799999999999999600e-01 1.436589999999999916e-02
5.999999999999999778e-01 -2.518339999999999988e-03
6.199999999999999956e-01 3.210090000000000079e-03
6.400000000000000133e-01 2.163580000000000017e-02
6.600000000000000311e-01 2.233519999999999950e-02
6.800000000000000488e-01 4.733699999999999714e-02
6.999999999999999556e-01 6.005309999999999815e-02
7.199999999999999734e-01 2.008360000000000006e-02
7.399999999999999911e-01 2.531539999999999832e-02
7.600000000000000089e-01 4.593950000000000117e-02
7.800000000000000266e-01 3.442489999999999873e-03
8.000000000000000444e-01 2.972600000000000155e-03
8.199999999999999512e-01 4.719129999999999853e-02
8.399999999999999689e-01 5.400859999999999689e-02
8.599999999999999867e-01 6.395209999999999784e-02
8.800000000000000044e-01 6.250870000000000037e-02
9.000000000000000222e-01 2.070560000000000109e-02
9.200000000000000400e-01 -2.356429999999999983e-02
9.399999999999999467e-01 -3.960000000000000325e-02
9.599999999999999645e-01 1.019109999999999981e-02
9.799999999999999822e-01 1.184439999999999972e-02
1.000000000000000000e+00 -1.006200000000000011e-01
1.020000000000000018e+00 -1.077720000000000067e-01
1.040000000000000036e+00 -4.490969999999999684e-02
1.060000000000000053e+00 -8.201419999999999544e-02
1.080000000000000071e+00 -3.706330000000000041e-02
1.100000000000000089e+00 7.896169999999999578e-02
1.120000000000000107e+00 6.337059999999999915e-02
1.139999999999999902e+00 4.475040000000000268e-02
1.159999999999999920e+00 1.080470000000000041e-01
1.179999999999999938e+00 1.520950000000000080e-01
1.199999999999999956e+00 1.741759999999999975e-01
1.219999999999999973e+00 1.909349999999999936e-01
1.239999999999999991e+00 2.171579999999999899e-01
1.260000000000000009e+00 2.123950000000000005e-01
1.280000000000000027e+00 9.994119999999999393e-02
1.300000000000000044e+00 3.328160000000000146e-03
1.320000000000000062e+00 7.610849999999999560e-02
1.340000000000000080e+00 1.918410000000000115e-01
1.360000000000000098e+00 1.476619999999999877e-01
1.379999999999999893e+00 3.160059999999999952e-02
1.399999999999999911e+00 1.669489999999999863e-02
1.419999999999999929e+00 1.173360000000000028e-02
1.439999999999999947e+00 -3.186810000000000337e-02
1.459999999999999964e+00 9.151519999999999794e-03
1.479999999999999982e+00 8.226959999999999829e-02
1.500000000000000000e+00 6.962770000000000070e-02
1.520000000000000018e+00 1.684570000000000164e-02
1.540000000000000036e+00 3.301489999999999807e-03
1.560000000000000053e+00 1.697569999999999982e-02
1.580000000000000071e+00 2.672760000000000066e-02
1.600000000000000089e+00 3.899670000000000220e-02
1.620000000000000107e+00 -2.239630000000000093e-02
1.639999999999999902e+00 -7.313150000000000206e-02
1.659999999999999920e+00 1.121840000000000059e-01
1.679999999999999938e+00 2.393079999999999929e-01
1.699999999999999956e+00 1.180350000000000010e-01
1.719999999999999973e+00 1.791750000000000009e-01
1.739999999999999991e+00 3.047030000000000016e-01
1.760000000000000009e+00 2.024769999999999903e-01
1.780000000000000027e+00 2.596180000000000154e-01
1.800000000000000044e+00 4.178740000000000232e-01
1.820000000000000062e+00 2.451899999999999913e-01
1.840000000000000080e+00 -2.081010000000000082e-01
1.860000000000000098e+00 -8.387670000000000403e-01
1.879999999999999893e+00 -1.325239999999999974e+00
1.899999999999999911e+00 -1.312529999999999974e+00
1.919999999999999929e+00 -1.352719999999999922e+00
1.939999999999999947e+00 -1.893920000000000048e+00
1.959999999999999964e+00 -2.244860000000000078e+00
1.979999999999999982e+00 -1.887909999999999977e+00
2.000000000000000000e+00 -1.284019999999999939e+00
2.020000000000000018e+00 -8.745460000000000456e-01
2.040000000000000036e+00 -5.824289999999999745e-01
2.060000000000000053e+00 -1.855300000000000005e-01
2.080000000000000071e+00 5.232740000000000169e-01
2.100000000000000089e+00 1.309679999999999955e+00
2.120000000000000107e+00 1.245859999999999967e+00
2.140000000000000124e+00 8.314159999999999606e-02
2.160000000000000142e+00 -8.557069999999999954e-01
2.180000000000000160e+00 -6.620160000000000489e-01
2.200000000000000178e+00 -1.390280000000000127e-01
2.220000000000000195e+00 9.646419999999999995e-02
2.240000000000000213e+00 3.530510000000000037e-01
2.259999999999999787e+00 4.783069999999999822e-01
2.279999999999999805e+00 2.606160000000000143e-01
2.299999999999999822e+00 2.249839999999999895e-01
2.319999999999999840e+00 5.961469999999999825e-01
2.339999999999999858e+00 9.465679999999999650e-01
2.359999999999999876e+00 1.016680000000000028e+00
2.379999999999999893e+00 9.438889999999999780e-01
2.399999999999999911e+00 9.394470000000000320e-01
2.419999999999999929e+00 1.068279999999999896e+00
2.439999999999999947e+00 1.358870000000000022e+00
2.459999999999999964e+00 1.630379999999999940e+00
2.479999999999999982e+00 1.321120000000000072e+00
2.500000000000000000e+00 4.627829999999999999e-01
2.520000000000000018e+00 -8.209660000000000568e-02
2.540000000000000036e+00 3.246830000000000029e-03
2.560000000000000053e+00 3.008279999999999843e-01
2.580000000000000071e+00 3.947939999999999783e-01
2.600000000000000089e+00 -2.639829999999999954e-02
2.620000000000000107e+00 -6.969959999999999489e-01
2.640000000000000124e+00 -7.363910000000000178e-01
2.660000000000000142e+00 -1.529819999999999965e-02
2.680000000000000160e+00 4.567200000000000149e-01
2.700000000000000178e+00 1.804580000000000073e-01
2.720000000000000195e+00 -2.210719999999999907e-01
2.740000000000000213e+00 -5.233189999999999786e-01
2.759999999999999787e+00 -9.704340000000000188e-01
2.779999999999999805e+00 -1.133089999999999931e+00
2.799999999999999822e+00 -7.640000000000000124e-01
2.819999999999999840e+00 -2.947719999999999785e-01
2.839999999999999858e+00 1.252540000000000042e-01
2.859999999999999876e+00 2.747269999999999990e-01
2.879999999999999893e+00 -7.879170000000000618e-02
2.899999999999999911e+00 -1.449129999999999863e-01
2.919999999999999929e+00 5.692989999999999995e-01
2.939999999999999947e+00 1.192989999999999995e+00
2.959999999999999964e+00 1.336819999999999897e+00
2.979999999999999982e+00 1.304040000000000088e+00
3.000000000000000000e+00 6.021199999999999886e-01
3.020000000000000018e+00 -8.574819999999999665e-01
3.040000000000000036e+00 -1.776780000000000026e+00
3.060000000000000053e+00 -1.506119999999999903e+00
3.080000000000000071e+00 -7.653259999999999508e-01
3.100000000000000089e+00 -6.914530000000000676e-02
3.120000000000000107e+00 5.487630000000000008e-01
3.140000000000000124e+00 8.956279999999999797e-01
3.160000000000000142e+00 9.620360000000000023e-01
3.180000000000000160e+00 1.105979999999999963e+00
3.200000000000000178e+00 1.392530000000000046e+00
3.220000000000000195e+00 1.391860000000000097e+00
3.240000000000000213e+00 7.501309999999999922e-01
3.259999999999999787e+00 -2.663220000000000032e-01
3.279999999999999805e+00 -7.709139999999999882e-01
3.299999999999999822e+00 -3.801570000000000227e-01
3.319999999999999840e+00 -1.174420000000000047e-01
3.339999999999999858e+00 -6.784599999999999520e-01
3.359999999999999876e+00 -1.045930000000000026e+00
3.379999999999999893e+00 -6.641869999999999719e-01
3.399999999999999911e+00 -4.576529999999999765e-01
3.419999999999999929e+00 -7.297660000000000258e-01
3.439999999999999947e+00 -9.072059999999999569e-01
3.459999999999999964e+00 -9.280049999999999688e-01
3.479999999999999982e+00 -9.917939999999999534e-01
3.500000000000000000e+00 -1.000590000000000090e+00
3.520000000000000018e+00 -8.327280000000000237e-01
3.540000000000000036e+00 -5.071940000000000337e-01
3.560000000000000053e+00 -1.569399999999999962e-01
3.580000000000000071e+00 7.529230000000000644e-02
3.600000000000000089e+00 1.441590000000000094e-01
3.620000000000000107e+00 7.544710000000000305e-02
3.640000000000000124e+00 3.910199999999999787e-02
3.660000000000000142e+00 2.377299999999999969e-01
3.680000000000000160e+00 5.733719999999999928e-01
3.700000000000000178e+00 8.130709999999999882e-01
3.720000000000000195e+00 8.719919999999999893e-01
3.740000000000000213e+00 7.257280000000000397e-01
3.759999999999999787e+00 5.172630000000000283e-01
3.779999999999999805e+00 4.867929999999999757e-01
3.799999999999999822e+00 4.365490000000000204e-01
3.819999999999999840e+00 -4.546700000000000047e-02
3.839999999999999858e+00 -7.182309999999999528e-01
3.859999999999999876e+00 -8.585789999999999811e-01
3.879999999999999893e+00 -2.987600000000000255e-01
3.899999999999999911e+00 3.655419999999999781e-01
3.919999999999999929e+00 5.541620000000000434e-01
3.939999999999999947e+00 2.801540000000000141e-01
3.959999999999999964e+00 -7.587399999999999700e-02
3.979999999999999982e+00 -3.569399999999999795e-01
4.000000000000000000e+00 -6.186169999999999725e-01
4.019999999999999574e+00 -6.433400000000000230e-01
4.040000000000000036e+00 -1.409350000000000047e-01
4.059999999999999609e+00 6.701679999999999859e-01
4.080000000000000071e+00 1.184900000000000064e+00
4.099999999999999645e+00 1.014669999999999961e+00
4.120000000000000107e+00 4.142179999999999751e-01
4.139999999999999680e+00 2.888220000000000023e-02
4.160000000000000142e+00 -1.171400000000000045e-02
4.179999999999999716e+00 -1.878100000000000047e-01
4.200000000000000178e+00 -4.837750000000000106e-01
4.219999999999999751e+00 -2.183070000000000010e-01
4.240000000000000213e+00 6.644729999999999803e-01
4.259999999999999787e+00 1.155969999999999942e+00
4.280000000000000249e+00 6.236169999999999769e-01
4.299999999999999822e+00 -1.195829999999999949e-01
4.320000000000000284e+00 -2.287849999999999884e-01
4.339999999999999858e+00 -2.916219999999999923e-01
4.360000000000000320e+00 -9.401859999999999662e-01
4.379999999999999893e+00 -1.444169999999999954e+00
4.400000000000000355e+00 -1.042170000000000041e+00
4.419999999999999929e+00 -2.053089999999999915e-01
4.440000000000000391e+00 2.914070000000000271e-01
4.459999999999999964e+00 4.093729999999999869e-01
4.480000000000000426e+00 4.447019999999999862e-01
4.500000000000000000e+00 4.088740000000000152e-01
4.519999999999999574e+00 2.538119999999999821e-01
4.540000000000000036e+00 1.201490000000000058e-01
4.559999999999999609e+00 1.198689999999999999e-02
4.580000000000000071e+00 -2.371179999999999954e-01
4.599999999999999645e+00 -4.634889999999999843e-01
4.620000000000000107e+00 -2.922089999999999965e-01
4.639999999999999680e+00 9.561169999999999392e-02
4.660000000000000142e+00 2.211869999999999947e-01
4.679999999999999716e+00 2.423289999999999889e-01
4.700000000000000178e+00 3.700249999999999928e-01
4.719999999999999751e+00 1.792650000000000077e-01
4.740000000000000213e+00 -2.782819999999999738e-01
4.759999999999999787e+00 -3.646400000000000197e-01
4.780000000000000249e+00 -1.203570000000000056e-01
4.799999999999999822e+00 5.249539999999999762e-02
4.820000000000000284e+00 3.950610000000000233e-02
4.839999999999999858e+00 -1.768830000000000124e-01
4.860000000000000320e+00 -3.571909999999999807e-01
4.879999999999999893e+00 -3.242920000000000247e-01
4.900000000000000355e+00 -2.911409999999999831e-01
4.919999999999999929e+00 -1.864419999999999966e-01
4.940000000000000391e+00 1.792370000000000074e-01
4.959999999999999964e+00 4.645619999999999750e-01
4.980000000000000426e+00 4.580359999999999987e-01
5.000000000000000000e+00 5.389800000000000146e-01
5.019999999999999574e+00 8.263019999999999810e-01
5.040000000000000036e+00 7.446009999999999573e-01
5.059999999999999609e+00 -2.931050000000000148e-03
5.080000000000000071e+00 -7.381640000000000423e-01
5.099999999999999645e+00 -7.917680000000000273e-01
5.120000000000000107e+00 -3.872659999999999991e-01
5.139999999999999680e+00 -4.198070000000000274e-02
5.160000000000000142e+00 -4.172680000000000139e-02
5.179999999999999716e+00 -4.109039999999999915e-01
5.200000000000000178e+00 -7.331870000000000331e-01
5.219999999999999751e+00 -6.529580000000000384e-01
5.240000000000000213e+00 -4.738910000000000067e-01
5.259999999999999787e+00 -4.393509999999999915e-01
5.280000000000000249e+00 -2.474919999999999898e-01
5.299999999999999822e+00 9.204060000000000019e-02
5.320000000000000284e+00 1.600340000000000096e-01
5.339999999999999858e+00 2.620629999999999835e-02
5.360000000000000320e+00 -1.666110000000000160e-02
5.379999999999999893e+00 -8.007839999999999403e-02
5.400000000000000355e+00 -2.101699999999999957e-01
5.419999999999999929e+00 -2.679329999999999767e-01
5.440000000000000391e+00 -3.194690000000000030e-01
5.459999999999999964e+00 -3.608649999999999913e-01
5.480000000000000426e+00 -2.484999999999999987e-01
5.500000000000000000e+00 -9.886549999999999505e-02
5.519999999999999574e+00 -6.977460000000000606e-02
5.540000000000000036e+00 -6.639039999999999915e-04
5.559999999999999609e+00 2.790529999999999955e-01
5.580000000000000071e+00 6.549810000000000354e-01
5.599999999999999645e+00 9.370870000000000033e-01
5.620000000000000107e+00 9.908489999999999798e-01
5.639999999999999680e+00 6.373050000000000104e-01
5.660000000000000142e+00 -4.599620000000000097e-02
5.679999999999999716e+00 -4.697339999999999849e-01
5.700000000000000178e+00 -3.364199999999999968e-01
5.719999999999999751e+00 -9.126030000000000253e-02
5.740000000000000213e+00 7.194709999999999994e-02
5.759999999999999787e+00 3.251640000000000086e-01
5.780000000000000249e+00 3.974750000000000227e-01
5.799999999999999822e+00 1.401209999999999956e-01
5.820000000000000284e+00 -8.395189999999999597e-02
5.839999999999999858e+00 -1.714090000000000058e-01
5.860000000000000320e+00 -2.125620000000000009e-01
5.879999999999999893e+00 -1.349430000000000074e-01
5.900000000000000355e+00 1.474040000000000072e-02
5.919999999999999929e+00 7.248380000000000101e-02
5.940000000000000391e+00 -4.457040000000000307e-02
5.959999999999999964e+00 -2.323820000000000052e-01
5.980000000000000426e+00 -2.777890000000000081e-01
6.000000000000000000e+00 -1.796460000000000001e-01
6.019999999999999574e+00 -3.568249999999999894e-02
6.040000000000000036e+00 2.112890000000000046e-01
6.059999999999999609e+00 5.813880000000000159e-01
6.080000000000000071e+00 9.888639999999999652e-01
6.099999999999999645e+00 1.347879999999999967e+00
6.120000000000000107e+00 1.544170000000000043e+00
6.139999999999999680e+00 1.528299999999999992e+00
6.160000000000000142e+00 1.456800000000000095e+00
6.179999999999999716e+00 1.432989999999999986e+00
6.200000000000000178e+00 1.103220000000000089e+00
6.219999999999999751e+00 4.714050000000000185e-02
6.240000000000000213e+00 -1.270869999999999944e+00
6.259999999999999787e+00 -1.576559999999999961e+00
6.280000000000000249e+00 -4.297329999999999761e-01
6.299999999999999822e+00 6.076040000000000330e-01
6.320000000000000284e+00 -1.746500000000000006e-03
6.339999999999999858e+00 -1.125950000000000006e+00
6.360000000000000320e+00 -9.978289999999999660e-01
6.379999999999999893e+00 -2.363250000000000073e-01
6.400000000000000355e+00 9.088999999999999857e-03
6.419999999999999929e+00 -4.624439999999999801e-02
6.440000000000000391e+00 -2.409509999999999985e-01
6.459999999999999964e+00 -5.749490000000000434e-01
6.480000000000000426e+00 -5.134130000000000082e-01
6.500000000000000000e+00 -1.264520000000000088e-01
6.519999999999999574e+00 -1.110659999999999981e-01
6.540000000000000036e+00 -4.831559999999999744e-01
6.559999999999999609e+00 -7.721040000000000125e-01
6.580000000000000071e+00 -7.711390000000000189e-01
6.599999999999999645e+00 -5.674329999999999652e-01
6.620000000000000107e+00 -3.704890000000000128e-01
6.639999999999999680e+00 -2.728140000000000009e-01
6.660000000000000142e+00 -2.446879999999999888e-01
6.679999999999999716e+00 -2.657979999999999787e-01
6.700000000000000178e+00 -2.148589999999999944e-01
6.719999999999999751e+00 -1.728709999999999969e-02
6.740000000000000213e+00 1.428709999999999980e-01
6.759999999999999787e+00 1.509610000000000118e-01
6.780000000000000249e+00 1.079809999999999937e-01
6.799999999999999822e+00 -3.954130000000000145e-03
6.820000000000000284e+00 -2.117850000000000010e-01
6.839999999999999858e+00 -2.772470000000000212e-01
6.860000000000000320e+00 -1.030579999999999968e-01
6.879999999999999893e+00 7.907920000000000227e-02
6.900000000000000355e+00 1.804050000000000098e-01
6.919999999999999929e+00 2.767069999999999808e-01
6.940000000000000391e+00 3.267769999999999841e-01
6.959999999999999964e+00 2.832930000000000170e-01
6.980000000000000426e+00 1.608729999999999882e-01
7.000000000000000000e+00 1.330809999999999979e-02
7.019999999999999574e+00 -3.697539999999999855e-02
7.040000000000000036e+00 4.058939999999999597e-03
7.059999999999999609e+00 -1.803679999999999867e-02
7.080000000000000071e+00 -7.316200000000000481e-02
7.099999999999999645e+00 6.919909999999999603e-03
7.120000000000000107e+00 1.815509999999999902e-01
7.139999999999999680e+00 2.907899999999999929e-01
7.160000000000000142e+00 3.416759999999999797e-01
7.179999999999999716e+00 4.309410000000000185e-01
7.200000000000000178e+00 5.548520000000000119e-01
7.219999999999999751e+00 6.458139999999999992e-01
7.240000000000000213e+00 6.647849999999999593e-01
7.259999999999999787e+00 5.847670000000000368e-01
7.280000000000000249e+00 3.759779999999999789e-01
7.299999999999999822e+00 4.031969999999999998e-02
7.320000000000000284e+00 -4.045230000000000214e-01
7.339999999999999858e+00 -8.984469999999999956e-01
7.360000000000000320e+00 -1.262890000000000068e+00
7.379999999999999893e+00 -1.380379999999999940e+00
7.400000000000000355e+00 -1.369110000000000049e+00
7.419999999999999929e+00 -1.298480000000000079e+00
7.440000000000000391e+00 -1.048959999999999892e+00
7.459999999999999964e+00 -6.740190000000000348e-01
7.480000000000000426e+00 -4.086319999999999952e-01
7.500000000000000000e+00 -2.571049999999999724e-01
7.519999999999999574e+00 -6.550129999999999841e-02
7.540000000000000036e+00 1.424459999999999893e-01
7.559999999999999609e+00 3.212909999999999933e-01
7.580000000000000071e+00 5.998280000000000278e-01
7.599999999999999645e+00 1.001719999999999944e+00
7.620000000000000107e+00 1.330240000000000089e+00
7.639999999999999680e+00 1.487100000000000088e+00
7.660000000000000142e+00 1.530899999999999928e+00
7.679999999999999716e+00 1.457869999999999999e+00
7.700000000000000178e+00 1.268760000000000110e+00
7.719999999999999751e+00 1.053649999999999975e+00
7.740000000000000213e+00 7.665889999999999649e-01
7.759999999999999787e+00 3.033609999999999918e-01
7.780000000000000249e+00 -1.088889999999999997e-01
7.799999999999999822e+00 -1.841119999999999979e-01
7.820000000000000284e+00 -1.014779999999999988e-01
7.839999999999999858e+00 -1.725909999999999944e-01
7.860000000000000320e+00 -3.799580000000000179e-01
7.879999999999999893e+00 -5.783629999999999605e-01
7.900000000000000355e+00 -6.929779999999999829e-01
7.919999999999999929e+00 -6.946379999999999777e-01
7.940000000000000391e+00 -6.051990000000000425e-01
7.959999999999999964e+00 -4.437039999999999873e-01
7.980000000000000426e+00 -2.608730000000000215e-01
8.000000000000000000e+00 -1.661150000000000126e-01
8.019999999999999574e+00 -1.690589999999999871e-01
8.039999999999999147e+00 -2.266769999999999896e-01
8.060000000000000497e+00 -3.293710000000000249e-01
8.080000000000000071e+00 -3.678290000000000171e-01
8.099999999999999645e+00 -2.633710000000000218e-01
8.119999999999999218e+00 -9.624180000000000235e-02
8.140000000000000568e+00 1.257769999999999999e-01
8.160000000000000142e+00 4.371769999999999823e-01
8.179999999999999716e+00 7.074489999999999945e-01
8.199999999999999289e+00 7.696309999999999540e-01
8.220000000000000639e+00 5.847649999999999793e-01
8.240000000000000213e+00 2.481440000000000035e-01
8.259999999999999787e+00 -6.347500000000000364e-02
8.279999999999999361e+00 -2.504509999999999792e-01
8.300000000000000711e+00 -3.672799999999999954e-01
8.320000000000000284e+00 -4.132919999999999927e-01
8.339999999999999858e+00 -2.831020000000000203e-01
8.359999999999999432e+00 -1.311110000000000053e-01
8.380000000000000782e+00 -2.504170000000000007e-01
8.400000000000000355e+00 -5.185579999999999634e-01
8.419999999999999929e+00 -6.962949999999999973e-01
8.439999999999999503e+00 -8.244380000000000042e-01
8.460000000000000853e+00 -8.260760000000000325e-01
8.480000000000000426e+00 -6.032110000000000527e-01
8.500000000000000000e+00 -3.820149999999999935e-01
8.519999999999999574e+00 -2.867100000000000204e-01
8.539999999999999147e+00 -2.187189999999999968e-01
8.560000000000000497e+00 -1.541559999999999875e-01
8.580000000000000071e+00 -2.458930000000000143e-02
8.599999999999999645e+00 2.062620000000000009e-01
8.619999999999999218e+00 3.463959999999999817e-01
8.640000000000000568e+00 3.332820000000000227e-01
8.660000000000000142e+00 3.765009999999999746e-01
8.679999999999999716e+00 5.524879999999999791e-01
8.699999999999999289e+00 6.959229999999999583e-01
8.720000000000000639e+00 6.569030000000000147e-01
8.740000000000000213e+00 4.597530000000000228e-01
8.759999999999999787e+00 3.050860000000000238e-01
8.779999999999999361e+00 3.444490000000000052e-01
8.800000000000000711e+00 4.618149999999999755e-01
8.820000000000000284e+00 5.083699999999999886e-01
8.839999999999999858e+00 5.173210000000000308e-01
8.859999999999999432e+00 5.114579999999999682e-01
8.880000000000000782e+00 4.633209999999999829e-01
8.900000000000000355e+00 3.781229999999999869e-01
8.919999999999999929e+00 2.193199999999999872e-01
8.939999999999999503e+00 9.286000000000000851e-03
8.960000000000000853e+00 -1.256869999999999932e-01
8.980000000000000426e+00 -1.730549999999999866e-01
9.000000000000000000e+00 -1.988830000000000042e-01
9.019999999999999574e+00 -2.091600000000000126e-01
9.039999999999999147e+00 -2.534319999999999906e-01
9.060000000000000497e+00 -3.828509999999999969e-01
9.080000000000000071e+00 -4.898850000000000149e-01
9.099999999999999645e+00 -4.635130000000000083e-01
9.119999999999999218e+00 -3.788929999999999798e-01
9.140000000000000568e+00 -3.178050000000000042e-01
9.160000000000000142e+00 -2.245149999999999924e-01
9.179999999999999716e+00 -1.272000000000000075e-01
9.199999999999999289e+00 -1.627470000000000028e-01
9.220000000000000639e+00 -2.627650000000000263e-01
9.240000000000000213e+00 -2.439929999999999877e-01
9.259999999999999787e+00 -1.450589999999999935e-01
9.279999999999999361e+00 -7.199959999999999694e-02
9.300000000000000711e+00 2.716069999999999943e-02
9.320000000000000284e+00 1.972430000000000017e-01
9.339999999999999858e+00 3.681940000000000213e-01
9.359999999999999432e+00 4.300729999999999831e-01
9.380000000000000782e+00 3.130749999999999922e-01
9.400000000000000355e+00 7.375389999999999724e-02
9.419999999999999929e+00 -1.794330000000000092e-01
9.439999999999999503e+00 -3.871379999999999821e-01
9.460000000000000853e+00 -4.723430000000000129e-01
9.480000000000000426e+00 -4.279189999999999938e-01
9.500000000000000000e+00 -3.792809999999999793e-01
9.519999999999999574e+00 -3.555719999999999992e-01
9.539999999999999147e+00 -3.058620000000000227e-01
9.560000000000000497e+00 -2.731819999999999804e-01
9.580000000000000071e+00 -2.494389999999999941e-01
9.599999999999999645e+00 -1.401499999999999968e-01
9.619999999999999218e+00 5.071500000000000313e-02
9.640000000000000568e+00 2.645279999999999854e-01
9.660000000000000142e+00 4.748620000000000063e-01
9.679999999999999716e+00 6.245929999999999538e-01
9.699999999999999289e+00 6.619150000000000311e-01
9.720000000000000639e+00 6.130430000000000046e-01
9.740000000000000213e+00 5.341000000000000192e-01
9.759999999999999787e+00 4.552209999999999868e-01
9.779999999999999361e+00 3.415969999999999840e-01
9.800000000000000711e+00 1.419580000000000009e-01
9.820000000000000284e+00 -4.944060000000000121e-02
9.839999999999999858e+00 -1.006579999999999975e-01
9.859999999999999432e+00 -1.014540000000000025e-01
9.880000000000000782e+00 -1.672690000000000010e-01
9.900000000000000355e+00 -1.969789999999999874e-01
9.919999999999999929e+00 -1.103459999999999996e-01
9.939999999999999503e+00 3.706040000000000029e-02
9.960000000000000853e+00 2.197290000000000076e-01
9.980000000000000426e+00 4.022629999999999817e-01
1.000000000000000000e+01 5.020980000000000443e-01
1.001999999999999957e+01 5.054990000000000316e-01
1.003999999999999915e+01 4.443489999999999940e-01
1.006000000000000050e+01 3.292680000000000051e-01
1.008000000000000007e+01 1.520799999999999930e-01
1.009999999999999964e+01 -1.055320000000000008e-01
1.011999999999999922e+01 -3.939360000000000084e-01
1.014000000000000057e+01 -5.904730000000000256e-01
1.016000000000000014e+01 -6.494739999999999958e-01
1.017999999999999972e+01 -6.456469999999999709e-01
1.019999999999999929e+01 -6.608089999999999797e-01
1.022000000000000064e+01 -6.896879999999999677e-01
1.024000000000000021e+01 -6.631829999999999670e-01
1.025999999999999979e+01 -5.625599999999999490e-01
1.027999999999999936e+01 -4.437989999999999990e-01
1.030000000000000071e+01 -3.368169999999999775e-01
1.032000000000000028e+01 -1.972289999999999877e-01
1.033999999999999986e+01 1.801499999999999976e-02
1.035999999999999943e+01 2.577180000000000026e-01
1.038000000000000078e+01 4.296079999999999899e-01
1.040000000000000036e+01 5.033919999999999506e-01
1.041999999999999993e+01 4.755920000000000147e-01
1.043999999999999950e+01 3.688509999999999844e-01
1.046000000000000085e+01 2.729460000000000219e-01
1.048000000000000043e+01 2.228729999999999878e-01
1.050000000000000000e+01 1.663550000000000029e-01
1.051999999999999957e+01 1.006979999999999958e-01
1.053999999999999915e+01 4.934079999999999716e-02
1.056000000000000050e+01 2.630659999999999943e-03
1.058000000000000007e+01 -1.794629999999999836e-02
1.059999999999999964e+01 1.464110000000000064e-02
1.061999999999999922e+01 5.999140000000000028e-02
1.064000000000000057e+01 2.901559999999999903e-02
1.066000000000000014e+01 -1.170609999999999984e-01
1.067999999999999972e+01 -2.565810000000000035e-01
1.069999999999999929e+01 -2.292210000000000081e-01
1.072000000000000064e+01 -7.671600000000000641e-02
1.074000000000000021e+01 4.507610000000000089e-02
1.075999999999999979e+01 9.528799999999999770e-02
1.077999999999999936e+01 9.612099999999999811e-02
1.080000000000000071e+01 2.627940000000000137e-02
1.082000000000000028e+01 -8.317190000000000694e-02
1.083999999999999986e+01 -1.203940000000000010e-01
1.085999999999999943e+01 -5.916539999999999994e-02
1.088000000000000078e+01 1.923529999999999901e-03
1.090000000000000036e+01 2.453520000000000006e-02
1.091999999999999993e+01 8.112329999999999541e-02
1.093999999999999950e+01 1.715319999999999900e-01
1.096000000000000085e+01 1.956849999999999978e-01
1.098000000000000043e+01 1.284780000000000089e-01
1.100000000000000000e+01 3.867629999999999679e-02
1.101999999999999957e+01 -9.579819999999999308e-03
1.103999999999999915e+01 9.763040000000000607e-03
1.106000000000000050e+01 7.700049999999999950e-02
1.108000000000000007e+01 1.734880000000000033e-01
1.109999999999999964e+01 2.938180000000000236e-01
1.111999999999999922e+01 3.640120000000000022e-01
1.114000000000000057e+01 3.118650000000000033e-01
1.116000000000000014e+01 1.831929999999999947e-01
1.117999999999999972e+01 3.955469999999999819e-02
1.119999999999999929e+01 -9.606240000000000612e-02
1.122000000000000064e+01 -1.747640000000000027e-01
1.124000000000000021e+01 -1.871670000000000000e-01
1.125999999999999979e+01 -1.680520000000000069e-01
1.127999999999999936e+01 -1.087670000000000026e-01
1.130000000000000071e+01 -5.100860000000000116e-02
1.132000000000000028e+01 -8.548530000000000018e-02
1.133999999999999986e+01 -1.591229999999999867e-01
1.135999999999999943e+01 -1.636880000000000002e-01
1.138000000000000078e+01 -1.231470000000000065e-01
1.140000000000000036e+01 -8.745880000000000321e-02
1.141999999999999993e+01 -5.786940000000000139e-02
1.143999999999999950e+01 -4.430859999999999660e-02
1.146000000000000085e+01 -4.637560000000000293e-02
1.148000000000000043e+01 -6.565260000000000540e-02
1.150000000000000000e+01 -9.014759999999999440e-02
1.151999999999999957e+01 -4.429199999999999804e-02
1.153999999999999915e+01 6.925380000000000424e-02
1.156000000000000050e+01 1.210040000000000004e-01
1.158000000000000007e+01 7.718590000000000173e-02
1.159999999999999964e+01 4.888460000000000027e-02
1.161999999999999922e+01 1.035429999999999962e-01
1.164000000000000057e+01 1.899659999999999960e-01
1.166000000000000014e+01 2.268179999999999918e-01
1.167999999999999972e+01 1.836089999999999944e-01
1.169999999999999929e+01 7.823639999999999761e-02
1.172000000000000064e+01 -4.280260000000000314e-02
1.174000000000000021e+01 -1.356549999999999978e-01
1.175999999999999979e+01 -2.207659999999999900e-01
1.177999999999999936e+01 -3.259770000000000167e-01
1.180000000000000071e+01 -3.761680000000000024e-01
1.182000000000000028e+01 -3.029209999999999958e-01
1.183999999999999986e+01 -1.740530000000000133e-01
1.185999999999999943e+01 -7.145390000000000075e-02
1.188000000000000078e+01 -6.825069999999999922e-03
1.190000000000000036e+01 5.942420000000000341e-03
1.191999999999999993e+01 -1.672830000000000150e-02
1.193999999999999950e+01 1.660119999999999998e-02
1.196000000000000085e+01 1.425599999999999923e-01
1.198000000000000043e+01 2.600399999999999934e-01
1.200000000000000000e+01 2.671450000000000213e-01
1.201999999999999957e+01 1.863190000000000124e-01
1.203999999999999915e+01 8.486280000000000212e-02
1.206000000000000050e+01 -2.348159999999999831e-02
1.208000000000000007e+01 -1.479759999999999964e-01
1.209999999999999964e+01 -2.739639999999999853e-01
1.211999999999999922e+01 -3.491920000000000024e-01
1.214000000000000057e+01 -3.150490000000000235e-01
1.216000000000000014e+01 -1.975349999999999884e-01
1.217999999999999972e+01 -9.191560000000000008e-02
1.219999999999999929e+01 -3.531580000000000136e-02
1.222000000000000064e+01 -9.630919999999999412e-03
1.224000000000000021e+01 -1.067509999999999987e-02
1.225999999999999979e+01 -2.907670000000000046e-02
1.227999999999999936e+01 -5.827609999999999735e-02
1.230000000000000071e+01 -9.490790000000000337e-02
1.232000000000000028e+01 -9.115379999999999316e-02
1.233999999999999986e+01 -8.463580000000000061e-03
1.235999999999999943e+01 1.237670000000000020e-01
1.238000000000000078e+01 2.347370000000000012e-01
1.240000000000000036e+01 2.389539999999999997e-01
1.241999999999999993e+01 1.209739999999999982e-01
1.243999999999999950e+01 -9.779700000000000545e-03
1.246000000000000085e+01 -4.411729999999999818e-02
1.248000000000000043e+01 1.970629999999999951e-02
1.250000000000000000e+01 1.257330000000000114e-01
1.251999999999999957e+01 2.229039999999999910e-01
1.253999999999999915e+01 2.740009999999999946e-01
1.256000000000000050e+01 2.581899999999999751e-01
1.258000000000000007e+01 1.636140000000000094e-01
1.259999999999999964e+01 -5.463810000000000368e-03
1.261999999999999922e+01 -1.831109999999999960e-01
1.264000000000000057e+01 -2.693849999999999856e-01
1.266000000000000014e+01 -2.374310000000000032e-01
1.267999999999999972e+01 -1.434519999999999962e-01
1.269999999999999929e+01 -4.272770000000000040e-02
1.272000000000000064e+01 4.384799999999999809e-02
1.274000000000000021e+01 1.066480000000000067e-01
1.275999999999999979e+01 1.361150000000000138e-01
1.277999999999999936e+01 1.371930000000000094e-01
1.280000000000000071e+01 1.234470000000000012e-01
1.282000000000000028e+01 9.497790000000000399e-02
1.283999999999999986e+01 6.630010000000000070e-02
1.285999999999999943e+01 7.886559999999999404e-02
1.288000000000000078e+01 1.421719999999999928e-01
1.290000000000000036e+01 2.273149999999999893e-01
1.291999999999999993e+01 3.056849999999999845e-01
1.293999999999999950e+01 3.472040000000000126e-01
1.296000000000000085e+01 3.405369999999999786e-01
1.298000000000000043e+01 2.984339999999999771e-01
1.300000000000000000e+01 2.252359999999999918e-01
1.301999999999999957e+01 1.354160000000000086e-01
1.303999999999999915e+01 4.251810000000000311e-02
1.306000000000000050e+01 -6.432169999999999555e-02
1.308000000000000007e+01 -1.578410000000000091e-01
1.309999999999999964e+01 -1.918199999999999905e-01
1.311999999999999922e+01 -1.946380000000000055e-01
1.314000000000000057e+01 -2.207469999999999988e-01
1.316000000000000014e+01 -2.558019999999999738e-01
1.317999999999999972e+01 -2.641789999999999972e-01
1.319999999999999929e+01 -2.718979999999999730e-01
1.322000000000000064e+01 -2.976829999999999754e-01
1.324000000000000021e+01 -2.824010000000000131e-01
1.325999999999999979e+01 -2.017259999999999887e-01
1.327999999999999936e+01 -1.156599999999999989e-01
1.330000000000000071e+01 -6.173970000000000152e-02
1.332000000000000028e+01 -3.508889999999999926e-02
1.333999999999999986e+01 -1.824289999999999939e-02
1.335999999999999943e+01 2.225190000000000154e-02
1.338000000000000078e+01 9.330729999999999580e-02
1.340000000000000036e+01 1.604379999999999973e-01
1.341999999999999993e+01 1.910729999999999928e-01
1.343999999999999950e+01 1.709610000000000019e-01
1.346000000000000085e+01 1.095700000000000007e-01
1.348000000000000043e+01 3.978399999999999992e-02
1.350000000000000000e+01 -1.671469999999999900e-02
1.351999999999999957e+01 -6.476020000000000387e-02
1.353999999999999915e+01 -9.993240000000000456e-02
1.356000000000000050e+01 -1.053749999999999964e-01
1.358000000000000007e+01 -9.516009999999999747e-02
1.359999999999999964e+01 -9.317749999999999644e-02
1.361999999999999922e+01 -9.715940000000000687e-02
1.364000000000000057e+01 -1.147559999999999969e-01
1.366000000000000014e+01 -1.527940000000000131e-01
1.367999999999999972e+01 -1.827539999999999998e-01
1.369999999999999929e+01 -1.944589999999999930e-01
1.372000000000000064e+01 -1.998449999999999949e-01
1.374000000000000021e+01 -1.796300000000000119e-01
1.375999999999999979e+01 -1.345330000000000137e-01
1.377999999999999936e+01 -1.090450000000000030e-01
1.380000000000000071e+01 -1.002809999999999951e-01
1.382000000000000028e+01 -7.143330000000000513e-02
1.383999999999999986e+01 -2.962709999999999996e-02
1.385999999999999943e+01 1.349840000000000068e-02
1.388000000000000078e+01 5.157429999999999654e-02
1.390000000000000036e+01 5.827399999999999941e-02
1.391999999999999993e+01 5.226440000000000252e-02
1.393999999999999950e+01 7.723249999999999560e-02
1.396000000000000085e+01 1.215900000000000036e-01
1.398000000000000043e+01 1.580529999999999990e-01
1.400000000000000000e+01 1.789199999999999957e-01
1.401999999999999957e+01 1.891239999999999866e-01
1.403999999999999915e+01 2.038909999999999889e-01
1.406000000000000050e+01 2.089850000000000041e-01
1.408000000000000007e+01 1.838460000000000094e-01
1.409999999999999964e+01 1.605969999999999898e-01
1.411999999999999922e+01 1.637139999999999984e-01
1.414000000000000057e+01 1.620280000000000054e-01
1.416000000000000014e+01 1.408919999999999895e-01
1.417999999999999972e+01 1.205399999999999944e-01
1.419999999999999929e+01 9.755060000000000120e-02
1.422000000000000064e+01 6.602089999999999348e-02
1.424000000000000021e+01 4.903930000000000095e-02
1.425999999999999979e+01 5.506520000000000165e-02
1.427999999999999936e+01 7.131640000000000201e-02
1.430000000000000071e+01 7.134189999999999976e-02
1.432000000000000028e+01 1.760890000000000025e-02
1.433999999999999986e+01 -6.628860000000000308e-02
1.435999999999999943e+01 -1.149600000000000066e-01
1.438000000000000078e+01 -1.291650000000000020e-01
1.440000000000000036e+01 -1.332730000000000026e-01
1.441999999999999993e+01 -1.134619999999999934e-01
1.443999999999999950e+01 -6.670489999999999753e-02
1.446000000000000085e+01 -8.482550000000000159e-03
1.448000000000000043e+01 3.823060000000000347e-02
1.450000000000000000e+01 5.195539999999999881e-02
1.451999999999999957e+01 5.554900000000000115e-02
1.453999999999999915e+01 6.584080000000000488e-02
1.456000000000000050e+01 4.843209999999999876e-02
1.458000000000000007e+01 4.834169999999999613e-03
1.459999999999999964e+01 -2.105610000000000120e-02
1.461999999999999922e+01 -9.580339999999999689e-03
1.464000000000000057e+01 3.806770000000000292e-02
1.466000000000000014e+01 7.822320000000000662e-02
1.467999999999999972e+01 5.247829999999999856e-02
1.469999999999999929e+01 -1.708259999999999987e-02
1.472000000000000064e+01 -8.039150000000000462e-02
1.474000000000000021e+01 -1.362200000000000077e-01
1.475999999999999979e+01 -1.841720000000000024e-01
1.477999999999999936e+01 -2.112809999999999966e-01
1.480000000000000071e+01 -2.217550000000000077e-01
1.482000000000000028e+01 -2.324340000000000017e-01
1.483999999999999986e+01 -2.623400000000000176e-01
1.485999999999999943e+01 -3.151050000000000240e-01
1.488000000000000078e+01 -3.686169999999999725e-01
1.490000000000000036e+01 -3.926589999999999803e-01
1.491999999999999993e+01 -3.730939999999999812e-01
1.493999999999999950e+01 -3.172690000000000232e-01
1.496000000000000085e+01 -2.391040000000000110e-01
1.498000000000000043e+01 -1.507000000000000006e-01
1.500000000000000000e+01 -4.694670000000000093e-02
1.501999999999999957e+01 9.990989999999999593e-02
1.503999999999999915e+01 2.782370000000000121e-01
1.506000000000000050e+01 4.153709999999999902e-01
1.508000000000000007e+01 4.743680000000000119e-01
1.509999999999999964e+01 4.857909999999999728e-01
1.511999999999999922e+01 4.747790000000000066e-01
1.514000000000000057e+01 4.556009999999999782e-01
1.516000000000000014e+01 4.384939999999999949e-01
1.517999999999999972e+01 4.046139999999999737e-01
1.519999999999999929e+01 3.561480000000000201e-01
1.522000000000000064e+01 3.117019999999999791e-01
1.524000000000000021e+01 2.474210000000000020e-01
1.525999999999999979e+01 1.645679999999999921e-01
1.527999999999999936e+01 9.878789999999999794e-02
1.530000000000000071e+01 3.590669999999999973e-02
1.532000000000000028e+01 -3.732590000000000213e-02
1.533999999999999986e+01 -9.294249999999999734e-02
1.535999999999999943e+01 -1.294710000000000027e-01
1.538000000000000078e+01 -1.684470000000000134e-01
1.540000000000000036e+01 -2.058699999999999974e-01
1.541999999999999993e+01 -2.250109999999999888e-01
1.543999999999999950e+01 -2.268270000000000008e-01
1.546000000000000085e+01 -2.178730000000000111e-01
1.548000000000000043e+01 -1.912669999999999926e-01
1.550000000000000000e+01 -1.522179999999999922e-01
1.551999999999999957e+01 -1.238019999999999954e-01
1.553999999999999915e+01 -1.033079999999999971e-01
1.556000000000000050e+01 -6.448900000000000465e-02
1.558000000000000007e+01 -6.658370000000000261e-03
1.559999999999999964e+01 5.056530000000000052e-02
1.561999999999999922e+01 1.009580000000000061e-01
1.564000000000000057e+01 1.288600000000000023e-01
1.566000000000000014e+01 1.060080000000000050e-01
1.567999999999999972e+01 4.667430000000000190e-02
1.569999999999999929e+01 -3.327749999999999979e-03
1.572000000000000064e+01 -2.739950000000000024e-02
1.574000000000000021e+01 -4.005759999999999876e-02
1.575999999999999979e+01 -5.503559999999999702e-02
1.577999999999999936e+01 -7.166359999999999397e-02
1.580000000000000071e+01 -8.662880000000000580e-02
1.582000000000000028e+01 -9.870779999999999832e-02
1.583999999999999986e+01 -1.000319999999999959e-01
1.585999999999999943e+01 -9.304930000000000145e-02
1.588000000000000078e+01 -7.942870000000000485e-02
1.590000000000000036e+01 -2.958610000000000059e-02
1.591999999999999993e+01 5.735790000000000333e-02
1.593999999999999950e+01 1.252850000000000075e-01
1.596000000000000085e+01 1.530130000000000101e-01
1.598000000000000043e+01 1.605149999999999910e-01
1.600000000000000000e+01 1.472229999999999928e-01
1.601999999999999957e+01 1.288680000000000103e-01
1.603999999999999915e+01 1.326469999999999871e-01
1.605999999999999872e+01 1.305000000000000049e-01
1.607999999999999829e+01 9.546910000000000118e-02
1.610000000000000142e+01 5.871119999999999811e-02
1.612000000000000099e+01 3.550849999999999840e-02
1.614000000000000057e+01 -1.687960000000000068e-03
1.616000000000000014e+01 -5.715689999999999660e-02
1.617999999999999972e+01 -1.088930000000000037e-01
1.619999999999999929e+01 -1.502269999999999994e-01
1.621999999999999886e+01 -1.790899999999999992e-01
1.623999999999999844e+01 -1.911720000000000086e-01
1.626000000000000156e+01 -1.934329999999999938e-01
1.628000000000000114e+01 -1.892139999999999933e-01
1.630000000000000071e+01 -1.845189999999999886e-01
1.632000000000000028e+01 -1.928870000000000029e-01
1.633999999999999986e+01 -2.008600000000000108e-01
1.635999999999999943e+01 -1.884339999999999904e-01
1.637999999999999901e+01 -1.604839999999999878e-01
1.639999999999999858e+01 -1.202710000000000029e-01
1.642000000000000171e+01 -7.818999999999999562e-02
1.644000000000000128e+01 -5.078699999999999881e-02
1.646000000000000085e+01 -1.343629999999999998e-02
1.648000000000000043e+01 5.294390000000000207e-02
1.650000000000000000e+01 1.042349999999999943e-01
1.651999999999999957e+01 1.160250000000000031e-01
1.653999999999999915e+01 1.282590000000000119e-01
1.655999999999999872e+01 1.559820000000000095e-01
1.657999999999999829e+01 1.678570000000000062e-01
1.660000000000000142e+01 1.474939999999999862e-01
1.662000000000000099e+01 9.675980000000000691e-02
1.664000000000000057e+01 3.154570000000000290e-02
1.666000000000000014e+01 -1.138459999999999993e-02
1.667999999999999972e+01 -2.287389999999999909e-02
1.669999999999999929e+01 -2.990579999999999974e-02
1.671999999999999886e+01 -3.820780000000000010e-02
1.673999999999999844e+01 -3.753170000000000117e-02
1.676000000000000156e+01 -3.465630000000000099e-02
1.678000000000000114e+01 -3.471260000000000318e-02
1.680000000000000071e+01 -3.487559999999999966e-02
1.682000000000000028e+01 -3.490820000000000034e-02
1.683999999999999986e+01 -2.540689999999999962e-02
1.685999999999999943e+01 -4.857489999999999898e-03
1.687999999999999901e+01 -2.143420000000000047e-03
1.689999999999999858e+01 -3.275920000000000221e-02
1.692000000000000171e+01 -7.301530000000000520e-02
1.694000000000000128e+01 -9.884900000000000631e-02
1.696000000000000085e+01 -9.462740000000000040e-02
1.698000000000000043e+01 -4.805210000000000037e-02
1.700000000000000000e+01 2.314379999999999910e-02
1.701999999999999957e+01 8.300420000000000020e-02
1.703999999999999915e+01 1.215070000000000039e-01
1.705999999999999872e+01 1.501760000000000039e-01
1.707999999999999829e+01 1.684160000000000101e-01
1.710000000000000142e+01 1.658940000000000137e-01
1.712000000000000099e+01 1.437440000000000107e-01
1.714000000000000057e+01 1.121510000000000007e-01
1.716000000000000014e+01 8.869290000000000507e-02
1.717999999999999972e+01 9.472740000000000327e-02
1.719999999999999929e+01 1.213990000000000069e-01
1.721999999999999886e+01 1.292329999999999868e-01
1.723999999999999844e+01 1.027399999999999980e-01
1.726000000000000156e+01 6.524220000000000019e-02
1.728000000000000114e+01 3.737250000000000294e-02
1.730000000000000071e+01 1.522949999999999998e-02
1.732000000000000028e+01 -8.652440000000000825e-03
1.733999999999999986e+01 -2.761510000000000006e-02
1.735999999999999943e+01 -3.878589999999999816e-02
1.737999999999999901e+01 -4.999610000000000165e-02
1.739999999999999858e+01 -5.597850000000000048e-02
1.742000000000000171e+01 -4.874690000000000273e-02
1.744000000000000128e+01 -3.956839999999999663e-02
1.746000000000000085e+01 -4.186779999999999669e-02
1.748000000000000043e+01 -6.218239999999999879e-02
1.750000000000000000e+01 -9.240420000000000578e-02
1.751999999999999957e+01 -1.015520000000000034e-01
1.753999999999999915e+01 -7.470019999999999438e-02
1.755999999999999872e+01 -2.863889999999999839e-02
1.757999999999999829e+01 1.906100000000000155e-02
1.760000000000000142e+01 5.455700000000000133e-02
1.762000000000000099e+01 6.977750000000000619e-02
1.764000000000000057e+01 6.757069999999999743e-02
1.766000000000000014e+01 5.102240000000000247e-02
1.767999999999999972e+01 2.837980000000000017e-02
1.769999999999999929e+01 4.431179999999999841e-03
1.771999999999999886e+01 -2.809139999999999901e-02
1.773999999999999844e+01 -6.529139999999999944e-02
1.776000000000000156e+01 -1.051870000000000027e-01
1.778000000000000114e+01 -1.495219999999999883e-01
1.780000000000000071e+01 -1.669170000000000098e-01
1.782000000000000028e+01 -1.353449999999999931e-01
1.783999999999999986e+01 -7.412889999999999757e-02
1.785999999999999943e+01 -9.046629999999999949e-04
1.787999999999999901e+01 5.703579999999999761e-02
1.789999999999999858e+01 6.974769999999999581e-02
1.792000000000000171e+01 5.094350000000000267e-02
1.794000000000000128e+01 2.451060000000000044e-02
1.796000000000000085e+01 1.872589999999999932e-03
1.798000000000000043e+01 -7.777949999999999621e-03
1.800000000000000000e+01 -1.128900000000000042e-02
1.801999999999999957e+01 -1.045249999999999999e-02
1.803999999999999915e+01 1.072789999999999898e-03
1.805999999999999872e+01 7.809449999999999899e-03
1.807999999999999829e+01 -2.717810000000000191e-03
1.810000000000000142e+01 -1.835679999999999951e-02
1.812000000000000099e+01 -3.173800000000000232e-02
1.814000000000000057e+01 -5.167540000000000328e-02
1.816000000000000014e+01 -7.278619999999999535e-02
1.817999999999999972e+01 -7.482740000000000224e-02
1.819999999999999929e+01 -6.462249999999999939e-02
1.821999999999999886e+01 -6.136269999999999919e-02
1.823999999999999844e+01 -5.984869999999999773e-02
1.826000000000000156e+01 -5.763929999999999748e-02
1.828000000000000114e+01 -6.291280000000000483e-02
1.830000000000000071e+01 -6.216349999999999654e-02
1.832000000000000028e+01 -2.968760000000000149e-02
1.833999999999999986e+01 3.331730000000000108e-02
1.835999999999999943e+01 9.427750000000000019e-02
1.837999999999999901e+01 1.322500000000000064e-01
1.839999999999999858e+01 1.590739999999999932e-01
1.842000000000000171e+01 1.881929999999999992e-01
1.844000000000000128e+01 2.190610000000000057e-01
1.846000000000000085e+01 2.426300000000000123e-01
1.848000000000000043e+01 2.438619999999999954e-01
1.850000000000000000e+01 2.234140000000000015e-01
1.851999999999999957e+01 1.984740000000000115e-01
1.853999999999999915e+01 1.725959999999999994e-01
1.855999999999999872e+01 1.380349999999999910e-01
1.857999999999999829e+01 9.301239999999999508e-02
1.860000000000000142e+01 4.789569999999999939e-02
1.862000000000000099e+01 1.871849999999999903e-02
1.864000000000000057e+01 -3.887939999999999777e-04
1.866000000000000014e+01 -2.726050000000000001e-02
1.867999999999999972e+01 -6.322160000000000279e-02
1.869999999999999929e+01 -1.051180000000000031e-01
1.871999999999999886e+01 -1.423729999999999996e-01
1.873999999999999844e+01 -1.556629999999999958e-01
1.876000000000000156e+01 -1.430639999999999967e-01
1.878000000000000114e+01 -1.137829999999999953e-01
1.880000000000000071e+01 -7.620549999999999546e-02
1.882000000000000028e+01 -3.932360000000000022e-02
1.883999999999999986e+01 -8.769189999999999624e-03
1.885999999999999943e+01 9.034459999999999366e-03
1.887999999999999901e+01 1.690349999999999839e-02
1.889999999999999858e+01 2.592399999999999913e-02
1.892000000000000171e+01 2.985499999999999959e-02
1.894000000000000128e+01 2.028589999999999907e-02
1.896000000000000085e+01 1.233289999999999951e-03
1.898000000000000043e+01 -3.207630000000000203e-02
1.900000000000000000e+01 -8.047949999999999549e-02
1.901999999999999957e+01 -1.295830000000000037e-01
1.903999999999999915e+01 -1.771169999999999967e-01
1.905999999999999872e+01 -2.220260000000000011e-01
1.907999999999999829e+01 -2.430640000000000023e-01
1.910000000000000142e+01 -2.302500000000000102e-01
1.912000000000000099e+01 -1.989319999999999977e-01
1.914000000000000057e+01 -1.590630000000000099e-01
1.916000000000000014e+01 -1.008919999999999956e-01
1.917999999999999972e+01 -2.098049999999999915e-02
1.919999999999999929e+01 5.128660000000000163e-02
1.921999999999999886e+01 8.728180000000000660e-02
1.923999999999999844e+01 9.657979999999999343e-02
1.926000000000000156e+01 9.371690000000000575e-02
1.928000000000000114e+01 7.773919999999999442e-02
1.930000000000000071e+01 5.317999999999999811e-02
1.932000000000000028e+01 3.010509999999999922e-02
1.933999999999999986e+01 2.311140000000000069e-02
1.935999999999999943e+01 4.266969999999999791e-02
1.937999999999999901e+01 6.924539999999999862e-02
1.939999999999999858e+01 7.677259999999999640e-02
1.942000000000000171e+01 6.793290000000000439e-02
1.944000000000000128e+01 5.451240000000000252e-02
1.946000000000000085e+01 4.413600000000000162e-02
1.948000000000000043e+01 4.326019999999999865e-02
1.950000000000000000e+01 4.238549999999999957e-02
1.951999999999999957e+01 3.203410000000000285e-02
1.953999999999999915e+01 2.439449999999999952e-02
1.955999999999999872e+01 2.086760000000000004e-02
1.957999999999999829e+01 3.703510000000000135e-03
1.960000000000000142e+01 -2.186940000000000064e-02
1.962000000000000099e+01 -3.701890000000000042e-02
1.964000000000000057e+01 -4.518339999999999856e-02
1.966000000000000014e+01 -4.839979999999999977e-02
1.967999999999999972e+01 -3.660279999999999784e-02
1.969999999999999929e+01 -1.980370000000000047e-02
1.971999999999999886e+01 -1.392140000000000044e-02
1.973999999999999844e+01 -1.391159999999999966e-02
1.976000000000000156e+01 -1.365410000000000061e-02
1.978000000000000114e+01 -1.408689999999999942e-02
1.980000000000000071e+01 -1.357590000000000012e-02
1.982000000000000028e+01 -1.569479999999999834e-02
1.983999999999999986e+01 -2.029699999999999907e-02
1.985999999999999943e+01 -1.660640000000000033e-02
1.987999999999999901e+01 -4.074600000000000270e-03
1.989999999999999858e+01 3.535540000000000210e-03
1.992000000000000171e+01 -1.352780000000000041e-03
1.994000000000000128e+01 -5.453949999999999944e-03
1.996000000000000085e+01 5.255789999999999768e-03
1.998000000000000043e+01 2.429829999999999837e-02
2.000000000000000000e+01 4.582050000000000012e-02
2.001999999999999957e+01 7.811999999999999500e-02
2.003999999999999915e+01 1.118399999999999950e-01
2.005999999999999872e+01 1.247510000000000008e-01
2.007999999999999829e+01 1.146319999999999978e-01
2.010000000000000142e+01 9.238399999999999390e-02
2.012000000000000099e+01 6.739269999999999983e-02
2.014000000000000057e+01 4.359579999999999705e-02
2.016000000000000014e+01 2.146349999999999994e-02
2.017999999999999972e+01 5.927919999999999717e-03
2.019999999999999929e+01 3.851799999999999950e-04
2.021999999999999886e+01 7.151809999999999548e-04
2.023999999999999844e+01 -9.248600000000000050e-04
2.026000000000000156e+01 -1.288510000000000003e-02
2.028000000000000114e+01 -3.475539999999999879e-02
2.030000000000000071e+01 -5.501600000000000240e-02
2.032000000000000028e+01 -6.568259999999999377e-02
2.033999999999999986e+01 -6.834980000000000222e-02
2.035999999999999943e+01 -6.464689999999999326e-02
2.037999999999999901e+01 -5.531509999999999899e-02
2.039999999999999858e+01 -4.475869999999999849e-02
2.042000000000000171e+01 -3.449109999999999676e-02
2.044000000000000128e+01 -2.235459999999999878e-02
2.046000000000000085e+01 -1.042940000000000013e-02
2.048000000000000043e+01 -2.432469999999999945e-03
2.050000000000000000e+01 1.766140000000000028e-03
2.051999999999999957e+01 4.312419999999999969e-03
2.053999999999999915e+01 6.145969999999999732e-03
2.055999999999999872e+01 6.635020000000000154e-03
2.057999999999999829e+01 5.850319999999999999e-03
2.060000000000000142e+01 4.849479999999999763e-03
2.062000000000000099e+01 3.836420000000000108e-03
2.064000000000000057e+01 2.641319999999999953e-03
2.066000000000000014e+01 1.651869999999999944e-03
2.067999999999999972e+01 1.145339999999999900e-03
2.069999999999999929e+01 9.721680000000000339e-04
2.071999999999999886e+01 9.617300000000000501e-04
2.073999999999999844e+01 1.048220000000000098e-03
2.076000000000000156e+01 1.164209999999999941e-03
2.078000000000000114e+01 1.257649999999999914e-03
2.080000000000000071e+01 1.316260000000000086e-03
2.082000000000000028e+01 1.334370000000000087e-03
2.083999999999999986e+01 1.312460000000000102e-03
2.085999999999999943e+01 1.267129999999999992e-03
2.087999999999999901e+01 1.210319999999999972e-03
