0.000000000000000000e+00 0.000000000000000000e+00
2.000000000000000042e-02 1.285069999999999962e-02
4.000000000000000083e-02 9.506809999999999219e-03
5.999999999999999778e-02 1.022789999999999984e-02
8.000000000000000167e-02 1.089799999999999970e-02
1.000000000000000056e-01 1.150709999999999927e-02
1.199999999999999956e-01 1.207519999999999948e-02
1.400000000000000133e-01 1.255470000000000023e-02
1.600000000000000033e-01 1.292010000000000033e-02
1.799999999999999933e-01 1.318390000000000013e-02
2.000000000000000111e-01 1.325759999999999959e-02
2.200000000000000011e-01 1.322390000000000024e-02
2.399999999999999911e-01 1.326040000000000031e-02
2.600000000000000089e-01 1.317379999999999940e-02
2.800000000000000266e-01 1.277580000000000035e-02
2.999999999999999889e-01 1.286909999999999964e-02
3.200000000000000067e-01 1.379670000000000028e-02
3.400000000000000244e-01 1.249339999999999999e-02
3.599999999999999867e-01 8.158020000000000202e-03
3.800000000000000044e-01 6.749449999999999721e-03
4.000000000000000222e-01 7.645260000000000077e-03
4.199999999999999845e-01 3.256960000000000150e-03
4.400000000000000022e-01 2.545790000000000032e-04
4.600000000000000200e-01 5.956010000000000297e-03
4.799999999999999822e-01 4.258419999999999740e-03
5.000000000000000000e-01 -6.615320000000000054e-03
5.200000000000000178e-01 -3.580620000000000070e-03
5.400000000000000355e-01 1.725360000000000001e-03
5.600000000000000533e-01 -1.228609999999999945e-02
5.799999999999999600e-01 -2.221750000000000114e-02
5.999999999999999778e-01 -1.527339999999999948e-02
6.199999999999999956e-01 -1.709919999999999843e-02
6.400000000000000133e-01 -3.566570000000000157e-02
6.600000000000000311e-01 -3.930059999999999804e-02
6.800000000000000488e-01 -1.835260000000000016e-02
6.999999999999999556e-01 -1.788280000000000078e-02
7.199999999999999734e-01 -2.899610000000000035e-02
7.399999999999999911e-01 -1.311449999999999942e-02
7.600000000000000089e-01 -2.201339999999999894e-02
7.800000000000000266e-01 -4.568180000000000157e-02
8.000000000000000444e-01 -2.316129999999999925e-02
8.199999999999999512e-01 -3.233489999999999975e-02
8.399999999999999689e-01 -7.219810000000000116e-02
8.599999999999999867e-01 -3.333640000000000214e-02
8.800000000000000044e-01 -2.960609999999999804e-03
9.000000000000000222e-01 -6.376809999999999423e-02
9.200000000000000400e-01 -7.881209999999999605e-02
9.399999999999999467e-01 -9.805110000000000561e-03
9.599999999999999645e-01 -7.933050000000000518e-03
9.799999999999999822e-01 -7.770589999999999442e-02
1.000000000000000000e+00 -5.272589999999999916e-02
1.020000000000000018e+00 2.515689999999999940e-02
1.040000000000000036e+00 -2.904810000000000031e-02
1.060000000000000053e+00 -1.180299999999999960e-01
1.080000000000000071e+00 -6.705350000000000199e-02
1.100000000000000089e+00 6.246329999999999591e-03
1.120000000000000107e+00 -3.125440000000000162e-02
1.139999999999999902e+00 -7.447719999999999341e-02
1.159999999999999920e+00 6.150000000000000085e-03
1.179999999999999938e+00 1.146299999999999958e-01
1.199999999999999956e+00 4.898659999999999820e-02
1.219999999999999973e+00 -1.041949999999999960e-01
1.239999999999999991e+00 -6.837680000000000147e-02
1.260000000000000009e+00 4.891009999999999802e-02
1.280000000000000027e+00 -1.336279999999999933e-02
1.300000000000000044e+00 -1.004879999999999940e-01
1.320000000000000062e+00 -5.492219999999999741e-02
1.340000000000000080e+00 -1.691809999999999842e-02
1.360000000000000098e+00 -3.185269999999999768e-02
1.379999999999999893e+00 -9.757309999999999942e-03
1.399999999999999911e+00 5.347570000000000101e-02
1.419999999999999929e+00 6.379869999999999985e-02
1.439999999999999947e+00 1.474029999999999958e-02
1.459999999999999964e+00 2.307490000000000149e-03
1.479999999999999982e+00 7.104929999999999753e-03
1.500000000000000000e+00 -2.403179999999999900e-02
1.520000000000000018e+00 -7.746480000000000032e-02
1.540000000000000036e+00 -9.655310000000000281e-02
1.560000000000000053e+00 -1.002680000000000064e-02
1.580000000000000071e+00 6.119229999999999808e-02
1.600000000000000089e+00 8.163949999999999679e-03
1.620000000000000107e+00 -2.504489999999999841e-02
1.639999999999999902e+00 1.674300000000000094e-02
1.659999999999999920e+00 5.169900000000000190e-02
1.679999999999999938e+00 2.710749999999999965e-02
1.699999999999999956e+00 -7.040319999999999911e-02
1.719999999999999973e+00 -9.315589999999999982e-02
1.739999999999999991e+00 4.180729999999999863e-02
1.760000000000000009e+00 1.259379999999999944e-01
1.780000000000000027e+00 5.432490000000000235e-02
1.800000000000000044e+00 -1.950819999999999985e-02
1.820000000000000062e+00 1.155220000000000032e-02
1.840000000000000080e+00 1.127269999999999939e-01
1.860000000000000098e+00 1.887620000000000131e-01
1.879999999999999893e+00 2.503340000000000010e-01
1.899999999999999911e+00 3.235040000000000138e-01
1.919999999999999929e+00 2.473529999999999895e-01
1.939999999999999947e+00 1.538269999999999915e-01
1.959999999999999964e+00 2.997560000000000224e-01
1.979999999999999982e+00 2.357049999999999979e-01
2.000000000000000000e+00 -2.219919999999999949e-01
2.020000000000000018e+00 -2.568210000000000215e-01
2.040000000000000036e+00 2.503090000000000037e-01
2.060000000000000053e+00 3.704819999999999780e-01
2.080000000000000071e+00 9.290049999999999697e-02
2.100000000000000089e+00 3.042819999999999969e-01
2.120000000000000107e+00 8.919559999999999711e-01
2.140000000000000124e+00 9.325379999999999781e-01
2.160000000000000142e+00 2.825880000000000059e-01
2.180000000000000160e+00 -3.483910000000000062e-01
2.200000000000000178e+00 -3.877920000000000256e-01
2.220000000000000195e+00 -6.701740000000000475e-02
2.240000000000000213e+00 -8.084700000000000220e-02
2.259999999999999787e+00 -4.915680000000000049e-01
2.279999999999999805e+00 -7.410400000000000320e-01
2.299999999999999822e+00 -5.340129999999999599e-01
2.319999999999999840e+00 7.651840000000000031e-02
2.339999999999999858e+00 5.605839999999999712e-01
2.359999999999999876e+00 2.094979999999999898e-01
2.379999999999999893e+00 -5.333109999999999795e-01
2.399999999999999911e+00 -6.069039999999999990e-01
2.419999999999999929e+00 -1.307169999999999999e-01
2.439999999999999947e+00 -3.163559999999999983e-02
2.459999999999999964e+00 -2.558110000000000106e-01
2.479999999999999982e+00 6.351080000000000614e-02
2.500000000000000000e+00 4.514830000000000232e-01
2.520000000000000018e+00 2.624610000000000137e-02
2.540000000000000036e+00 -1.942669999999999952e-01
2.560000000000000053e+00 3.985369999999999746e-01
2.580000000000000071e+00 5.756620000000000070e-01
2.600000000000000089e+00 -2.121379999999999932e-01
2.620000000000000107e+00 -1.016969999999999930e+00
2.640000000000000124e+00 -7.818540000000000489e-01
2.660000000000000142e+00 1.198660000000000003e-02
2.680000000000000160e+00 1.580850000000000033e-01
2.700000000000000178e+00 1.217460000000000070e-02
2.720000000000000195e+00 2.318109999999999893e-01
2.740000000000000213e+00 5.153910000000000435e-01
2.759999999999999787e+00 5.670730000000000492e-01
2.779999999999999805e+00 1.380830000000000113e-01
2.799999999999999822e+00 -4.472090000000000232e-01
2.819999999999999840e+00 -4.127649999999999930e-01
2.839999999999999858e+00 1.126069999999999988e-01
2.859999999999999876e+00 5.396549999999999958e-01
2.879999999999999893e+00 3.571659999999999835e-01
2.899999999999999911e+00 -4.909089999999999843e-01
2.919999999999999929e+00 -7.781529999999999836e-01
2.939999999999999947e+00 1.698129999999999917e-01
2.959999999999999964e+00 8.808340000000000058e-01
2.979999999999999982e+00 8.316080000000000694e-02
3.000000000000000000e+00 -1.381829999999999892e+00
3.020000000000000018e+00 -1.525179999999999980e+00
3.040000000000000036e+00 3.821689999999999809e-02
3.060000000000000053e+00 7.059410000000000407e-01
3.080000000000000071e+00 -4.503059999999999841e-01
3.100000000000000089e+00 -2.512710000000000221e-01
3.120000000000000107e+00 1.841280000000000028e+00
3.140000000000000124e+00 2.109579999999999789e+00
3.160000000000000142e+00 -1.384539999999999937e-01
3.180000000000000160e+00 -1.607590000000000074e+00
3.200000000000000178e+00 -6.777260000000000506e-01
3.220000000000000195e+00 8.328889999999999905e-01
3.240000000000000213e+00 6.736560000000000326e-01
3.259999999999999787e+00 -8.152479999999999727e-01
3.279999999999999805e+00 -1.401899999999999924e+00
3.299999999999999822e+00 -5.877390000000000114e-01
3.319999999999999840e+00 4.547899999999999859e-02
3.339999999999999858e+00 2.609940000000000038e-01
3.359999999999999876e+00 7.010779999999999790e-01
3.379999999999999893e+00 3.776189999999999825e-01
3.399999999999999911e+00 -7.296730000000000160e-01
3.419999999999999929e+00 -6.786149999999999682e-01
3.439999999999999947e+00 2.909320000000000239e-01
3.459999999999999964e+00 4.742609999999999881e-01
3.479999999999999982e+00 3.846080000000000054e-01
3.500000000000000000e+00 6.579279999999999573e-01
3.520000000000000018e+00 3.010780000000000123e-01
3.540000000000000036e+00 -5.798320000000000141e-01
3.560000000000000053e+00 -7.786960000000000548e-01
3.580000000000000071e+00 -3.453049999999999731e-01
3.600000000000000089e+00 7.890769999999999729e-02
3.620000000000000107e+00 3.443970000000000087e-01
3.640000000000000124e+00 1.790740000000000109e-01
3.660000000000000142e+00 -4.195180000000000020e-01
3.680000000000000160e+00 -6.430090000000000527e-01
3.700000000000000178e+00 -9.063359999999999472e-02
3.720000000000000195e+00 5.709210000000000118e-01
3.740000000000000213e+00 6.781930000000000458e-01
3.759999999999999787e+00 2.902730000000000032e-01
3.779999999999999805e+00 -1.153669999999999973e-01
3.799999999999999822e+00 -1.661479999999999901e-01
3.819999999999999840e+00 -4.976540000000000130e-02
3.839999999999999858e+00 -1.797920000000000074e-01
3.859999999999999876e+00 -3.815919999999999868e-01
3.879999999999999893e+00 -2.635120000000000240e-01
3.899999999999999911e+00 5.144440000000000124e-02
3.919999999999999929e+00 2.897429999999999728e-01
3.939999999999999947e+00 4.352210000000000245e-01
3.959999999999999964e+00 5.064210000000000100e-01
3.979999999999999982e+00 3.564539999999999931e-01
4.000000000000000000e+00 -5.445959999999999690e-02
4.019999999999999574e+00 -4.052140000000000186e-01
4.040000000000000036e+00 -4.671100000000000252e-01
4.059999999999999609e+00 -2.528329999999999744e-01
4.080000000000000071e+00 2.433400000000000007e-01
4.099999999999999645e+00 5.337619999999999587e-01
4.120000000000000107e+00 1.428909999999999902e-01
4.139999999999999680e+00 -1.492090000000000083e-01
4.160000000000000142e+00 1.736969999999999903e-01
4.179999999999999716e+00 1.878809999999999925e-01
4.200000000000000178e+00 -3.178349999999999786e-01
4.219999999999999751e+00 -4.859809999999999963e-01
4.240000000000000213e+00 -2.363860000000000128e-01
4.259999999999999787e+00 3.036020000000000038e-02
4.280000000000000249e+00 2.164200000000000013e-01
4.299999999999999822e+00 1.922580000000000122e-01
4.320000000000000284e+00 -9.870279999999999332e-02
4.339999999999999858e+00 -3.691780000000000062e-01
4.360000000000000320e+00 -1.812880000000000047e-01
4.379999999999999893e+00 4.103580000000000005e-01
4.400000000000000355e+00 6.056610000000000049e-01
4.419999999999999929e+00 5.478700000000000236e-02
4.440000000000000391e+00 -4.764559999999999906e-01
4.459999999999999964e+00 -3.599499999999999922e-01
4.480000000000000426e+00 8.519430000000000058e-02
4.500000000000000000e+00 2.723450000000000037e-01
4.519999999999999574e+00 1.063589999999999952e-01
4.540000000000000036e+00 -6.967199999999999782e-02
4.559999999999999609e+00 -6.941519999999999635e-02
4.580000000000000071e+00 -6.286609999999999421e-02
4.599999999999999645e+00 -2.087559999999999971e-01
4.620000000000000107e+00 -3.463370000000000060e-01
4.639999999999999680e+00 -1.747620000000000007e-01
4.660000000000000142e+00 2.791730000000000045e-01
4.679999999999999716e+00 6.649800000000000155e-01
4.700000000000000178e+00 6.518699999999999495e-01
4.719999999999999751e+00 2.610270000000000090e-01
4.740000000000000213e+00 -9.782549999999999232e-03
4.759999999999999787e+00 9.421799999999999620e-02
4.780000000000000249e+00 2.554710000000000036e-01
4.799999999999999822e+00 2.554679999999999729e-01
4.820000000000000284e+00 2.094309999999999922e-02
4.839999999999999858e+00 -3.756349999999999967e-01
4.860000000000000320e+00 -4.989460000000000006e-01
4.879999999999999893e+00 -2.562070000000000181e-01
4.900000000000000355e+00 -5.959829999999999989e-02
4.919999999999999929e+00 3.634090000000000237e-02
4.940000000000000391e+00 2.851429999999999798e-01
4.959999999999999964e+00 4.762560000000000127e-01
4.980000000000000426e+00 2.429989999999999928e-01
5.000000000000000000e+00 -1.237950000000000023e-01
5.019999999999999574e+00 -2.282629999999999937e-01
5.040000000000000036e+00 -1.896420000000000050e-01
5.059999999999999609e+00 -7.246489999999999876e-02
5.080000000000000071e+00 1.131899999999999989e-01
5.099999999999999645e+00 1.177659999999999957e-01
5.120000000000000107e+00 -6.251879999999999937e-02
5.139999999999999680e+00 -1.563910000000000022e-01
5.160000000000000142e+00 -1.390029999999999877e-01
5.179999999999999716e+00 -2.370609999999999939e-01
5.200000000000000178e+00 -4.296280000000000099e-01
5.219999999999999751e+00 -3.563899999999999846e-01
5.240000000000000213e+00 -1.676240000000000022e-02
5.259999999999999787e+00 1.191500000000000059e-01
5.280000000000000249e+00 3.317250000000000060e-02
5.299999999999999822e+00 1.126790000000000014e-01
5.320000000000000284e+00 2.216220000000000134e-01
5.339999999999999858e+00 5.888759999999999828e-02
5.360000000000000320e+00 -2.108549999999999869e-01
5.379999999999999893e+00 -3.618480000000000030e-01
5.400000000000000355e+00 -2.209629999999999928e-01
5.419999999999999929e+00 1.706739999999999924e-01
5.440000000000000391e+00 3.276109999999999856e-01
5.459999999999999964e+00 1.588990000000000125e-01
5.480000000000000426e+00 5.384160000000000335e-02
5.500000000000000000e+00 2.909749999999999837e-02
5.519999999999999574e+00 -2.792000000000000037e-02
5.540000000000000036e+00 -3.571669999999999706e-02
5.559999999999999609e+00 -1.062240000000000059e-02
5.580000000000000071e+00 -1.952999999999999875e-02
5.599999999999999645e+00 1.039559999999999920e-03
5.620000000000000107e+00 1.072250000000000009e-01
5.639999999999999680e+00 1.274790000000000090e-01
5.660000000000000142e+00 7.734000000000000423e-03
5.679999999999999716e+00 2.477920000000000122e-02
5.700000000000000178e+00 1.551619999999999944e-01
5.719999999999999751e+00 1.273660000000000070e-01
5.740000000000000213e+00 -2.535609999999999947e-02
5.759999999999999787e+00 -1.820060000000000011e-01
5.780000000000000249e+00 -2.814059999999999895e-01
5.799999999999999822e+00 -2.985909999999999953e-01
5.820000000000000284e+00 -2.894160000000000066e-01
5.839999999999999858e+00 -2.053840000000000110e-01
5.860000000000000320e+00 -2.080919999999999992e-02
5.879999999999999893e+00 1.028909999999999964e-01
5.900000000000000355e+00 8.767500000000000293e-02
5.919999999999999929e+00 7.331880000000000341e-02
5.940000000000000391e+00 2.044710000000000139e-01
5.959999999999999964e+00 3.719390000000000196e-01
5.980000000000000426e+00 3.668199999999999794e-01
6.000000000000000000e+00 2.117120000000000113e-01
6.019999999999999574e+00 -1.259189999999999962e-02
6.040000000000000036e+00 -2.201780000000000126e-01
6.059999999999999609e+00 -1.811949999999999950e-01
6.080000000000000071e+00 5.589829999999999625e-03
6.099999999999999645e+00 4.237069999999999725e-02
6.120000000000000107e+00 6.881270000000000442e-02
6.139999999999999680e+00 4.794079999999999869e-02
6.160000000000000142e+00 -2.504029999999999867e-01
6.179999999999999716e+00 -3.650740000000000096e-01
6.200000000000000178e+00 -1.589470000000000119e-02
6.219999999999999751e+00 2.954620000000000024e-01
6.240000000000000213e+00 3.552500000000000102e-01
6.259999999999999787e+00 3.285500000000000087e-01
6.280000000000000249e+00 2.274410000000000043e-01
6.299999999999999822e+00 2.581409999999999955e-02
6.320000000000000284e+00 -2.213549999999999962e-01
6.339999999999999858e+00 -3.763170000000000126e-01
6.360000000000000320e+00 -3.617060000000000275e-01
6.379999999999999893e+00 -2.734260000000000024e-01
6.400000000000000355e+00 -2.126869999999999872e-01
6.419999999999999929e+00 -1.708800000000000041e-01
6.440000000000000391e+00 -6.846889999999999921e-02
6.459999999999999964e+00 1.687279999999999891e-01
6.480000000000000426e+00 4.698330000000000006e-01
6.500000000000000000e+00 4.842310000000000225e-01
6.519999999999999574e+00 1.938389999999999905e-02
6.540000000000000036e+00 -4.092890000000000139e-01
6.559999999999999609e+00 -3.246109999999999829e-01
6.580000000000000071e+00 -4.152669999999999972e-02
6.599999999999999645e+00 6.290590000000000070e-02
6.620000000000000107e+00 2.778749999999999970e-02
6.639999999999999680e+00 -1.728580000000000047e-02
6.660000000000000142e+00 5.056950000000000334e-02
6.679999999999999716e+00 1.592290000000000094e-01
6.700000000000000178e+00 5.986360000000000292e-02
6.719999999999999751e+00 -2.005180000000000018e-01
6.740000000000000213e+00 -3.290850000000000164e-01
6.759999999999999787e+00 -2.068919999999999926e-01
6.780000000000000249e+00 -4.839990000000000264e-02
6.799999999999999822e+00 -5.344020000000000020e-02
6.820000000000000284e+00 8.923220000000000804e-03
6.839999999999999858e+00 2.359229999999999938e-01
6.860000000000000320e+00 3.201430000000000109e-01
6.879999999999999893e+00 2.570069999999999855e-01
6.900000000000000355e+00 1.851369999999999960e-01
6.919999999999999929e+00 9.495019999999999849e-02
6.940000000000000391e+00 8.304069999999999507e-02
6.959999999999999964e+00 7.573109999999999564e-02
6.980000000000000426e+00 -3.452910000000000007e-02
7.000000000000000000e+00 -1.046829999999999983e-01
7.019999999999999574e+00 -1.135960000000000025e-01
7.040000000000000036e+00 -6.211579999999999879e-02
7.059999999999999609e+00 1.531190000000000051e-01
7.080000000000000071e+00 4.122399999999999953e-01
7.099999999999999645e+00 4.166739999999999888e-01
7.120000000000000107e+00 1.645560000000000078e-01
7.139999999999999680e+00 -4.124120000000000216e-04
7.160000000000000142e+00 -1.030800000000000050e-01
7.179999999999999716e+00 -3.031570000000000098e-01
7.200000000000000178e+00 -3.151399999999999757e-01
7.219999999999999751e+00 -1.671330000000000038e-01
7.240000000000000213e+00 -6.952500000000000346e-02
7.259999999999999787e+00 5.258499999999999980e-02
7.280000000000000249e+00 3.446430000000000327e-02
7.299999999999999822e+00 9.462699999999999237e-03
7.320000000000000284e+00 2.670270000000000143e-01
7.339999999999999858e+00 3.417209999999999970e-01
7.360000000000000320e+00 4.146380000000000204e-02
7.379999999999999893e+00 -1.902600000000000124e-01
7.400000000000000355e+00 -1.727660000000000029e-01
7.419999999999999929e+00 3.811010000000000092e-03
7.440000000000000391e+00 6.570030000000000314e-02
7.459999999999999964e+00 -8.415860000000000007e-02
7.480000000000000426e+00 -1.422360000000000013e-01
7.500000000000000000e+00 -7.401430000000000509e-02
7.519999999999999574e+00 -5.279640000000000027e-02
7.540000000000000036e+00 -4.415979999999999905e-02
7.559999999999999609e+00 -1.018359999999999925e-02
7.580000000000000071e+00 3.432349999999999984e-02
7.599999999999999645e+00 8.853489999999999971e-02
7.620000000000000107e+00 1.391580000000000039e-01
7.639999999999999680e+00 1.168259999999999993e-01
7.660000000000000142e+00 2.947889999999999885e-02
7.679999999999999716e+00 7.359789999999999388e-02
7.700000000000000178e+00 1.876720000000000055e-01
7.719999999999999751e+00 1.123539999999999955e-01
7.740000000000000213e+00 -4.380730000000000041e-02
7.759999999999999787e+00 -1.575560000000000016e-01
7.780000000000000249e+00 -2.672910000000000008e-01
7.799999999999999822e+00 -2.478690000000000060e-01
7.820000000000000284e+00 -1.540690000000000115e-01
7.839999999999999858e+00 -1.451669999999999905e-01
7.860000000000000320e+00 -1.095829999999999999e-01
7.879999999999999893e+00 -4.182120000000000282e-02
7.900000000000000355e+00 -7.958889999999999715e-03
7.919999999999999929e+00 5.533590000000000036e-02
7.940000000000000391e+00 1.019309999999999938e-01
7.959999999999999964e+00 1.217580000000000051e-01
7.980000000000000426e+00 8.230690000000000228e-02
8.000000000000000000e+00 -1.273660000000000070e-01
8.019999999999999574e+00 -2.406959999999999933e-01
8.039999999999999147e+00 -3.874650000000000316e-02
8.060000000000000497e+00 1.549149999999999971e-01
8.080000000000000071e+00 1.312379999999999936e-01
8.099999999999999645e+00 1.590199999999999947e-02
8.119999999999999218e+00 -7.316250000000000531e-02
8.140000000000000568e+00 -1.304409999999999945e-02
8.160000000000000142e+00 1.293620000000000048e-01
8.179999999999999716e+00 6.674460000000000115e-02
8.199999999999999289e+00 -1.803599999999999925e-01
8.220000000000000639e+00 -3.051380000000000203e-01
8.240000000000000213e+00 -2.092789999999999928e-01
8.259999999999999787e+00 -2.265290000000000012e-02
8.279999999999999361e+00 1.203209999999999974e-01
8.300000000000000711e+00 1.728840000000000099e-01
8.320000000000000284e+00 1.564909999999999912e-01
8.339999999999999858e+00 6.881600000000000217e-02
8.359999999999999432e+00 -3.748490000000000155e-02
8.380000000000000782e+00 7.596190000000000060e-04
8.400000000000000355e+00 1.465960000000000041e-01
8.419999999999999929e+00 1.630159999999999942e-01
8.439999999999999503e+00 5.761079999999999673e-02
8.460000000000000853e+00 -5.556699999999999834e-02
8.480000000000000426e+00 -2.280330000000000135e-01
8.500000000000000000e+00 -3.653609999999999913e-01
8.519999999999999574e+00 -3.293610000000000149e-01
8.539999999999999147e+00 -2.549330000000000207e-01
8.560000000000000497e+00 -1.576480000000000103e-01
8.580000000000000071e+00 1.093879999999999991e-01
8.599999999999999645e+00 3.243019999999999792e-01
8.619999999999999218e+00 2.023810000000000053e-01
8.640000000000000568e+00 -7.360500000000000376e-02
8.660000000000000142e+00 -2.343490000000000018e-01
8.679999999999999716e+00 -2.347990000000000077e-01
8.699999999999999289e+00 -2.115599999999999981e-01
8.720000000000000639e+00 -3.416980000000000017e-01
8.740000000000000213e+00 -3.727199999999999958e-01
8.759999999999999787e+00 -7.239429999999999477e-02
8.779999999999999361e+00 1.753540000000000099e-01
8.800000000000000711e+00 2.344660000000000077e-01
8.820000000000000284e+00 2.349870000000000014e-01
8.839999999999999858e+00 1.042560000000000014e-01
8.859999999999999432e+00 1.646469999999999878e-01
8.880000000000000782e+00 4.435479999999999978e-01
8.900000000000000355e+00 3.869850000000000234e-01
8.919999999999999929e+00 1.930360000000000131e-01
8.939999999999999503e+00 1.954770000000000119e-01
8.960000000000000853e+00 1.420510000000000106e-01
8.980000000000000426e+00 2.051160000000000136e-02
9.000000000000000000e+00 -9.610309999999999686e-02
9.019999999999999574e+00 -1.572850000000000081e-01
9.039999999999999147e+00 -9.268230000000000565e-03
9.060000000000000497e+00 1.153689999999999993e-01
9.080000000000000071e+00 3.159100000000000102e-02
9.099999999999999645e+00 -1.899800000000000100e-02
9.119999999999999218e+00 2.273280000000000092e-02
9.140000000000000568e+00 7.080219999999999916e-03
9.160000000000000142e+00 -2.316059999999999994e-02
9.179999999999999716e+00 2.459549999999999931e-02
9.199999999999999289e+00 1.016169999999999990e-01
9.220000000000000639e+00 1.545930000000000082e-01
9.240000000000000213e+00 1.459459999999999924e-01
9.259999999999999787e+00 9.805700000000000527e-02
9.279999999999999361e+00 1.092950000000000033e-01
9.300000000000000711e+00 8.571399999999999852e-02
9.320000000000000284e+00 -4.167560000000000014e-02
9.339999999999999858e+00 -1.465899999999999981e-01
9.359999999999999432e+00 -2.550250000000000017e-01
9.380000000000000782e+00 -2.649540000000000228e-01
9.400000000000000355e+00 -5.406280000000000287e-04
9.419999999999999929e+00 1.753709999999999991e-01
9.439999999999999503e+00 7.114810000000000058e-03
9.460000000000000853e+00 -1.664899999999999991e-01
9.480000000000000426e+00 -1.530370000000000064e-01
9.500000000000000000e+00 -5.987930000000000336e-02
9.519999999999999574e+00 -8.013879999999999918e-05
9.539999999999999147e+00 -2.975159999999999957e-02
9.560000000000000497e+00 -3.826100000000000334e-02
9.580000000000000071e+00 4.530800000000000105e-02
9.599999999999999645e+00 1.239829999999999960e-01
9.619999999999999218e+00 1.090190000000000048e-01
9.640000000000000568e+00 -2.662209999999999924e-02
9.660000000000000142e+00 -1.456479999999999997e-01
9.679999999999999716e+00 -1.338360000000000105e-01
9.699999999999999289e+00 -7.609989999999999810e-02
9.720000000000000639e+00 5.984740000000000198e-02
9.740000000000000213e+00 2.431560000000000110e-01
9.759999999999999787e+00 2.112839999999999996e-01
9.779999999999999361e+00 6.311559999999999913e-03
9.800000000000000711e+00 -8.269200000000000161e-02
9.820000000000000284e+00 -8.630020000000000399e-03
9.839999999999999858e+00 3.764429999999999860e-02
9.859999999999999432e+00 -1.200809999999999933e-01
9.880000000000000782e+00 -3.353849999999999887e-01
9.900000000000000355e+00 -3.033029999999999893e-01
9.919999999999999929e+00 -7.335800000000000654e-02
9.939999999999999503e+00 8.793049999999999478e-02
9.960000000000000853e+00 1.031289999999999984e-01
9.980000000000000426e+00 6.819809999999999761e-02
1.000000000000000000e+01 3.775259999999999727e-02
1.001999999999999957e+01 -3.455529999999999713e-02
1.003999999999999915e+01 -9.076579999999999371e-02
1.006000000000000050e+01 4.227880000000000050e-04
1.008000000000000007e+01 1.511109999999999953e-01
1.009999999999999964e+01 1.710240000000000093e-01
1.011999999999999922e+01 8.774619999999999642e-02
1.014000000000000057e+01 7.106700000000000517e-02
1.016000000000000014e+01 9.704369999999999663e-02
1.017999999999999972e+01 5.287879999999999664e-02
1.019999999999999929e+01 6.625699999999999645e-02
1.022000000000000064e+01 1.603229999999999933e-01
1.024000000000000021e+01 8.627680000000000071e-02
1.025999999999999979e+01 -1.466600000000000126e-01
1.027999999999999936e+01 -3.136129999999999751e-01
1.030000000000000071e+01 -3.488660000000000094e-01
1.032000000000000028e+01 -2.840949999999999864e-01
1.033999999999999986e+01 -1.658830000000000027e-01
1.035999999999999943e+01 -3.223360000000000114e-02
1.038000000000000078e+01 6.990899999999999892e-02
1.040000000000000036e+01 9.676010000000000166e-02
1.041999999999999993e+01 9.504500000000000448e-02
1.043999999999999950e+01 8.212440000000000018e-02
1.046000000000000085e+01 5.641440000000000343e-02
1.048000000000000043e+01 1.258130000000000082e-01
1.050000000000000000e+01 2.598409999999999886e-01
1.051999999999999957e+01 2.516140000000000043e-01
1.053999999999999915e+01 1.278070000000000039e-01
1.056000000000000050e+01 8.679320000000000090e-02
1.058000000000000007e+01 1.008000000000000007e-01
1.059999999999999964e+01 5.805160000000000181e-02
1.061999999999999922e+01 1.045620000000000056e-02
1.064000000000000057e+01 5.391570000000000043e-03
1.066000000000000014e+01 -4.924200000000000105e-03
1.067999999999999972e+01 -4.805879999999999874e-02
1.069999999999999929e+01 -9.378740000000000687e-02
1.072000000000000064e+01 -9.087649999999999895e-02
1.074000000000000021e+01 -3.241750000000000187e-02
1.075999999999999979e+01 -1.162990000000000031e-02
1.077999999999999936e+01 -1.189219999999999999e-01
1.080000000000000071e+01 -2.478650000000000020e-01
1.082000000000000028e+01 -2.083929999999999949e-01
1.083999999999999986e+01 -3.390060000000000295e-02
1.085999999999999943e+01 7.418619999999999381e-02
1.088000000000000078e+01 5.036410000000000192e-02
1.090000000000000036e+01 1.017120000000000003e-02
1.091999999999999993e+01 2.731619999999999882e-02
1.093999999999999950e+01 4.616159999999999708e-02
1.096000000000000085e+01 2.085959999999999898e-02
1.098000000000000043e+01 -1.379200000000000044e-02
1.100000000000000000e+01 -1.343109999999999964e-02
1.101999999999999957e+01 4.622030000000000062e-03
1.103999999999999915e+01 6.756619999999999640e-03
1.106000000000000050e+01 1.299720000000000042e-02
1.108000000000000007e+01 2.060719999999999913e-02
1.109999999999999964e+01 1.350009999999999925e-02
1.111999999999999922e+01 6.956809999999999383e-02
1.114000000000000057e+01 1.826089999999999935e-01
1.116000000000000014e+01 1.653310000000000057e-01
1.117999999999999972e+01 7.387730000000000338e-03
1.119999999999999929e+01 -4.884329999999999922e-02
1.122000000000000064e+01 4.848050000000000276e-02
1.124000000000000021e+01 6.780740000000000378e-02
1.125999999999999979e+01 -8.141189999999999538e-02
1.127999999999999936e+01 -1.813609999999999944e-01
1.130000000000000071e+01 -8.463950000000000640e-02
1.132000000000000028e+01 5.504930000000000240e-02
1.133999999999999986e+01 8.220869999999999567e-02
1.135999999999999943e+01 2.936899999999999927e-02
1.138000000000000078e+01 -1.416489999999999937e-02
1.140000000000000036e+01 -2.504299999999999929e-02
1.141999999999999993e+01 -6.679970000000000352e-02
1.143999999999999950e+01 -1.202440000000000037e-01
1.146000000000000085e+01 -8.358509999999999551e-02
1.148000000000000043e+01 2.113709999999999981e-03
1.150000000000000000e+01 4.955930000000000057e-02
1.151999999999999957e+01 3.449069999999999914e-02
1.153999999999999915e+01 -3.300569999999999893e-02
1.156000000000000050e+01 -6.482380000000000086e-02
1.158000000000000007e+01 -5.569609999999999839e-02
1.159999999999999964e+01 -6.929459999999999786e-02
1.161999999999999922e+01 -4.360370000000000218e-02
1.164000000000000057e+01 3.433429999999999815e-02
1.166000000000000014e+01 8.356449999999999989e-02
1.167999999999999972e+01 8.454010000000000691e-02
1.169999999999999929e+01 5.670769999999999977e-02
1.172000000000000064e+01 6.119390000000000246e-02
1.174000000000000021e+01 8.724880000000000135e-02
1.175999999999999979e+01 4.793930000000000066e-03
1.177999999999999936e+01 -1.417539999999999911e-01
1.180000000000000071e+01 -1.589119999999999977e-01
1.182000000000000028e+01 -4.687029999999999669e-02
1.183999999999999986e+01 2.731340000000000157e-02
1.185999999999999943e+01 -3.475120000000000292e-02
1.188000000000000078e+01 -1.567639999999999867e-01
1.190000000000000036e+01 -1.700949999999999962e-01
1.191999999999999993e+01 -1.045340000000000019e-01
1.193999999999999950e+01 -1.421610000000000096e-01
1.196000000000000085e+01 -2.166939999999999977e-01
1.198000000000000043e+01 -1.721779999999999977e-01
1.200000000000000000e+01 -9.874560000000000282e-02
1.201999999999999957e+01 -9.487510000000000387e-02
1.203999999999999915e+01 -1.012740000000000029e-01
1.206000000000000050e+01 -5.149139999999999967e-02
1.208000000000000007e+01 1.856199999999999864e-02
1.209999999999999964e+01 -1.769589999999999922e-03
1.211999999999999922e+01 -5.993300000000000016e-02
1.214000000000000057e+01 3.104370000000000046e-02
1.216000000000000014e+01 2.155189999999999884e-01
1.217999999999999972e+01 2.743999999999999773e-01
1.219999999999999929e+01 1.895620000000000083e-01
1.222000000000000064e+01 1.112419999999999937e-01
1.224000000000000021e+01 1.062170000000000059e-01
1.225999999999999979e+01 7.146750000000000325e-02
1.227999999999999936e+01 -6.157440000000000135e-02
1.230000000000000071e+01 -1.508359999999999979e-01
1.232000000000000028e+01 -7.936060000000000336e-02
1.233999999999999986e+01 6.242049999999999682e-02
1.235999999999999943e+01 1.646320000000000006e-01
1.238000000000000078e+01 2.022039999999999949e-01
1.240000000000000036e+01 2.051030000000000075e-01
1.241999999999999993e+01 2.041759999999999964e-01
1.243999999999999950e+01 1.531289999999999873e-01
1.246000000000000085e+01 4.942209999999999659e-02
1.248000000000000043e+01 -1.575829999999999939e-02
1.250000000000000000e+01 -3.818690000000000279e-02
1.251999999999999957e+01 -6.499309999999999810e-02
1.253999999999999915e+01 -7.765750000000000430e-02
1.256000000000000050e+01 -6.554590000000000416e-02
1.258000000000000007e+01 -4.468509999999999843e-02
1.259999999999999964e+01 -2.156570000000000015e-02
1.261999999999999922e+01 -6.825989999999999662e-03
1.264000000000000057e+01 -2.201709999999999898e-04
1.266000000000000014e+01 2.904110000000000111e-03
1.267999999999999972e+01 -7.116919999999999670e-03
1.269999999999999929e+01 -1.892399999999999985e-02
1.272000000000000064e+01 -1.613180000000000169e-02
1.274000000000000021e+01 -3.421579999999999760e-02
1.275999999999999979e+01 -9.896190000000000542e-02
1.277999999999999936e+01 -1.287379999999999913e-01
1.280000000000000071e+01 -4.643390000000000017e-02
1.282000000000000028e+01 4.415120000000000156e-02
1.283999999999999986e+01 -1.168439999999999973e-03
1.285999999999999943e+01 -1.217170000000000057e-01
1.288000000000000078e+01 -1.482169999999999876e-01
1.290000000000000036e+01 -4.158150000000000041e-02
1.291999999999999993e+01 8.800600000000000089e-02
1.293999999999999950e+01 1.417650000000000021e-01
1.296000000000000085e+01 1.783669999999999978e-01
1.298000000000000043e+01 2.967440000000000078e-01
1.300000000000000000e+01 3.687650000000000095e-01
1.301999999999999957e+01 2.305480000000000029e-01
1.303999999999999915e+01 3.723869999999999958e-02
1.306000000000000050e+01 -2.110679999999999848e-02
1.308000000000000007e+01 -2.528669999999999876e-02
1.309999999999999964e+01 -7.477780000000000538e-02
1.311999999999999922e+01 -1.179999999999999938e-01
1.314000000000000057e+01 -7.815320000000000600e-02
1.316000000000000014e+01 3.690970000000000015e-03
1.317999999999999972e+01 8.306970000000000326e-03
1.319999999999999929e+01 -5.875500000000000167e-02
1.322000000000000064e+01 -1.001039999999999985e-01
1.324000000000000021e+01 -8.341360000000000441e-02
1.325999999999999979e+01 -1.198339999999999995e-02
1.327999999999999936e+01 8.487000000000000099e-02
1.330000000000000071e+01 1.529629999999999879e-01
1.332000000000000028e+01 1.795269999999999921e-01
1.333999999999999986e+01 1.609990000000000032e-01
1.335999999999999943e+01 5.816770000000000274e-02
1.338000000000000078e+01 -1.178880000000000067e-01
1.340000000000000036e+01 -2.413980000000000015e-01
1.341999999999999993e+01 -2.229369999999999963e-01
1.343999999999999950e+01 -1.421320000000000083e-01
1.346000000000000085e+01 -9.039350000000000163e-02
1.348000000000000043e+01 -4.906250000000000194e-02
1.350000000000000000e+01 -6.983249999999999874e-03
1.351999999999999957e+01 -1.256999999999999958e-02
1.353999999999999915e+01 -7.065349999999999409e-02
1.356000000000000050e+01 -1.004639999999999977e-01
1.358000000000000007e+01 -4.826110000000000122e-02
1.359999999999999964e+01 4.514399999999999663e-02
1.361999999999999922e+01 1.223019999999999941e-01
1.364000000000000057e+01 1.455589999999999939e-01
1.366000000000000014e+01 1.116609999999999964e-01
1.367999999999999972e+01 8.509840000000000459e-02
1.369999999999999929e+01 1.120219999999999966e-01
1.372000000000000064e+01 1.226340000000000069e-01
1.374000000000000021e+01 2.553269999999999845e-02
1.375999999999999979e+01 -1.048619999999999969e-01
1.377999999999999936e+01 -1.114229999999999943e-01
1.380000000000000071e+01 -1.599830000000000002e-02
1.382000000000000028e+01 6.784250000000000003e-02
1.383999999999999986e+01 1.116909999999999986e-01
1.385999999999999943e+01 6.787300000000000277e-02
1.388000000000000078e+01 -7.627760000000000096e-02
1.390000000000000036e+01 -1.880600000000000049e-01
1.391999999999999993e+01 -2.006400000000000128e-01
1.393999999999999950e+01 -1.713530000000000053e-01
1.396000000000000085e+01 -1.106020000000000059e-01
1.398000000000000043e+01 -3.244509999999999755e-02
1.400000000000000000e+01 -1.359699999999999971e-02
1.401999999999999957e+01 -6.285699999999999621e-02
1.403999999999999915e+01 -1.001839999999999953e-01
1.406000000000000050e+01 -7.374609999999999499e-02
1.408000000000000007e+01 -1.103370000000000002e-03
1.409999999999999964e+01 6.745940000000000270e-02
1.411999999999999922e+01 1.066320000000000046e-01
1.414000000000000057e+01 1.411040000000000072e-01
1.416000000000000014e+01 1.613060000000000049e-01
1.417999999999999972e+01 1.221460000000000046e-01
1.419999999999999929e+01 5.961720000000000214e-02
1.422000000000000064e+01 2.364240000000000091e-02
1.424000000000000021e+01 -3.848359999999999888e-03
1.425999999999999979e+01 -2.848919999999999925e-02
1.427999999999999936e+01 -3.659380000000000271e-02
1.430000000000000071e+01 -2.816320000000000195e-03
1.432000000000000028e+01 9.689860000000000140e-02
1.433999999999999986e+01 1.895239999999999980e-01
1.435999999999999943e+01 1.890469999999999928e-01
1.438000000000000078e+01 1.495720000000000105e-01
1.440000000000000036e+01 1.583469999999999878e-01
1.441999999999999993e+01 1.874860000000000138e-01
1.443999999999999950e+01 1.588370000000000060e-01
1.446000000000000085e+01 7.080609999999999682e-02
1.448000000000000043e+01 -2.322799999999999865e-03
1.450000000000000000e+01 -2.489859999999999990e-02
1.451999999999999957e+01 -5.804630000000000206e-02
1.453999999999999915e+01 -1.432140000000000080e-01
1.456000000000000050e+01 -2.220900000000000096e-01
1.458000000000000007e+01 -2.615839999999999832e-01
1.459999999999999964e+01 -2.963779999999999748e-01
1.461999999999999922e+01 -3.189980000000000038e-01
1.464000000000000057e+01 -2.950690000000000257e-01
1.466000000000000014e+01 -2.356800000000000006e-01
1.467999999999999972e+01 -1.697079999999999977e-01
1.469999999999999929e+01 -9.966730000000000034e-02
1.472000000000000064e+01 -2.402330000000000090e-02
1.474000000000000021e+01 1.855570000000000136e-02
1.475999999999999979e+01 3.493950000000000007e-03
1.477999999999999936e+01 -3.172599999999999726e-02
1.480000000000000071e+01 -7.183779999999999333e-02
1.482000000000000028e+01 -1.228069999999999995e-01
1.483999999999999986e+01 -1.189800000000000024e-01
1.485999999999999943e+01 -8.845920000000000172e-03
1.488000000000000078e+01 1.156879999999999992e-01
1.490000000000000036e+01 1.411979999999999902e-01
1.491999999999999993e+01 1.090480000000000060e-01
1.493999999999999950e+01 1.100150000000000017e-01
1.496000000000000085e+01 1.200510000000000049e-01
1.498000000000000043e+01 9.787250000000000116e-02
1.500000000000000000e+01 7.059260000000000534e-02
1.501999999999999957e+01 4.837530000000000302e-02
1.503999999999999915e+01 4.209990000000000260e-02
1.506000000000000050e+01 7.790859999999999452e-02
1.508000000000000007e+01 9.907499999999999640e-02
1.509999999999999964e+01 5.449389999999999790e-02
1.511999999999999922e+01 1.762939999999999993e-02
1.514000000000000057e+01 4.111240000000000033e-02
1.516000000000000014e+01 6.307069999999999343e-02
1.517999999999999972e+01 3.981860000000000260e-02
1.519999999999999929e+01 8.882110000000000352e-03
1.522000000000000064e+01 -1.052190000000000070e-02
1.524000000000000021e+01 -4.503700000000000064e-02
1.525999999999999979e+01 -7.226620000000000266e-02
1.527999999999999936e+01 -5.132219999999999838e-02
1.530000000000000071e+01 -3.043200000000000072e-02
1.532000000000000028e+01 -5.068430000000000157e-02
1.533999999999999986e+01 -4.956769999999999926e-02
1.535999999999999943e+01 8.005639999999999631e-03
1.538000000000000078e+01 7.255820000000000325e-02
1.540000000000000036e+01 1.038339999999999957e-01
1.541999999999999993e+01 8.802390000000000214e-02
1.543999999999999950e+01 5.025469999999999937e-02
1.546000000000000085e+01 4.963460000000000094e-02
1.548000000000000043e+01 7.269430000000000336e-02
1.550000000000000000e+01 6.223580000000000084e-02
1.551999999999999957e+01 2.241550000000000140e-02
1.553999999999999915e+01 -2.627830000000000096e-02
1.556000000000000050e+01 -6.498940000000000272e-02
1.558000000000000007e+01 -7.308889999999999831e-02
1.559999999999999964e+01 -8.287479999999999847e-02
1.561999999999999922e+01 -1.090519999999999962e-01
1.564000000000000057e+01 -1.104440000000000005e-01
1.566000000000000014e+01 -8.843399999999999872e-02
1.567999999999999972e+01 -6.650090000000000168e-02
1.569999999999999929e+01 -4.384590000000000015e-02
1.572000000000000064e+01 -2.652780000000000069e-02
1.574000000000000021e+01 -5.415739999999999617e-03
1.575999999999999979e+01 3.562359999999999832e-02
1.577999999999999936e+01 8.372979999999999312e-02
1.580000000000000071e+01 9.229629999999999779e-02
1.582000000000000028e+01 7.714700000000000116e-04
1.583999999999999986e+01 -1.328040000000000054e-01
1.585999999999999943e+01 -1.637959999999999972e-01
1.588000000000000078e+01 -1.073370000000000019e-01
1.590000000000000036e+01 -5.973080000000000056e-02
1.591999999999999993e+01 -7.392359999999999730e-03
1.593999999999999950e+01 6.088550000000000212e-02
1.596000000000000085e+01 9.921080000000000176e-02
1.598000000000000043e+01 9.624620000000000397e-02
1.600000000000000000e+01 9.828580000000000649e-02
1.601999999999999957e+01 1.476639999999999897e-01
1.603999999999999915e+01 1.887790000000000024e-01
1.605999999999999872e+01 1.501619999999999899e-01
1.607999999999999829e+01 7.478509999999999325e-02
1.610000000000000142e+01 1.895890000000000075e-02
1.612000000000000099e+01 -8.730460000000000650e-03
1.614000000000000057e+01 9.530520000000000658e-03
1.616000000000000014e+01 5.747870000000000063e-02
1.617999999999999972e+01 8.811370000000000313e-02
1.619999999999999929e+01 8.026350000000000151e-02
1.621999999999999886e+01 2.534010000000000082e-02
1.623999999999999844e+01 -2.999040000000000039e-02
1.626000000000000156e+01 -7.207279999999999937e-03
1.628000000000000114e+01 5.745770000000000044e-02
1.630000000000000071e+01 6.567839999999999789e-02
1.632000000000000028e+01 2.156430000000000152e-02
1.633999999999999986e+01 -1.394680000000000052e-02
1.635999999999999943e+01 -3.343449999999999894e-02
1.637999999999999901e+01 -3.921410000000000173e-02
1.639999999999999858e+01 -3.678850000000000002e-03
1.642000000000000171e+01 5.415299999999999975e-02
1.644000000000000128e+01 7.103790000000000104e-02
1.646000000000000085e+01 3.386900000000000327e-02
1.648000000000000043e+01 -4.048389999999999801e-03
1.650000000000000000e+01 2.883909999999999946e-03
1.651999999999999957e+01 2.938819999999999974e-02
1.653999999999999915e+01 4.004189999999999833e-02
1.655999999999999872e+01 3.715360000000000190e-02
1.657999999999999829e+01 8.825799999999999965e-03
1.660000000000000142e+01 -4.030079999999999774e-02
1.662000000000000099e+01 -7.120250000000000190e-02
1.664000000000000057e+01 -7.207959999999999368e-02
1.666000000000000014e+01 -6.170839999999999659e-02
1.667999999999999972e+01 -7.334179999999999866e-02
1.669999999999999929e+01 -1.144919999999999966e-01
1.671999999999999886e+01 -1.546829999999999872e-01
1.673999999999999844e+01 -1.757410000000000083e-01
1.676000000000000156e+01 -1.640949999999999909e-01
1.678000000000000114e+01 -1.275000000000000022e-01
1.680000000000000071e+01 -1.046779999999999933e-01
1.682000000000000028e+01 -9.411360000000000559e-02
1.683999999999999986e+01 -7.506269999999999609e-02
1.685999999999999943e+01 -4.196339999999999792e-02
1.687999999999999901e+01 1.016479999999999988e-02
1.689999999999999858e+01 5.657480000000000148e-02
1.692000000000000171e+01 8.349040000000000628e-02
1.694000000000000128e+01 1.096580000000000055e-01
1.696000000000000085e+01 1.217440000000000050e-01
1.698000000000000043e+01 1.020630000000000009e-01
1.700000000000000000e+01 6.556919999999999416e-02
1.701999999999999957e+01 4.526199999999999668e-02
1.703999999999999915e+01 5.329430000000000278e-02
1.705999999999999872e+01 3.826580000000000259e-02
1.707999999999999829e+01 -1.190349999999999915e-02
1.710000000000000142e+01 -2.862440000000000123e-02
1.712000000000000099e+01 -1.920250000000000082e-03
1.714000000000000057e+01 1.485619999999999996e-02
1.716000000000000014e+01 -1.409039999999999945e-02
1.717999999999999972e+01 -8.198650000000000382e-02
1.719999999999999929e+01 -1.391429999999999889e-01
1.721999999999999886e+01 -1.512330000000000063e-01
1.723999999999999844e+01 -1.201890000000000042e-01
1.726000000000000156e+01 -6.516539999999999833e-02
1.728000000000000114e+01 1.859009999999999916e-03
1.730000000000000071e+01 8.775829999999999742e-02
1.732000000000000028e+01 1.385200000000000042e-01
1.733999999999999986e+01 1.054319999999999979e-01
1.735999999999999943e+01 6.236420000000000158e-02
1.737999999999999901e+01 5.330959999999999865e-02
1.739999999999999858e+01 4.498690000000000327e-02
1.742000000000000171e+01 2.614620000000000138e-02
1.744000000000000128e+01 -2.418839999999999879e-02
1.746000000000000085e+01 -8.111169999999999491e-02
1.748000000000000043e+01 -7.217060000000000142e-02
1.750000000000000000e+01 -2.249579999999999982e-02
1.751999999999999957e+01 8.403030000000000352e-04
1.753999999999999915e+01 -5.696230000000000043e-03
1.755999999999999872e+01 -2.257069999999999910e-02
1.757999999999999829e+01 -4.772189999999999765e-02
1.760000000000000142e+01 -8.122360000000000690e-02
1.762000000000000099e+01 -9.531729999999999370e-02
1.764000000000000057e+01 -6.904710000000000014e-02
1.766000000000000014e+01 -1.050240000000000028e-02
1.767999999999999972e+01 6.804530000000000300e-02
1.769999999999999929e+01 1.225649999999999934e-01
1.771999999999999886e+01 1.202079999999999954e-01
1.773999999999999844e+01 9.755170000000000508e-02
1.776000000000000156e+01 7.944379999999999498e-02
1.778000000000000114e+01 6.474270000000000025e-02
1.780000000000000071e+01 7.771930000000000505e-02
1.782000000000000028e+01 1.066480000000000067e-01
1.783999999999999986e+01 9.264880000000000337e-02
1.785999999999999943e+01 4.318629999999999691e-02
1.787999999999999901e+01 2.402059999999999959e-02
1.789999999999999858e+01 3.115609999999999907e-02
1.792000000000000171e+01 2.397760000000000169e-02
1.794000000000000128e+01 1.426520000000000045e-02
1.796000000000000085e+01 -1.018339999999999957e-03
1.798000000000000043e+01 -4.821009999999999879e-02
1.800000000000000000e+01 -1.005629999999999996e-01
1.801999999999999957e+01 -1.112979999999999942e-01
1.803999999999999915e+01 -7.139149999999999663e-02
1.805999999999999872e+01 -1.862449999999999870e-02
1.807999999999999829e+01 -2.644619999999999870e-03
1.810000000000000142e+01 -2.702359999999999832e-02
1.812000000000000099e+01 -5.426240000000000230e-02
1.814000000000000057e+01 -4.938259999999999872e-02
1.816000000000000014e+01 -2.066990000000000147e-02
1.817999999999999972e+01 -5.158410000000000425e-03
1.819999999999999929e+01 -4.558360000000000016e-03
1.821999999999999886e+01 -1.456870000000000040e-02
1.823999999999999844e+01 -5.516139999999999932e-02
1.826000000000000156e+01 -1.149609999999999937e-01
1.828000000000000114e+01 -1.475080000000000002e-01
1.830000000000000071e+01 -1.138890000000000041e-01
1.832000000000000028e+01 -4.444780000000000258e-02
1.833999999999999986e+01 -1.655819999999999861e-02
1.835999999999999943e+01 -1.053250000000000020e-02
1.837999999999999901e+01 3.641500000000000292e-02
1.839999999999999858e+01 8.888590000000000380e-02
1.842000000000000171e+01 1.032440000000000024e-01
1.844000000000000128e+01 9.416130000000000333e-02
1.846000000000000085e+01 8.774270000000000680e-02
1.848000000000000043e+01 8.962530000000000496e-02
1.850000000000000000e+01 6.068140000000000339e-02
1.851999999999999957e+01 5.086140000000000279e-03
1.853999999999999915e+01 -7.363360000000000218e-03
1.855999999999999872e+01 8.985570000000000015e-03
1.857999999999999829e+01 -5.745100000000000380e-03
1.860000000000000142e+01 -2.530639999999999973e-02
1.862000000000000099e+01 -7.106610000000000184e-03
1.864000000000000057e+01 3.241419999999999718e-02
1.866000000000000014e+01 5.298699999999999938e-02
1.867999999999999972e+01 3.721669999999999839e-02
1.869999999999999929e+01 4.555469999999999832e-03
1.871999999999999886e+01 -2.698100000000000151e-02
1.873999999999999844e+01 -6.103410000000000085e-02
1.876000000000000156e+01 -8.599170000000000424e-02
1.878000000000000114e+01 -8.078180000000000083e-02
1.880000000000000071e+01 -6.825779999999999348e-02
1.882000000000000028e+01 -7.745970000000000633e-02
1.883999999999999986e+01 -6.228149999999999659e-02
1.885999999999999943e+01 1.766660000000000105e-02
1.887999999999999901e+01 8.966929999999999346e-02
1.889999999999999858e+01 8.347359999999999502e-02
1.892000000000000171e+01 5.713549999999999879e-02
1.894000000000000128e+01 8.290450000000000597e-02
1.896000000000000085e+01 1.119919999999999943e-01
1.898000000000000043e+01 7.309200000000000419e-02
1.900000000000000000e+01 5.701669999999999829e-03
1.901999999999999957e+01 -2.432569999999999871e-02
1.903999999999999915e+01 -2.718399999999999983e-02
1.905999999999999872e+01 -3.244940000000000324e-02
1.907999999999999829e+01 -4.128239999999999688e-02
1.910000000000000142e+01 -4.862450000000000105e-02
1.912000000000000099e+01 -5.211210000000000148e-02
1.914000000000000057e+01 -4.432139999999999691e-02
1.916000000000000014e+01 -2.287300000000000097e-02
1.917999999999999972e+01 -2.361840000000000033e-03
1.919999999999999929e+01 1.205819999999999982e-02
1.921999999999999886e+01 2.162999999999999992e-02
1.923999999999999844e+01 9.716380000000000156e-03
1.926000000000000156e+01 -1.490080000000000050e-02
1.928000000000000114e+01 -2.025290000000000076e-02
1.930000000000000071e+01 -7.212650000000000138e-03
1.932000000000000028e+01 1.383689999999999920e-02
1.933999999999999986e+01 4.327650000000000247e-02
1.935999999999999943e+01 5.653899999999999898e-02
1.937999999999999901e+01 2.273400000000000074e-02
1.939999999999999858e+01 -2.736720000000000125e-02
1.942000000000000171e+01 -3.360149999999999942e-02
1.944000000000000128e+01 -9.328039999999999249e-03
1.946000000000000085e+01 -3.407229999999999807e-03
1.948000000000000043e+01 -1.007869999999999946e-02
1.950000000000000000e+01 -1.111660000000000079e-02
1.951999999999999957e+01 -1.378590000000000024e-02
1.953999999999999915e+01 -2.611039999999999889e-02
1.955999999999999872e+01 -5.461329999999999657e-02
1.957999999999999829e+01 -8.026350000000000151e-02
1.960000000000000142e+01 -5.803950000000000081e-02
1.962000000000000099e+01 4.908729999999999604e-04
1.964000000000000057e+01 2.887330000000000105e-02
1.966000000000000014e+01 1.293230000000000074e-02
1.967999999999999972e+01 -4.745329999999999861e-03
1.969999999999999929e+01 -5.833539999999999906e-03
1.971999999999999886e+01 -5.147410000000000239e-05
1.973999999999999844e+01 1.807920000000000013e-02
1.976000000000000156e+01 5.002560000000000340e-02
1.978000000000000114e+01 6.798769999999999814e-02
1.980000000000000071e+01 6.798940000000000539e-02
1.982000000000000028e+01 6.545579999999999454e-02
1.983999999999999986e+01 3.507310000000000288e-02
1.985999999999999943e+01 -2.061529999999999960e-02
1.987999999999999901e+01 -3.560100000000000070e-02
1.989999999999999858e+01 9.731200000000000613e-03
1.992000000000000171e+01 5.847759999999999764e-02
1.994000000000000128e+01 6.044940000000000035e-02
1.996000000000000085e+01 3.408220000000000000e-02
1.998000000000000043e+01 2.078230000000000008e-02
2.000000000000000000e+01 9.872870000000000604e-03
2.001999999999999957e+01 -6.509649999999999638e-03
2.003999999999999915e+01 6.189179999999999855e-03
2.005999999999999872e+01 4.844439999999999857e-02
2.007999999999999829e+01 7.779869999999999841e-02
2.010000000000000142e+01 7.802330000000000376e-02
2.012000000000000099e+01 8.325119999999999743e-02
2.014000000000000057e+01 1.089439999999999992e-01
2.016000000000000014e+01 1.264790000000000081e-01
2.017999999999999972e+01 1.143089999999999939e-01
2.019999999999999929e+01 7.612140000000000573e-02
2.021999999999999886e+01 3.220379999999999771e-02
2.023999999999999844e+01 -2.376290000000000086e-03
2.026000000000000156e+01 -3.081829999999999986e-02
2.028000000000000114e+01 -5.255939999999999918e-02
2.030000000000000071e+01 -6.648220000000000518e-02
2.032000000000000028e+01 -8.496940000000000048e-02
2.033999999999999986e+01 -1.088299999999999962e-01
2.035999999999999943e+01 -1.319700000000000040e-01
2.037999999999999901e+01 -1.485670000000000046e-01
2.039999999999999858e+01 -1.425949999999999995e-01
2.042000000000000171e+01 -1.136810000000000043e-01
2.044000000000000128e+01 -8.108750000000000679e-02
2.046000000000000085e+01 -5.550490000000000285e-02
2.048000000000000043e+01 -4.115810000000000302e-02
2.050000000000000000e+01 -4.246169999999999806e-02
2.051999999999999957e+01 -5.042649999999999910e-02
2.053999999999999915e+01 -4.563040000000000151e-02
2.055999999999999872e+01 -2.426609999999999878e-02
2.057999999999999829e+01 -1.365190000000000067e-03
2.060000000000000142e+01 1.411470000000000086e-02
2.062000000000000099e+01 2.556320000000000120e-02
2.064000000000000057e+01 3.377020000000000022e-02
2.066000000000000014e+01 3.514779999999999988e-02
2.067999999999999972e+01 3.005069999999999963e-02
2.069999999999999929e+01 2.305669999999999942e-02
2.071999999999999886e+01 1.913509999999999864e-02
2.073999999999999844e+01 1.892009999999999872e-02
2.076000000000000156e+01 1.847719999999999918e-02
2.078000000000000114e+01 1.598339999999999830e-02
2.080000000000000071e+01 1.264009999999999960e-02
2.082000000000000028e+01 9.740989999999999718e-03
2.083999999999999986e+01 7.794610000000000427e-03
2.085999999999999943e+01 6.028310000000000266e-03
2.087999999999999901e+01 4.532369999999999975e-03
2.089999999999999858e+01 4.133730000000000390e-03
2.092000000000000171e+01 4.283600000000000255e-03
2.094000000000000128e+01 4.472000000000000280e-03
2.096000000000000085e+01 4.697589999999999752e-03
2.098000000000000043e+01 4.653159999999999935e-03
2.100000000000000000e+01 4.352579999999999991e-03
2.101999999999999957e+01 4.066980000000000421e-03
2.103999999999999915e+01 3.786970000000000180e-03
2.105999999999999872e+01 3.469709999999999982e-03
2.107999999999999829e+01 3.172990000000000099e-03
2.110000000000000142e+01 2.874480000000000004e-03
2.112000000000000099e+01 2.542729999999999990e-03
2.114000000000000057e+01 2.193500000000000137e-03
2.116000000000000014e+01 1.847700000000000080e-03
2.117999999999999972e+01 1.511889999999999892e-03
